2 0.8653645833333333 0.5935185185185186 0.07552083333333333 0.0962962962962963
3 0.47708333333333336 0.7444444444444445 0.11458333333333333 0.26481481481481484
2 0.28958333333333336 0.6064814814814815 0.228125 0.22037037037037038
3 0.16119791666666666 0.6291666666666667 0.059895833333333336 0.11944444444444445
2 0.61953125 0.5537037037037037 0.03177083333333333 0.046296296296296294
3 0.55546875 0.6032407407407407 0.030729166666666665 0.08055555555555556
3 0.5934895833333333 0.5777777777777777 0.016145833333333335 0.06296296296296296
3 0.675 0.6342592592592593 0.03854166666666667 0.0962962962962963
0 0.49505208333333334 0.6365740740740741 0.08072916666666667 0.275
0 0.44583333333333336 0.5712962962962963 0.03229166666666667 0.09444444444444444
