3 0.05572916666666667 0.6337962962962963 0.11145833333333334 0.1287037037037037
3 0.3645833333333333 0.6263888888888889 0.06354166666666666 0.1175925925925926
2 0.8010416666666667 0.5884259259259259 0.07916666666666666 0.07314814814814814
2 0.4166666666666667 0.5606481481481481 0.046875 0.08425925925925926
3 0.4703125 0.6657407407407407 0.07916666666666666 0.1685185185185185
3 0.6395833333333333 0.6416666666666667 0.036458333333333336 0.08888888888888889
2 0.45755208333333336 0.5777777777777777 0.0796875 0.10925925925925926
2 0.44453125 0.5745370370370371 0.05260416666666667 0.10277777777777777
0 0.9424479166666667 0.5856481481481481 0.021354166666666667 0.09351851851851851
0 0.9669270833333333 0.5990740740740741 0.0203125 0.10925925925925926
0 0.36822916666666666 0.5893518518518519 0.04895833333333333 0.14351851851851852
0 0.04791666666666667 0.5986111111111111 0.06875 0.14537037037037037
0 0.47604166666666664 0.6064814814814815 0.06041666666666667 0.16666666666666666
0 0.6401041666666667 0.5833333333333334 0.026041666666666668 0.0962962962962963
0 0.63203125 0.5916666666666667 0.0328125 0.11481481481481481
0 0.46901041666666665 0.6199074074074075 0.07447916666666667 0.1935185185185185
0 0.48020833333333335 0.5819444444444445 0.04895833333333333 0.11944444444444445
