2 0.7984375 0.5837962962962963 0.078125 0.075
3 0.08828125 0.7773148148148148 0.1765625 0.325
2 0.43828125 0.5532407407407407 0.044270833333333336 0.0712962962962963
2 0.49114583333333334 0.5606481481481481 0.058333333333333334 0.08796296296296297
3 0.35651041666666666 0.6148148148148148 0.0609375 0.11481481481481481
3 0.5875 0.6208333333333333 0.034375 0.09351851851851851
3 0.65390625 0.5990740740740741 0.021354166666666667 0.05740740740740741
3 0.18020833333333333 0.6944444444444444 0.06145833333333333 0.15
3 0.5236979166666667 0.5958333333333333 0.024479166666666666 0.06944444444444445
0 0.06197916666666667 0.6824074074074075 0.12395833333333334 0.45925925925925926
0 0.13177083333333334 0.6430555555555556 0.084375 0.3712962962962963
0 0.35651041666666666 0.5787037037037037 0.0453125 0.13703703703703704
0 0.5869791666666667 0.5800925925925926 0.03333333333333333 0.1175925925925926
0 0.9809895833333333 0.5851851851851851 0.0171875 0.08333333333333333
0 0.6533854166666667 0.5782407407407407 0.0234375 0.09351851851851851
0 0.5247395833333334 0.5782407407407407 0.028645833333333332 0.09907407407407408
0 0.1609375 0.5611111111111111 0.034375 0.12777777777777777
0 0.94609375 0.5851851851851851 0.016145833333333335 0.08148148148148149
