2 0.8018229166666667 0.5879629629629629 0.0796875 0.07407407407407407
3 0.09739583333333333 0.6166666666666667 0.09895833333333333 0.14814814814814814
3 0.38723958333333336 0.6203703703703703 0.0578125 0.11481481481481481
3 0.48880208333333336 0.6611111111111111 0.06822916666666666 0.15555555555555556
2 0.45755208333333336 0.5763888888888888 0.0671875 0.10833333333333334
3 0.6416666666666667 0.6314814814814815 0.034375 0.09259259259259259
2 0.42604166666666665 0.5444444444444444 0.03958333333333333 0.05185185185185185
1 0.3875 0.625462962962963 0.057291666666666664 0.10648148148148148
3 0.0296875 0.687037037037037 0.059375 0.1685185185185185
0 0.9416666666666667 0.5837962962962963 0.019791666666666666 0.09351851851851851
0 0.3890625 0.5875 0.04791666666666667 0.1398148148148148
0 0.96796875 0.5958333333333333 0.0171875 0.10462962962962963
0 0.4864583333333333 0.5953703703703703 0.06145833333333333 0.1425925925925926
0 0.6380208333333334 0.5902777777777778 0.034375 0.10648148148148148
0 0.09244791666666667 0.5796296296296296 0.0640625 0.15555555555555556
0 0.10520833333333333 0.5805555555555556 0.0375 0.1574074074074074
0 0.9919270833333333 0.5907407407407408 0.015104166666666667 0.08888888888888889
