2 0.2552083333333333 0.6615740740740741 0.34791666666666665 0.29907407407407405
2 0.80078125 0.5740740740740741 0.07864583333333333 0.07222222222222222
3 0.0875 0.8189814814814815 0.175 0.3509259259259259
3 0.62421875 0.6134259259259259 0.0328125 0.09351851851851851
2 0.43802083333333336 0.537962962962963 0.03229166666666667 0.05
2 0.484375 0.5439814814814815 0.041666666666666664 0.06944444444444445
3 0.5104166666666666 0.600462962962963 0.022916666666666665 0.05462962962962963
2 0.5317708333333333 0.5453703703703704 0.030208333333333334 0.06111111111111111
0 0.04114583333333333 0.700462962962963 0.08229166666666667 0.5768518518518518
0 0.63203125 0.5949074074074074 0.018229166666666668 0.08611111111111111
0 0.9401041666666666 0.5731481481481482 0.014583333333333334 0.07777777777777778
