2 0.80234375 0.5736111111111111 0.07864583333333333 0.0712962962962963
3 0.11640625 0.6263888888888889 0.09947916666666666 0.11944444444444445
3 0.20390625 0.6833333333333333 0.1265625 0.2
2 0.5838541666666667 0.5805555555555556 0.07708333333333334 0.10555555555555556
3 0.30625 0.6226851851851852 0.06666666666666667 0.12129629629629629
2 0.48854166666666665 0.5574074074074075 0.05625 0.07962962962962963
3 0.020833333333333332 0.6509259259259259 0.041666666666666664 0.13333333333333333
3 0.6046875 0.6476851851851851 0.0375 0.10648148148148148
2 0.30572916666666666 0.5694444444444444 0.11979166666666667 0.10740740740740741
3 0.68828125 0.6064814814814815 0.028645833333333332 0.06666666666666667
3 0.44114583333333335 0.5879629629629629 0.034375 0.08518518518518518
2 0.5713541666666667 0.5796296296296296 0.052083333333333336 0.10185185185185185
0 0.11692708333333333 0.5819444444444445 0.0578125 0.15833333333333333
0 0.6875 0.5782407407407407 0.029166666666666667 0.10277777777777777
0 0.61328125 0.5949074074074074 0.027604166666666666 0.14351851851851852
0 0.8921875 0.5671296296296297 0.019791666666666666 0.08425925925925926
0 0.20598958333333334 0.6189814814814815 0.06197916666666667 0.2490740740740741
0 0.6028645833333334 0.5916666666666667 0.043229166666666666 0.13518518518518519
0 0.22109375 0.6148148148148148 0.09010416666666667 0.2518518518518518
0 0.6309895833333333 0.5694444444444444 0.015104166666666667 0.05185185185185185
0 0.44192708333333336 0.5847222222222223 0.0359375 0.08796296296296297
