2 0.3106770833333333 0.5912037037037037 0.1359375 0.12314814814814815
2 0.85234375 0.586574074074074 0.07447916666666667 0.08611111111111111
2 0.496875 0.575462962962963 0.08645833333333333 0.11574074074074074
3 0.71015625 0.6231481481481481 0.030729166666666665 0.07962962962962963
2 0.38359375 0.5421296296296296 0.0328125 0.03796296296296296
3 0.01640625 0.65 0.0328125 0.10555555555555556
2 0.5901041666666667 0.5675925925925925 0.029166666666666667 0.05740740740740741
0 0.70703125 0.5888888888888889 0.03697916666666667 0.0962962962962963
0 0.44036458333333334 0.5662037037037037 0.016145833333333335 0.06944444444444445
0 0.7046875 0.5680555555555555 0.028125 0.05462962962962963
0 0.7036458333333333 0.5782407407407407 0.034375 0.0712962962962963
