2 0.5184895833333333 0.5745370370370371 0.0578125 0.09351851851851851
3 0.4388020833333333 0.6777777777777778 0.08177083333333333 0.17777777777777778
3 0.26223958333333336 0.6111111111111112 0.0484375 0.08703703703703704
2 0.40260416666666665 0.5805555555555556 0.065625 0.08703703703703704
2 0.8348958333333333 0.5958333333333333 0.07083333333333333 0.08055555555555556
3 0.7041666666666667 0.600925925925926 0.021875 0.06296296296296296
2 0.36640625 0.5486111111111112 0.0328125 0.03425925925925926
0 0.4471354166666667 0.6189814814814815 0.0671875 0.19537037037037036
0 0.7033854166666667 0.5953703703703703 0.022395833333333334 0.06296296296296296
0 0.9916666666666667 0.5939814814814814 0.015625 0.10462962962962963
