2 0.7984375 0.6546296296296297 0.07708333333333334 0.07592592592592592
2 0.42265625 0.6412037037037037 0.05364583333333333 0.07685185185185185
3 0.33828125 0.7092592592592593 0.06614583333333333 0.13333333333333333
2 0.49609375 0.6453703703703704 0.05572916666666667 0.08518518518518518
3 0.5979166666666667 0.7217592592592592 0.041666666666666664 0.11574074074074074
2 0.4591145833333333 0.6263888888888889 0.027604166666666666 0.049074074074074076
3 0.55078125 0.6930555555555555 0.025520833333333333 0.0787037037037037
0 0.59375 0.6773148148148148 0.041666666666666664 0.13425925925925927
0 0.8419270833333333 0.6472222222222223 0.015104166666666667 0.06111111111111111
0 0.5513020833333333 0.6796296296296296 0.027604166666666666 0.10185185185185185
0 0.8591145833333333 0.6523148148148148 0.0171875 0.07685185185185185
0 0.8674479166666667 0.6476851851851851 0.015104166666666667 0.07314814814814814
0 0.8705729166666667 0.6486111111111111 0.013020833333333334 0.07314814814814814
0 0.6411458333333333 0.6550925925925926 0.017708333333333333 0.058333333333333334
