2 0.0875 0.6217592592592592 0.175 0.19166666666666668
2 0.8638020833333333 0.5912037037037037 0.07239583333333334 0.09351851851851851
2 0.42161458333333335 0.5861111111111111 0.1453125 0.1648148148148148
3 0.64765625 0.6768518518518518 0.050520833333333334 0.13148148148148148
2 0.60703125 0.5550925925925926 0.030729166666666665 0.049074074074074076
2 0.35208333333333336 0.537962962962963 0.034375 0.040740740740740744
3 0.5830729166666667 0.5833333333333334 0.025520833333333333 0.06666666666666667
5 0.50234375 0.5222222222222223 0.03697916666666667 0.1037037037037037
0 0.6466145833333333 0.6203703703703703 0.05572916666666667 0.1574074074074074
0 0.6463541666666667 0.5731481481481482 0.05416666666666667 0.08518518518518518
