3 0.6440104166666667 0.7111111111111111 0.03802083333333333 0.11666666666666667
3 0.51484375 0.6754629629629629 0.043229166666666666 0.09166666666666666
3 0.21588541666666666 0.6513888888888889 0.05572916666666667 0.08981481481481482
2 0.7833333333333333 0.6662037037037037 0.078125 0.075
2 0.47604166666666664 0.6138888888888889 0.0375 0.053703703703703705
7 0.31328125 0.6291666666666667 0.1234375 0.16574074074074074
2 0.5583333333333333 0.6222222222222222 0.021875 0.03333333333333333
0 0.21197916666666666 0.6194444444444445 0.040625 0.13148148148148148
0 0.640625 0.6643518518518519 0.04479166666666667 0.1361111111111111
0 0.8268229166666666 0.6625 0.0203125 0.075
0 0.4356770833333333 0.6291666666666667 0.021354166666666667 0.06388888888888888
