3 0.3893229166666667 0.7611111111111111 0.1515625 0.29074074074074074
2 0.8005208333333333 0.5745370370370371 0.07916666666666666 0.0712962962962963
3 0.0328125 0.6648148148148149 0.065625 0.16296296296296298
2 0.47291666666666665 0.6143518518518518 0.08020833333333334 0.17685185185185184
3 0.6377604166666667 0.6 0.027604166666666666 0.07592592592592592
2 0.39166666666666666 0.6273148148148148 0.23645833333333333 0.19907407407407407
2 0.32760416666666664 0.6356481481481482 0.109375 0.18796296296296297
3 0.5322916666666667 0.5907407407407408 0.019791666666666666 0.053703703703703705
2 0.5494791666666666 0.5402777777777777 0.019791666666666666 0.03611111111111111
0 0.38984375 0.6388888888888888 0.10260416666666666 0.34814814814814815
0 0.027083333333333334 0.5856481481481481 0.05416666666666667 0.19537037037037036
0 0.6388020833333333 0.5944444444444444 0.028645833333333332 0.07962962962962963
