2 0.09375 0.6129629629629629 0.1875 0.2574074074074074
2 0.6067708333333334 0.5685185185185185 0.05625 0.07962962962962963
2 0.8020833333333334 0.5745370370370371 0.078125 0.06944444444444445
3 0.421875 0.6546296296296297 0.08125 0.1574074074074074
3 0.22552083333333334 0.6111111111111112 0.05625 0.09259259259259259
3 0.3106770833333333 0.6101851851851852 0.0578125 0.1037037037037037
3 0.5026041666666666 0.6106481481481482 0.034375 0.08611111111111111
3 0.66875 0.5935185185185186 0.021875 0.07222222222222222
3 0.6901041666666666 0.586574074074074 0.016666666666666666 0.04351851851851852
0 0.41640625 0.5935185185185186 0.0703125 0.18703703703703703
0 0.22682291666666668 0.5740740740740741 0.04635416666666667 0.12222222222222222
0 0.5046875 0.5768518518518518 0.034375 0.10185185185185185
0 0.31484375 0.5842592592592593 0.04010416666666667 0.13148148148148148
0 0.5197916666666667 0.5703703703703704 0.030208333333333334 0.0962962962962963
0 0.3541666666666667 0.5921296296296297 0.023958333333333335 0.0787037037037037
0 0.30755208333333334 0.5842592592592593 0.0421875 0.13333333333333333
0 0.49947916666666664 0.5847222222222223 0.03958333333333333 0.10648148148148148
0 0.225 0.5726851851851852 0.030208333333333334 0.1175925925925926
