2 0.8635416666666667 0.5935185185185186 0.078125 0.09814814814814815
2 0.22421875 0.6157407407407407 0.26927083333333335 0.2462962962962963
3 0.36822916666666666 0.8 0.18125 0.3296296296296296
3 0.04973958333333333 0.6462962962962963 0.09947916666666666 0.13518518518518519
3 0.5393229166666667 0.6111111111111112 0.03177083333333333 0.08333333333333333
2 0.4596354166666667 0.5652777777777778 0.050520833333333334 0.07685185185185185
2 0.62421875 0.5537037037037037 0.028645833333333332 0.04814814814814815
3 0.6578125 0.6467592592592593 0.042708333333333334 0.10648148148148148
0 0.3932291666666667 0.6712962962962963 0.08958333333333333 0.3685185185185185
0 0.05390625 0.5986111111111111 0.0671875 0.18055555555555555
0 0.34869791666666666 0.7476851851851852 0.0796875 0.2712962962962963
0 0.5359375 0.5958333333333333 0.026041666666666668 0.09722222222222222
0 0.06276041666666667 0.5995370370370371 0.04635416666666667 0.1787037037037037
