2 0.7973958333333333 0.6564814814814814 0.08020833333333334 0.07592592592592592
2 0.4986979166666667 0.6453703703703704 0.05364583333333333 0.08148148148148149
3 0.39453125 0.700925925925926 0.05260416666666667 0.10925925925925926
2 0.42734375 0.6439814814814815 0.0484375 0.07314814814814814
3 0.6138020833333333 0.7111111111111111 0.033854166666666664 0.1037037037037037
2 0.4596354166666667 0.6328703703703704 0.0265625 0.03981481481481482
3 0.5684895833333333 0.6888888888888889 0.0234375 0.07222222222222222
2 0.34401041666666665 0.624537037037037 0.03177083333333333 0.03425925925925926
2 0.3138020833333333 0.6217592592592592 0.030729166666666665 0.032407407407407406
0 0.01796875 0.6787037037037037 0.0359375 0.16666666666666666
0 0.6106770833333334 0.6694444444444444 0.03697916666666667 0.10925925925925926
0 0.85625 0.6486111111111111 0.016666666666666666 0.075
