2 0.2942708333333333 0.5907407407407408 0.13229166666666667 0.13518518518518519
3 0.5630208333333333 0.6407407407407407 0.041666666666666664 0.1
2 0.8020833333333334 0.5875 0.078125 0.0712962962962963
2 0.3966145833333333 0.5967592592592592 0.1328125 0.14537037037037037
3 0.6044270833333333 0.5990740740740741 0.0265625 0.06111111111111111
3 0.6484375 0.5777777777777777 0.022916666666666665 0.05
5 0.5385416666666667 0.537962962962963 0.08020833333333334 0.11851851851851852
3 0.49375 0.5939814814814814 0.019791666666666666 0.06388888888888888
0 0.49322916666666666 0.5930555555555556 0.021875 0.06574074074074074
0 0.5609375 0.5986111111111111 0.03854166666666667 0.15648148148148147
0 0.8927083333333333 0.5814814814814815 0.014583333333333334 0.07037037037037037
