2 0.24296875 0.5990740740740741 0.17552083333333332 0.13703703703703704
2 0.85703125 0.587037037037037 0.0734375 0.08888888888888889
2 0.478125 0.5800925925925926 0.1 0.12685185185185185
3 0.7 0.6388888888888888 0.030208333333333334 0.09444444444444444
2 0.34427083333333336 0.5347222222222222 0.03333333333333333 0.030555555555555555
2 0.38046875 0.5393518518518519 0.03697916666666667 0.041666666666666664
3 0.5911458333333334 0.5810185185185185 0.021875 0.04537037037037037
2 0.37838541666666664 0.5435185185185185 0.028645833333333332 0.03333333333333333
0 0.6979166666666666 0.6194444444444445 0.03333333333333333 0.08888888888888889
0 0.7 0.5967592592592592 0.036458333333333336 0.10092592592592593
0 0.69609375 0.5902777777777778 0.028645833333333332 0.0824074074074074
