2 0.21067708333333332 0.6060185185185185 0.19114583333333332 0.16018518518518518
2 0.48151041666666666 0.5837962962962963 0.07552083333333333 0.10092592592592593
3 0.396875 0.6472222222222223 0.052083333333333336 0.11666666666666667
3 0.91484375 0.7620370370370371 0.0671875 0.1648148148148148
2 0.5479166666666667 0.575462962962963 0.0375 0.049074074074074076
2 0.32708333333333334 0.5592592592592592 0.034375 0.03333333333333333
3 0.58125 0.6166666666666667 0.025 0.06851851851851852
3 0.9184895833333333 0.7476851851851852 0.08385416666666666 0.18796296296296297
2 0.740625 0.600925925925926 0.03229166666666667 0.046296296296296294
2 0.32317708333333334 0.5625 0.043229166666666666 0.03981481481481482
3 0.5770833333333333 0.611574074074074 0.03854166666666667 0.06944444444444445
0 0.92421875 0.6851851851851852 0.1046875 0.28888888888888886
0 0.3927083333333333 0.6037037037037037 0.04479166666666667 0.14814814814814814
0 0.5802083333333333 0.5935185185185186 0.027083333333333334 0.09074074074074075
0 0.8276041666666667 0.5958333333333333 0.015625 0.06759259259259259
0 0.8799479166666667 0.6013888888888889 0.016145833333333335 0.06388888888888888
