2 0.8630208333333333 0.5935185185185186 0.078125 0.09814814814814815
3 0.353125 0.8106481481481481 0.18854166666666666 0.33240740740740743
2 0.21197916666666666 0.6157407407407407 0.28020833333333334 0.2518518518518518
2 0.45625 0.5662037037037037 0.051041666666666666 0.07685185185185185
3 0.6559895833333333 0.6462962962962963 0.044270833333333336 0.11296296296296296
2 0.4125 0.5726851851851852 0.06145833333333333 0.11574074074074074
2 0.6239583333333333 0.5541666666666667 0.030208333333333334 0.04722222222222222
3 0.5361979166666667 0.612037037037037 0.028645833333333332 0.08333333333333333
3 0.04505208333333333 0.649537037037037 0.09010416666666667 0.1398148148148148
0 0.37552083333333336 0.6805555555555556 0.09895833333333333 0.3962962962962963
0 0.6536458333333334 0.6023148148148149 0.046875 0.15462962962962962
0 0.65234375 0.5722222222222222 0.044270833333333336 0.09814814814814815
0 0.53359375 0.600462962962963 0.028645833333333332 0.09166666666666666
0 0.5947916666666667 0.5800925925925926 0.01875 0.06759259259259259
0 0.64921875 0.5648148148148148 0.0390625 0.07592592592592592
0 0.5390625 0.5912037037037037 0.030208333333333334 0.08981481481481482
