3 0.07630208333333334 0.6310185185185185 0.10677083333333333 0.12685185185185185
3 0.37604166666666666 0.6240740740740741 0.058333333333333334 0.11666666666666667
2 0.80078125 0.5879629629629629 0.07864583333333333 0.07407407407407407
2 0.42135416666666664 0.5597222222222222 0.042708333333333334 0.0824074074074074
3 0.48020833333333335 0.6675925925925926 0.07291666666666667 0.1537037037037037
2 0.44973958333333336 0.5773148148148148 0.058854166666666666 0.11018518518518519
3 0.6411458333333333 0.6356481481481482 0.03333333333333333 0.08796296296296297
3 0.012239583333333333 0.6680555555555555 0.024479166666666666 0.21574074074074073
2 0.4671875 0.5768518518518518 0.09270833333333334 0.1111111111111111
0 0.3809895833333333 0.5842592592592593 0.04114583333333333 0.14444444444444443
0 0.9421875 0.5851851851851851 0.020833333333333332 0.09259259259259259
0 0.4786458333333333 0.6236111111111111 0.07083333333333333 0.19907407407407407
0 0.9684895833333333 0.5967592592592592 0.0171875 0.10092592592592593
0 0.48385416666666664 0.6027777777777777 0.05520833333333333 0.15925925925925927
0 0.07083333333333333 0.5851851851851851 0.06041666666666667 0.14444444444444443
0 0.6354166666666666 0.5916666666666667 0.03229166666666667 0.11851851851851852
0 0.07942708333333333 0.5893518518518519 0.04635416666666667 0.14166666666666666
0 0.96640625 0.6 0.0234375 0.10925925925925926
0 0.48463541666666665 0.5805555555555556 0.03802083333333333 0.11851851851851852
