2 0.24296875 0.6050925925925926 0.21614583333333334 0.20277777777777778
2 0.10807291666666667 0.5972222222222222 0.21614583333333334 0.18518518518518517
3 0.3609375 0.6828703703703703 0.10416666666666667 0.18611111111111112
2 0.8010416666666667 0.5787037037037037 0.07708333333333334 0.07222222222222222
2 0.6088541666666667 0.5648148148148148 0.04583333333333333 0.06666666666666667
3 0.5638020833333334 0.6125 0.0390625 0.10277777777777777
2 0.49453125 0.5550925925925926 0.03177083333333333 0.05092592592592592
3 0.4158854166666667 0.5939814814814814 0.03177083333333333 0.08055555555555556
3 0.5174479166666667 0.5791666666666667 0.024479166666666666 0.05462962962962963
0 0.6690104166666667 0.5787037037037037 0.021354166666666667 0.06296296296296296
0 0.5622395833333333 0.5819444444444445 0.0390625 0.12314814814814815
0 0.35651041666666666 0.6157407407407407 0.07864583333333333 0.2351851851851852
0 0.878125 0.5689814814814815 0.016666666666666666 0.08055555555555556
0 0.8924479166666667 0.575 0.013020833333333334 0.06666666666666667
