2 0.41692708333333334 0.6319444444444444 0.06197916666666667 0.08425925925925926
2 0.8005208333333333 0.6449074074074074 0.078125 0.07314814814814814
3 0.23255208333333333 0.7277777777777777 0.0984375 0.14074074074074075
2 0.48802083333333335 0.6333333333333333 0.058333333333333334 0.08888888888888889
2 0.3138020833333333 0.6037037037037037 0.0328125 0.037037037037037035
3 0.5619791666666667 0.7305555555555555 0.053125 0.13518518518518519
2 0.45729166666666665 0.6236111111111111 0.028125 0.03611111111111111
2 0.3111979166666667 0.6087962962962963 0.03802083333333333 0.03981481481481482
2 0.35625 0.612037037037037 0.028125 0.03333333333333333
0 0.5526041666666667 0.6796296296296296 0.052083333333333336 0.17962962962962964
0 0.23463541666666668 0.6782407407407407 0.033854166666666664 0.15833333333333333
0 0.2203125 0.6796296296296296 0.0625 0.16666666666666666
0 0.8658854166666666 0.6356481481481482 0.016145833333333335 0.075
0 0.5171875 0.674537037037037 0.028125 0.1175925925925926
0 0.846875 0.6388888888888888 0.0125 0.06111111111111111
0 0.6080729166666666 0.6305555555555555 0.013020833333333334 0.046296296296296294
