2 0.07421875 0.6148148148148148 0.1484375 0.17592592592592593
2 0.41119791666666666 0.5888888888888889 0.15052083333333333 0.16666666666666666
2 0.8640625 0.5916666666666667 0.07291666666666667 0.09259259259259259
3 0.63828125 0.6777777777777778 0.05572916666666667 0.14629629629629629
3 0.5822916666666667 0.587037037037037 0.026041666666666668 0.06666666666666667
2 0.6072916666666667 0.5583333333333333 0.03333333333333333 0.05740740740740741
2 0.3502604166666667 0.5356481481481481 0.03177083333333333 0.03796296296296296
3 0.6380208333333334 0.6944444444444444 0.04791666666666667 0.11481481481481481
5 0.5018229166666667 0.5208333333333334 0.03802083333333333 0.09907407407407408
0 0.6388020833333333 0.6175925925925926 0.059895833333333336 0.15555555555555556
0 0.6390625 0.5930555555555556 0.059375 0.10277777777777777
