3 0.6520833333333333 0.7041666666666667 0.036458333333333336 0.11018518518518519
7 0.34739583333333335 0.6263888888888889 0.146875 0.1638888888888889
2 0.7825520833333334 0.663425925925926 0.07864583333333333 0.0787037037037037
3 0.5270833333333333 0.6699074074074074 0.03854166666666667 0.09166666666666666
2 0.47734375 0.6134259259259259 0.04114583333333333 0.05648148148148148
3 0.24895833333333334 0.6458333333333334 0.05 0.08796296296296297
2 0.5604166666666667 0.6199074074074075 0.029166666666666667 0.03611111111111111
0 0.8278645833333333 0.6578703703703703 0.025520833333333333 0.08055555555555556
0 0.6497395833333334 0.6671296296296296 0.044270833333333336 0.13796296296296295
0 0.24505208333333334 0.624537037037037 0.03802083333333333 0.09537037037037037
0 0.528125 0.6606481481481481 0.03958333333333333 0.10462962962962963
