2 0.7979166666666667 0.6532407407407408 0.07916666666666666 0.07314814814814814
2 0.42135416666666664 0.6407407407407407 0.05625 0.07962962962962963
2 0.4953125 0.6439814814814815 0.057291666666666664 0.08611111111111111
3 0.3255208333333333 0.7125 0.07083333333333333 0.13055555555555556
3 0.5940104166666667 0.7240740740740741 0.0421875 0.11851851851851852
2 0.4591145833333333 0.6259259259259259 0.027604166666666666 0.05
0 0.5901041666666667 0.674074074074074 0.04375 0.1425925925925926
0 0.8427083333333333 0.6453703703703704 0.015625 0.06481481481481481
0 0.5473958333333333 0.6731481481481482 0.030208333333333334 0.1111111111111111
0 0.33567708333333335 0.6861111111111111 0.04010416666666667 0.12777777777777777
0 0.8588541666666667 0.6486111111111111 0.015625 0.07314814814814814
0 0.8697916666666666 0.6444444444444445 0.015625 0.07407407407407407
