2 0.13489583333333333 0.7305555555555555 0.26979166666666665 0.3888888888888889
3 0.5723958333333333 0.7444444444444445 0.08125 0.19074074074074074
2 0.7817708333333333 0.6328703703703704 0.07708333333333334 0.07314814814814814
2 0.4203125 0.5912037037037037 0.03125 0.03611111111111111
2 0.5302083333333333 0.5930555555555556 0.034375 0.032407407407407406
2 0.4627604166666667 0.6101851851851852 0.05260416666666667 0.08888888888888889
2 0.39505208333333336 0.586574074074074 0.024479166666666666 0.032407407407407406
2 0.3302083333333333 0.5842592592592593 0.029166666666666667 0.03148148148148148
2 0.30442708333333335 0.5791666666666667 0.0234375 0.025
0 0.56640625 0.6712962962962963 0.0703125 0.22037037037037038
0 0.6677083333333333 0.6222222222222222 0.021875 0.08518518518518518
0 0.8395833333333333 0.6226851851851852 0.014583333333333334 0.06574074074074074
0 0.6265625 0.6087962962962963 0.013541666666666667 0.05092592592592592
