3 0.2234375 0.7810185185185186 0.215625 0.33055555555555555
2 0.53671875 0.5967592592592592 0.1265625 0.14351851851851852
2 0.12526041666666668 0.5912037037037037 0.2046875 0.1638888888888889
2 0.8018229166666667 0.575462962962963 0.07864583333333333 0.07314814814814814
2 0.45859375 0.5657407407407408 0.0734375 0.09814814814814815
3 0.6380208333333334 0.6541666666666667 0.042708333333333334 0.1361111111111111
2 0.4171875 0.5370370370370371 0.03333333333333333 0.03333333333333333
3 0.3229166666666667 0.6046296296296296 0.058333333333333334 0.11481481481481481
3 0.3875 0.5726851851851852 0.027083333333333334 0.062037037037037036
0 0.2390625 0.6736111111111112 0.08020833333333334 0.39166666666666666
0 0.6372395833333333 0.6074074074074074 0.04635416666666667 0.15555555555555556
0 0.3328125 0.5782407407407407 0.034375 0.13796296296296295
0 0.6356770833333333 0.5861111111111111 0.043229166666666666 0.1111111111111111
0 0.3255208333333333 0.5814814814814815 0.05 0.1388888888888889
