2 0.42734375 0.5796296296296296 0.06197916666666667 0.07962962962962963
2 0.8286458333333333 0.5995370370370371 0.07083333333333333 0.08055555555555556
3 0.5265625 0.6537037037037037 0.05520833333333333 0.12777777777777777
2 0.47265625 0.5648148148148148 0.033854166666666664 0.044444444444444446
7 0.18489583333333334 0.787962962962963 0.36875 0.4148148148148148
2 0.18489583333333334 0.7888888888888889 0.36875 0.4148148148148148
0 0.0484375 0.7208333333333333 0.096875 0.4861111111111111
0 0.52890625 0.6064814814814815 0.050520833333333334 0.15185185185185185
0 0.21848958333333332 0.5541666666666667 0.043229166666666666 0.06944444444444445
0 0.6950520833333333 0.5958333333333333 0.0171875 0.05648148148148148
