3 0.07838541666666667 0.7046296296296296 0.0796875 0.10925925925925926
2 0.7953125 0.6476851851851851 0.07604166666666666 0.075
3 0.19817708333333334 0.6995370370370371 0.06927083333333334 0.10833333333333334
2 0.5015625 0.6333333333333333 0.046875 0.07222222222222222
2 0.4278645833333333 0.6328703703703704 0.043229166666666666 0.06944444444444445
3 0.4666666666666667 0.6814814814814815 0.035416666666666666 0.08148148148148149
3 0.6338541666666667 0.6925925925925925 0.022916666666666665 0.07222222222222222
2 0.34375 0.6222222222222222 0.029166666666666667 0.03148148148148148
2 0.55546875 0.6268518518518519 0.028645833333333332 0.03888888888888889
3 0.5927083333333333 0.6689814814814815 0.019791666666666666 0.06574074074074074
2 0.5515625 0.6277777777777778 0.028125 0.03518518518518519
0 0.084375 0.6666666666666666 0.03854166666666667 0.13703703703703704
0 0.6317708333333333 0.6638888888888889 0.030208333333333334 0.12222222222222222
0 0.20494791666666667 0.6601851851851852 0.0359375 0.12962962962962962
0 0.8526041666666667 0.6402777777777777 0.016666666666666666 0.08055555555555556
0 0.46588541666666666 0.6782407407407407 0.0359375 0.08425925925925926
0 0.5921875 0.6620370370370371 0.021875 0.06851851851851852
