2 0.46901041666666665 0.625 0.1171875 0.15925925925925927
2 0.7833333333333333 0.6092592592592593 0.07916666666666666 0.07222222222222222
2 0.39947916666666666 0.5675925925925925 0.030208333333333334 0.02962962962962963
3 0.5515625 0.6833333333333333 0.053125 0.09444444444444444
2 0.30416666666666664 0.5583333333333333 0.028125 0.03148148148148148
3 0.5497395833333333 0.6643518518518519 0.0546875 0.13055555555555556
3 0.6901041666666666 0.6532407407407408 0.027083333333333334 0.0712962962962963
0 0.6885416666666667 0.6148148148148148 0.030208333333333334 0.13148148148148148
0 0.63046875 0.5939814814814814 0.0140625 0.05092592592592592
0 0.55 0.6319444444444444 0.046875 0.14351851851851852
