3 0.19166666666666668 0.8314814814814815 0.271875 0.32037037037037036
3 0.05520833333333333 0.6847222222222222 0.11041666666666666 0.17685185185185184
2 0.8080729166666667 0.6046296296296296 0.07760416666666667 0.07407407407407407
2 0.36276041666666664 0.5884259259259259 0.08177083333333333 0.1287037037037037
2 0.28828125 0.6101851851851852 0.1171875 0.18703703703703703
3 0.43984375 0.6111111111111112 0.0328125 0.08518518518518518
2 0.51171875 0.5736111111111111 0.0390625 0.058333333333333334
2 0.225 0.6064814814814815 0.24166666666666667 0.19814814814814816
2 0.47421875 0.5638888888888889 0.033854166666666664 0.04814814814814815
7 0.6583333333333333 0.6013888888888889 0.059375 0.15648148148148147
2 0.47421875 0.5717592592592593 0.0296875 0.03611111111111111
2 0.41458333333333336 0.5648148148148148 0.023958333333333335 0.040740740740740744
0 0.18828125 0.7328703703703704 0.14947916666666666 0.487962962962963
0 0.9825520833333333 0.6087962962962963 0.0171875 0.08425925925925926
0 0.043229166666666666 0.6398148148148148 0.06770833333333333 0.2222222222222222
0 0.9559895833333333 0.6074074074074074 0.0171875 0.09074074074074075
0 0.44088541666666664 0.5944444444444444 0.0328125 0.0962962962962963
