2 0.28020833333333334 0.5912037037037037 0.1375 0.13796296296296295
3 0.5515625 0.6435185185185185 0.04479166666666667 0.1
2 0.8015625 0.587037037037037 0.07708333333333334 0.07037037037037037
2 0.3859375 0.5962962962962963 0.14166666666666666 0.15185185185185185
3 0.6015625 0.6018518518518519 0.029166666666666667 0.05925925925925926
3 0.48802083333333335 0.5939814814814814 0.020833333333333332 0.06388888888888888
0 0.5484375 0.6032407407407407 0.042708333333333334 0.1398148148148148
0 0.8940104166666667 0.5810185185185185 0.011979166666666667 0.06944444444444445
0 0.48489583333333336 0.5907407407407408 0.017708333333333333 0.06666666666666667
0 0.54375 0.5685185185185185 0.03333333333333333 0.06851851851851852
