3 0.11380208333333333 0.8277777777777777 0.22760416666666666 0.337037037037037
2 0.3697916666666667 0.5893518518518519 0.090625 0.10462962962962963
3 0.2864583333333333 0.6833333333333333 0.10625 0.19074074074074074
2 0.8013020833333333 0.5976851851851852 0.07760416666666667 0.06944444444444445
2 0.45234375 0.5976851851851852 0.09739583333333333 0.12129629629629629
2 0.58125 0.575925925925926 0.034375 0.05740740740740741
3 0.6174479166666667 0.6263888888888889 0.028645833333333332 0.08611111111111111
2 0.3190104166666667 0.5587962962962963 0.03177083333333333 0.032407407407407406
2 0.30755208333333334 0.5592592592592592 0.0546875 0.040740740740740744
5 0.53671875 0.5407407407407407 0.07760416666666667 0.10185185185185185
0 0.09713541666666667 0.7129629629629629 0.10364583333333334 0.3907407407407407
0 0.5239583333333333 0.5935185185185186 0.017708333333333333 0.06851851851851852
0 0.6153645833333333 0.587037037037037 0.0234375 0.09444444444444444
0 0.86484375 0.5935185185185186 0.015104166666666667 0.07037037037037037
0 0.8825520833333333 0.5902777777777778 0.0140625 0.06388888888888888
0 0.2916666666666667 0.6555555555555556 0.06041666666666667 0.17962962962962964
0 0.6161458333333333 0.6055555555555555 0.028125 0.10185185185185185
