3 0.30625 0.6643518518518519 0.07916666666666666 0.14907407407407408
2 0.7893229166666667 0.6078703703703704 0.0765625 0.0712962962962963
2 0.5661458333333333 0.5851851851851851 0.04791666666666667 0.07222222222222222
3 0.41484375 0.6106481481481482 0.03802083333333333 0.075
3 0.47239583333333335 0.6287037037037037 0.03333333333333333 0.08703703703703704
2 0.10989583333333333 0.6125 0.21979166666666666 0.2638888888888889
3 0.9268229166666667 0.7356481481481482 0.1015625 0.18796296296296297
7 0.11015625 0.612037037037037 0.21927083333333333 0.2611111111111111
2 0.5213541666666667 0.575462962962963 0.029166666666666667 0.041666666666666664
3 0.9140625 0.750462962962963 0.078125 0.15648148148148147
3 0.24401041666666667 0.6217592592592592 0.0453125 0.09537037037037037
0 0.30755208333333334 0.611574074074074 0.043229166666666666 0.1824074074074074
0 0.9231770833333334 0.6731481481481482 0.0984375 0.2759259259259259
0 0.47239583333333335 0.5953703703703703 0.03333333333333333 0.1037037037037037
0 0.4140625 0.5907407407407408 0.03125 0.09814814814814815
0 0.6635416666666667 0.5939814814814814 0.016666666666666666 0.058333333333333334
