3 0.2015625 0.6138888888888889 0.07395833333333333 0.10740740740740741
2 0.8015625 0.5736111111111111 0.07708333333333334 0.0712962962962963
2 0.5919270833333333 0.575925925925926 0.06822916666666666 0.09814814814814815
3 0.09505208333333333 0.637962962962963 0.1109375 0.1388888888888889
2 0.49375 0.5564814814814815 0.05 0.07407407407407407
3 0.33932291666666664 0.6504629629629629 0.08385416666666666 0.15092592592592594
3 0.340625 0.624537037037037 0.11354166666666667 0.1712962962962963
3 0.4609375 0.5842592592592593 0.029166666666666667 0.07592592592592592
3 0.6908854166666667 0.5995370370370371 0.0234375 0.05648148148148148
3 0.6346354166666667 0.6314814814814815 0.028645833333333332 0.08703703703703704
3 0.01484375 0.6361111111111111 0.0296875 0.11481481481481481
0 0.20989583333333334 0.5708333333333333 0.0375 0.13055555555555556
0 0.09557291666666666 0.6 0.058854166666666666 0.17962962962962964
0 0.34010416666666665 0.5958333333333333 0.05520833333333333 0.19537037037037036
0 0.37604166666666666 0.5726851851851852 0.035416666666666666 0.14907407407407408
0 0.6903645833333333 0.5791666666666667 0.025520833333333333 0.08796296296296297
0 0.88984375 0.5685185185185185 0.0203125 0.07962962962962963
0 0.6328125 0.5944444444444444 0.034375 0.1425925925925926
0 0.88671875 0.5671296296296297 0.018229166666666668 0.08055555555555556
