3 0.15052083333333333 0.6157407407407407 0.07708333333333334 0.11851851851851852
2 0.6026041666666667 0.5708333333333333 0.06041666666666667 0.08611111111111111
2 0.0375 0.6291666666666667 0.075 0.2824074074074074
2 0.8018229166666667 0.575 0.07760416666666667 0.07222222222222222
3 0.2953125 0.6828703703703703 0.125 0.21203703703703702
2 0.3729166666666667 0.5717592592592593 0.08854166666666667 0.09351851851851851
2 0.5057291666666667 0.5560185185185185 0.030208333333333334 0.06388888888888888
3 0.22760416666666666 0.6185185185185185 0.034375 0.11481481481481481
3 0.4546875 0.6185185185185185 0.053125 0.11296296296296296
2 0.5057291666666667 0.5634259259259259 0.027083333333333334 0.049074074074074076
3 0.659375 0.5986111111111111 0.022916666666666665 0.08611111111111111
3 0.69296875 0.5902777777777778 0.019270833333333334 0.05648148148148148
0 0.2989583333333333 0.6083333333333333 0.06458333333333334 0.24074074074074073
0 0.15078125 0.5736111111111111 0.0328125 0.13425925925925927
0 0.65703125 0.586574074074074 0.0265625 0.09907407407407408
0 0.48385416666666664 0.5745370370370371 0.025 0.1175925925925926
0 0.46380208333333334 0.5796296296296296 0.03697916666666667 0.12962962962962962
0 0.45729166666666665 0.5879629629629629 0.034375 0.11666666666666667
0 0.6911458333333333 0.5685185185185185 0.022916666666666665 0.08703703703703704
0 0.8822916666666667 0.5666666666666667 0.014583333333333334 0.08148148148148149
0 0.4505208333333333 0.5898148148148148 0.03958333333333333 0.11296296296296296
