2 0.7817708333333333 0.6027777777777777 0.07604166666666666 0.06481481481481481
3 0.9302083333333333 0.7384259259259259 0.09270833333333334 0.18055555555555555
3 0.51015625 0.6518518518518519 0.0328125 0.1037037037037037
2 0.39947916666666666 0.5930555555555556 0.12916666666666668 0.14351851851851852
7 0.39947916666666666 0.5944444444444444 0.12708333333333333 0.14444444444444443
2 0.31666666666666665 0.5564814814814815 0.03229166666666667 0.027777777777777776
2 0.34661458333333334 0.5569444444444445 0.025520833333333333 0.030555555555555555
3 0.92109375 0.7532407407407408 0.0671875 0.15462962962962962
0 0.9286458333333333 0.6717592592592593 0.09375 0.27314814814814814
0 0.6322916666666667 0.5791666666666667 0.014583333333333334 0.05648148148148148
0 0.50546875 0.6208333333333333 0.03697916666666667 0.13425925925925927
0 0.8830729166666667 0.5893518518518519 0.016145833333333335 0.075
0 0.865625 0.5944444444444444 0.015625 0.06481481481481481
