2 0.48880208333333336 0.6240740740740741 0.12135416666666667 0.15185185185185185
2 0.78359375 0.6078703703703704 0.07864583333333333 0.07314814814814814
3 0.5690104166666666 0.6597222222222222 0.04635416666666667 0.1175925925925926
3 0.56796875 0.6796296296296296 0.043229166666666666 0.08148148148148149
2 0.4 0.5675925925925925 0.030208333333333334 0.02962962962962963
3 0.69140625 0.6486111111111111 0.025520833333333333 0.06759259259259259
2 0.44427083333333334 0.5699074074074074 0.021875 0.032407407407407406
2 0.30416666666666664 0.5587962962962963 0.028125 0.032407407407407406
2 0.40234375 0.5666666666666667 0.03802083333333333 0.03518518518518519
0 0.6908854166666667 0.6222222222222222 0.0296875 0.10925925925925926
0 0.5677083333333334 0.6569444444444444 0.04583333333333333 0.12129629629629629
0 0.8640625 0.5972222222222222 0.015625 0.06666666666666667
