2 0.203125 0.6092592592592593 0.24375 0.2
2 0.7997395833333333 0.5763888888888888 0.0796875 0.0712962962962963
2 0.0625 0.7171296296296297 0.125 0.375
2 0.48984375 0.549074074074074 0.0390625 0.06851851851851852
3 0.62734375 0.5856481481481481 0.024479166666666666 0.062037037037037036
2 0.43645833333333334 0.5412037037037037 0.030208333333333334 0.04537037037037037
3 0.45859375 0.6175925925925926 0.0328125 0.07962962962962963
3 0.5736979166666667 0.6430555555555556 0.0515625 0.11944444444444445
3 0.5067708333333333 0.5819444444444445 0.019791666666666666 0.06574074074074074
2 0.34817708333333336 0.5328703703703703 0.03177083333333333 0.03611111111111111
2 0.31640625 0.5342592592592592 0.033854166666666664 0.03518518518518519
2 0.04140625 0.5486111111111112 0.0453125 0.06388888888888888
2 0.60234375 0.5416666666666666 0.028645833333333332 0.05925925925925926
0 0.45807291666666666 0.586574074074074 0.034895833333333334 0.1175925925925926
0 0.5734375 0.5944444444444444 0.052083333333333336 0.17222222222222222
0 0.9432291666666667 0.5740740740740741 0.014583333333333334 0.07962962962962963
0 0.9721354166666667 0.5736111111111111 0.0203125 0.07685185185185185
