3 0.11380208333333333 0.836574074074074 0.22760416666666666 0.31574074074074077
2 0.21171875 0.6143518518518518 0.21614583333333334 0.20462962962962963
2 0.8098958333333334 0.6050925925925926 0.07916666666666666 0.075
2 0.3463541666666667 0.5884259259259259 0.1 0.13425925925925927
3 0.4265625 0.624537037037037 0.034375 0.0824074074074074
2 0.5111979166666667 0.5740740740740741 0.03802083333333333 0.05740740740740741
2 0.44817708333333334 0.575925925925926 0.027604166666666666 0.04814814814814815
7 0.65625 0.6018518518518519 0.06666666666666667 0.1648148148148148
2 0.4739583333333333 0.5685185185185185 0.030208333333333334 0.040740740740740744
0 0.0640625 0.7300925925925926 0.128125 0.525
0 0.9559895833333333 0.6097222222222223 0.018229166666666668 0.09166666666666666
0 0.9825520833333333 0.6087962962962963 0.0171875 0.08981481481481482
0 0.42630208333333336 0.5990740740740741 0.0328125 0.10740740740740741
