2 0.5979166666666667 0.575462962962963 0.06770833333333333 0.09166666666666666
3 0.08203125 0.7092592592592593 0.1640625 0.2796296296296296
2 0.33541666666666664 0.5740740740740741 0.08333333333333333 0.1
2 0.8026041666666667 0.575 0.07916666666666666 0.07222222222222222
3 0.24166666666666667 0.6111111111111112 0.0625 0.09814814814814815
2 0.49583333333333335 0.5560185185185185 0.04583333333333333 0.0712962962962963
3 0.15677083333333333 0.6273148148148148 0.08020833333333334 0.11203703703703703
3 0.3890625 0.6435185185185185 0.06666666666666667 0.12407407407407407
3 0.3966145833333333 0.6310185185185185 0.08489583333333334 0.15092592592592594
3 0.46953125 0.5805555555555556 0.027604166666666666 0.07592592592592592
3 0.6453125 0.625 0.025 0.07962962962962963
0 0.24140625 0.5768518518518518 0.0515625 0.14074074074074075
0 0.15651041666666668 0.5875 0.03697916666666667 0.1527777777777778
0 0.06744791666666666 0.6185185185185185 0.0953125 0.3055555555555556
0 0.3854166666666667 0.6013888888888889 0.052083333333333336 0.18425925925925926
0 0.06822916666666666 0.5527777777777778 0.09270833333333334 0.17962962962962964
0 0.14973958333333334 0.5962962962962963 0.0515625 0.16666666666666666
0 0.69140625 0.5861111111111111 0.0234375 0.07037037037037037
0 0.8924479166666667 0.5680555555555555 0.0171875 0.08055555555555556
