2 0.078125 0.6152777777777778 0.15625 0.20092592592592592
3 0.2140625 0.6865740740740741 0.10729166666666666 0.1675925925925926
2 0.4434895833333333 0.5916666666666667 0.09635416666666667 0.12222222222222222
3 0.91484375 0.7555555555555555 0.06822916666666666 0.1537037037037037
2 0.7510416666666667 0.5958333333333333 0.035416666666666666 0.05648148148148148
3 0.5520833333333334 0.6273148148148148 0.030208333333333334 0.09166666666666666
2 0.7875 0.5972222222222222 0.04583333333333333 0.06666666666666667
2 0.3567708333333333 0.5615740740740741 0.036458333333333336 0.03425925925925926
2 0.3653645833333333 0.5615740740740741 0.027604166666666666 0.03425925925925926
2 0.31927083333333334 0.5569444444444445 0.03333333333333333 0.025
0 0.9213541666666667 0.6787037037037037 0.09270833333333334 0.2796296296296296
0 0.21692708333333333 0.624537037037037 0.04114583333333333 0.2101851851851852
0 0.5541666666666667 0.5902777777777778 0.034375 0.10277777777777777
0 0.5481770833333334 0.5847222222222223 0.028645833333333332 0.09166666666666666
0 0.8690104166666667 0.5967592592592592 0.019270833333333334 0.06944444444444445
0 0.82734375 0.586574074074074 0.015104166666666667 0.06944444444444445
0 0.5638020833333334 0.5916666666666667 0.018229166666666668 0.09074074074074075
