2 0.7872395833333333 0.6486111111111111 0.07864583333333333 0.075
7 0.16171875 0.6583333333333333 0.25677083333333334 0.25
3 0.5122395833333333 0.7708333333333334 0.08489583333333334 0.20277777777777778
3 0.3421875 0.7185185185185186 0.096875 0.17222222222222222
2 0.42083333333333334 0.6203703703703703 0.03229166666666667 0.06296296296296296
0 0.33984375 0.6675925925925926 0.0515625 0.1962962962962963
0 0.64453125 0.6439814814814815 0.018229166666666668 0.08055555555555556
0 0.5127604166666667 0.6814814814814815 0.08489583333333334 0.2111111111111111
0 0.5078125 0.6532407407407408 0.09166666666666666 0.15833333333333333
0 0.6106770833333334 0.638425925925926 0.018229166666666668 0.05648148148148148
