3 0.10677083333333333 0.7050925925925926 0.15104166666666666 0.1935185185185185
2 0.5565104166666667 0.5986111111111111 0.0640625 0.09722222222222222
2 0.7859375 0.6064814814814815 0.07708333333333334 0.07222222222222222
3 0.6270833333333333 0.6222222222222222 0.021875 0.05185185185185185
3 0.01640625 0.6601851851851852 0.0328125 0.10555555555555556
2 0.30494791666666665 0.5569444444444445 0.028645833333333332 0.028703703703703703
2 0.5158854166666667 0.5851851851851851 0.024479166666666666 0.03333333333333333
3 0.9611979166666667 0.7467592592592592 0.07552083333333333 0.13796296296296295
2 0.5109375 0.5842592592592593 0.029166666666666667 0.03333333333333333
0 0.10729166666666666 0.6333333333333333 0.10104166666666667 0.2574074074074074
0 0.9609375 0.6717592592592593 0.071875 0.25462962962962965
0 0.9861979166666667 0.674074074074074 0.0265625 0.25
0 0.68828125 0.5962962962962963 0.019270833333333334 0.08333333333333333
