2 0.09348958333333333 0.624537037037037 0.18697916666666667 0.21388888888888888
3 0.2557291666666667 0.6754629629629629 0.09270833333333334 0.15648148148148147
2 0.4518229166666667 0.5893518518518519 0.0921875 0.11574074074074074
3 0.5557291666666667 0.624537037037037 0.03333333333333333 0.08611111111111111
3 0.9122395833333333 0.7537037037037037 0.06927083333333334 0.16111111111111112
2 0.7856770833333333 0.600462962962963 0.0484375 0.06388888888888888
2 0.7497395833333333 0.5967592592592592 0.033854166666666664 0.05648148148148148
2 0.7708333333333334 0.5976851851851852 0.07708333333333334 0.06574074074074074
0 0.92109375 0.6814814814814815 0.09427083333333333 0.2814814814814815
0 0.2557291666666667 0.6175925925925926 0.040625 0.1814814814814815
0 0.5557291666666667 0.5814814814814815 0.022916666666666665 0.06296296296296296
