2 0.26875 0.5907407407407408 0.14375 0.1425925925925926
2 0.8026041666666667 0.5847222222222223 0.07916666666666666 0.0712962962962963
2 0.3768229166666667 0.5958333333333333 0.14739583333333334 0.15648148148148147
3 0.5408854166666667 0.6435185185185185 0.0484375 0.1111111111111111
3 0.6020833333333333 0.600925925925926 0.03125 0.06481481481481481
3 0.4786458333333333 0.5925925925925926 0.029166666666666667 0.06851851851851852
2 0.4505208333333333 0.5643518518518519 0.030208333333333334 0.06018518518518518
2 0.4901041666666667 0.5560185185185185 0.05 0.05462962962962963
3 0.6549479166666666 0.5768518518518518 0.018229166666666668 0.053703703703703705
0 0.5372395833333333 0.5990740740740741 0.04635416666666667 0.15185185185185185
0 0.8736979166666666 0.575925925925926 0.021354166666666667 0.08703703703703704
0 0.6546875 0.5736111111111111 0.01875 0.05648148148148148
