3 0.24166666666666667 0.7949074074074074 0.19270833333333334 0.287962962962963
2 0.80078125 0.6027777777777777 0.07552083333333333 0.07222222222222222
2 0.46197916666666666 0.5995370370370371 0.0875 0.11388888888888889
2 0.38776041666666666 0.5930555555555556 0.0765625 0.09722222222222222
3 0.3489583333333333 0.6708333333333333 0.08333333333333333 0.1787037037037037
3 0.625 0.625 0.028125 0.07962962962962963
2 0.5815104166666667 0.5828703703703704 0.03697916666666667 0.05462962962962963
5 0.5375 0.5398148148148149 0.075 0.09814814814814815
0 0.24348958333333334 0.6925925925925925 0.07552083333333333 0.32407407407407407
0 0.8815104166666666 0.5972222222222222 0.015104166666666667 0.06296296296296296
0 0.6234375 0.6101851851851852 0.030208333333333334 0.10185185185185185
0 0.8643229166666667 0.5953703703703703 0.015104166666666667 0.07222222222222222
0 0.34661458333333334 0.6574074074074074 0.07864583333333333 0.1685185185185185
