3 0.32317708333333334 0.8277777777777777 0.1734375 0.3351851851851852
3 0.11953125 0.6763888888888889 0.12447916666666667 0.175
2 0.8078125 0.6032407407407407 0.07916666666666666 0.07314814814814814
2 0.37942708333333336 0.5828703703703704 0.06822916666666666 0.12129629629629629
2 0.5109375 0.5717592592592593 0.0375 0.058333333333333334
2 0.24166666666666667 0.6129629629629629 0.14791666666666667 0.19814814814814816
3 0.4518229166666667 0.612037037037037 0.028645833333333332 0.07407407407407407
2 0.47552083333333334 0.5648148148148148 0.03125 0.046296296296296294
2 0.34296875 0.5791666666666667 0.1390625 0.125
0 0.321875 0.6935185185185185 0.11354166666666667 0.37407407407407406
0 0.12760416666666666 0.6347222222222222 0.058333333333333334 0.20833333333333334
0 0.9809895833333333 0.6078703703703704 0.0171875 0.08611111111111111
0 0.9552083333333333 0.6069444444444444 0.01875 0.09166666666666666
0 0.4515625 0.5990740740740741 0.029166666666666667 0.08518518518518518
