2 0.11015625 0.6833333333333333 0.2203125 0.34629629629629627
2 0.2515625 0.6018518518518519 0.19479166666666667 0.18888888888888888
2 0.7989583333333333 0.575462962962963 0.07708333333333334 0.0712962962962963
2 0.4375 0.5412037037037037 0.03125 0.049074074074074076
3 0.5893229166666667 0.6277777777777778 0.04739583333333333 0.12037037037037036
3 0.6278645833333333 0.5842592592592593 0.022395833333333334 0.053703703703703705
2 0.35572916666666665 0.5342592592592592 0.03125 0.03333333333333333
3 0.47291666666666665 0.6143518518518518 0.03229166666666667 0.075
1 0.47369791666666666 0.6134259259259259 0.030729166666666665 0.08055555555555556
3 0.6265625 0.575 0.026041666666666668 0.06851851851851852
0 0.4705729166666667 0.5773148148148148 0.0359375 0.13055555555555556
0 0.58671875 0.5828703703703704 0.044270833333333336 0.14351851851851852
0 0.9716145833333333 0.5782407407407407 0.019270833333333334 0.09166666666666666
0 0.5135416666666667 0.5638888888888889 0.021875 0.08518518518518518
0 0.9427083333333334 0.5726851851851852 0.014583333333333334 0.0824074074074074
