2 0.16276041666666666 0.7078703703703704 0.3255208333333333 0.39351851851851855
2 0.31171875 0.5884259259259259 0.13802083333333334 0.14907407407407408
2 0.8 0.5736111111111111 0.07916666666666666 0.0712962962962963
2 0.43802083333333336 0.537962962962963 0.03333333333333333 0.05185185185185185
3 0.6049479166666667 0.6231481481481481 0.0328125 0.1
3 0.49192708333333335 0.6032407407407407 0.027604166666666666 0.06759259259259259
3 0.6109375 0.6189814814814815 0.0375 0.09907407407407408
0 0.9416666666666667 0.5731481481481482 0.014583333333333334 0.08333333333333333
0 0.9705729166666667 0.575 0.018229166666666668 0.08148148148148149
0 0.6059895833333333 0.5842592592592593 0.0359375 0.0962962962962963
0 0.5216145833333333 0.5597222222222222 0.024479166666666666 0.07685185185185185
0 0.4908854166666667 0.5902777777777778 0.028645833333333332 0.08981481481481482
