3 0.24166666666666667 0.8291666666666667 0.23333333333333334 0.33055555555555555
3 0.06875 0.6875 0.1375 0.18055555555555555
2 0.8075520833333333 0.6041666666666666 0.07760416666666667 0.075
2 0.3684895833333333 0.5856481481481481 0.0765625 0.12685185185185185
2 0.24401041666666667 0.6157407407407407 0.2265625 0.21666666666666667
3 0.4427083333333333 0.6106481481481482 0.03229166666666667 0.08425925925925926
2 0.5119791666666667 0.5731481481481482 0.03958333333333333 0.05925925925925926
2 0.47421875 0.5731481481481482 0.0296875 0.03333333333333333
2 0.31666666666666665 0.6018518518518519 0.08541666666666667 0.16296296296296298
2 0.47421875 0.5643518518518519 0.033854166666666664 0.049074074074074076
0 0.23958333333333334 0.7319444444444444 0.13958333333333334 0.46574074074074073
0 0.07057291666666667 0.6361111111111111 0.06822916666666666 0.22037037037037038
0 0.98203125 0.6074074074074074 0.0171875 0.08703703703703704
0 0.9559895833333333 0.6064814814814815 0.018229166666666668 0.09259259259259259
0 0.44192708333333336 0.5953703703703703 0.03177083333333333 0.10185185185185185
