3 0.37526041666666665 0.700925925925926 0.10885416666666667 0.19444444444444445
2 0.5166666666666667 0.5740740740740741 0.06145833333333333 0.0962962962962963
2 0.8385416666666666 0.5921296296296297 0.071875 0.0824074074074074
3 0.22786458333333334 0.6143518518518518 0.05677083333333333 0.09722222222222222
2 0.4713541666666667 0.5643518518518519 0.03333333333333333 0.04722222222222222
3 0.7078125 0.6046296296296296 0.019791666666666666 0.05925925925925926
0 0.38385416666666666 0.6268518518518519 0.06875 0.24074074074074073
0 0.9921875 0.5949074074074074 0.014583333333333334 0.10092592592592593
0 0.7083333333333334 0.6023148148148149 0.021875 0.062037037037037036
0 0.41119791666666666 0.5879629629629629 0.0453125 0.15555555555555556
