2 0.7872395833333333 0.6481481481481481 0.0765625 0.07407407407407407
3 0.47578125 0.7782407407407408 0.10260416666666666 0.23425925925925925
3 0.296875 0.7143518518518519 0.11041666666666666 0.2212962962962963
7 0.12213541666666666 0.6657407407407407 0.24427083333333333 0.2574074074074074
2 0.42109375 0.6212962962962963 0.033854166666666664 0.06111111111111111
3 0.38984375 0.6532407407407408 0.027604166666666666 0.0712962962962963
2 0.5526041666666667 0.6199074074074075 0.03854166666666667 0.041666666666666664
0 0.29609375 0.662962962962963 0.05364583333333333 0.20555555555555555
0 0.64453125 0.6444444444444445 0.018229166666666668 0.08148148148148149
0 0.4765625 0.687962962962963 0.09791666666666667 0.24074074074074073
0 0.5278645833333333 0.6435185185185185 0.024479166666666666 0.06666666666666667
