2 0.8177083333333334 0.6032407407407407 0.075 0.0787037037037037
3 0.26510416666666664 0.6453703703703704 0.06979166666666667 0.10555555555555556
2 0.5203125 0.5717592592592593 0.040625 0.062037037037037036
3 0.4903645833333333 0.6171296296296296 0.03177083333333333 0.07685185185185185
7 0.6127604166666667 0.6273148148148148 0.11822916666666666 0.25092592592592594
2 0.44557291666666665 0.5791666666666667 0.0390625 0.058333333333333334
7 0.17369791666666667 0.5990740740740741 0.19947916666666668 0.19074074074074074
2 0.17083333333333334 0.5972222222222222 0.19375 0.18703703703703703
2 0.32395833333333335 0.5564814814814815 0.03854166666666667 0.03518518518518519
2 0.36380208333333336 0.5555555555555556 0.04010416666666667 0.040740740740740744
0 0.2609375 0.600925925925926 0.052083333333333336 0.13703703703703704
0 0.9911458333333333 0.6046296296296296 0.016666666666666666 0.1
0 0.9677083333333333 0.6125 0.025 0.11018518518518519
0 0.9763020833333333 0.6083333333333333 0.019270833333333334 0.10185185185185185
0 0.9640625 0.6101851851851852 0.01875 0.10740740740740741
