2 0.32864583333333336 0.5907407407407408 0.11770833333333333 0.12037037037037036
2 0.421875 0.5962962962962963 0.11458333333333333 0.13148148148148148
3 0.07317708333333334 0.7208333333333333 0.14635416666666667 0.2324074074074074
2 0.8020833333333334 0.5898148148148148 0.078125 0.07222222222222222
3 0.5885416666666666 0.6351851851851852 0.035416666666666666 0.0962962962962963
5 0.5388020833333333 0.5365740740740741 0.07864583333333333 0.11203703703703703
7 0.53828125 0.5388888888888889 0.0765625 0.1111111111111111
0 0.05130208333333333 0.6625 0.08489583333333334 0.27870370370370373
0 0.8661458333333333 0.5796296296296296 0.016666666666666666 0.07592592592592592
0 0.5875 0.5856481481481481 0.03125 0.10648148148148148
0 0.6135416666666667 0.5782407407407407 0.017708333333333333 0.06574074074074074
0 0.6106770833333334 0.5810185185185185 0.0203125 0.075
0 0.8921875 0.5833333333333334 0.013541666666666667 0.07037037037037037
0 0.5828125 0.5722222222222222 0.025 0.07407407407407407
0 0.5859375 0.6064814814814815 0.03333333333333333 0.1388888888888889
0 0.5052083333333334 0.5898148148148148 0.017708333333333333 0.06851851851851852
