3 0.5104166666666666 0.7717592592592593 0.10416666666666667 0.225
2 0.0734375 0.7180555555555556 0.146875 0.3638888888888889
2 0.7822916666666667 0.638425925925926 0.078125 0.0712962962962963
2 0.41458333333333336 0.5944444444444444 0.027083333333333334 0.040740740740740744
2 0.4513020833333333 0.6134259259259259 0.0546875 0.09351851851851851
3 0.58203125 0.6287037037037037 0.019270833333333334 0.04814814814814815
0 0.5109375 0.6851851851851852 0.06770833333333333 0.2759259259259259
0 0.6716145833333333 0.6337962962962963 0.019270833333333334 0.07314814814814814
0 0.5083333333333333 0.6162037037037037 0.06458333333333334 0.13240740740740742
0 0.8341145833333333 0.6268518518518519 0.018229166666666668 0.07037037037037037
