2 0.3450520833333333 0.5884259259259259 0.11510416666666666 0.11018518518518519
2 0.8486979166666667 0.586574074074074 0.0734375 0.08611111111111111
2 0.50703125 0.575925925925926 0.07447916666666667 0.1111111111111111
3 0.05807291666666667 0.7666666666666667 0.11614583333333334 0.3111111111111111
3 0.7130208333333333 0.6111111111111112 0.027083333333333334 0.07592592592592592
2 0.5864583333333333 0.5685185185185185 0.03125 0.053703703703703705
0 0.06979166666666667 0.6592592592592592 0.08229166666666667 0.3592592592592593
0 0.02265625 0.6606481481481481 0.0453125 0.38425925925925924
0 0.7122395833333334 0.6074074074074074 0.0265625 0.07222222222222222
0 0.7125 0.5958333333333333 0.023958333333333335 0.058333333333333334
