2 0.453125 0.6296296296296297 0.146875 0.17037037037037037
3 0.5205729166666667 0.6921296296296297 0.06302083333333333 0.11944444444444445
2 0.7830729166666667 0.6111111111111112 0.0796875 0.07407407407407407
3 0.68671875 0.6592592592592592 0.028645833333333332 0.08148148148148149
2 0.30364583333333334 0.5592592592592592 0.029166666666666667 0.03148148148148148
2 0.39791666666666664 0.5675925925925925 0.029166666666666667 0.02962962962962963
0 0.68359375 0.6194444444444445 0.034895833333333334 0.1425925925925926
0 0.5174479166666667 0.6472222222222223 0.058854166666666666 0.16666666666666666
0 0.8575520833333333 0.5981481481481481 0.015104166666666667 0.06666666666666667
0 0.6177083333333333 0.587037037037037 0.010416666666666666 0.046296296296296294
0 0.6192708333333333 0.5902777777777778 0.013541666666666667 0.04722222222222222
0 0.8208333333333333 0.5976851851851852 0.015625 0.06759259259259259
