3 0.12239583333333333 0.8273148148148148 0.24479166666666666 0.33425925925925926
2 0.37265625 0.5902777777777778 0.08385416666666666 0.10277777777777777
3 0.29609375 0.6847222222222222 0.10052083333333334 0.1824074074074074
2 0.8018229166666667 0.5976851851851852 0.07864583333333333 0.06944444444444445
2 0.453125 0.5981481481481481 0.09791666666666667 0.12037037037037036
2 0.58125 0.5763888888888888 0.035416666666666666 0.05648148148148148
3 0.6190104166666667 0.6287037037037037 0.0265625 0.07777777777777778
2 0.30963541666666666 0.5532407407407407 0.05260416666666667 0.041666666666666664
3 0.6151041666666667 0.6212962962962963 0.036458333333333336 0.08888888888888889
0 0.11848958333333333 0.7129629629629629 0.1015625 0.387037037037037
0 0.5244791666666667 0.5921296296296297 0.01875 0.07314814814814814
0 0.86484375 0.5935185185185186 0.015104166666666667 0.07222222222222222
0 0.8825520833333333 0.5902777777777778 0.0140625 0.06388888888888888
0 0.615625 0.5884259259259259 0.022916666666666665 0.0824074074074074
0 0.6153645833333333 0.5782407407407407 0.0203125 0.07685185185185185
0 0.63359375 0.5810185185185185 0.015104166666666667 0.049074074074074076
