3 0.9299479166666667 0.7453703703703703 0.09114583333333333 0.16666666666666666
2 0.3921875 0.5939814814814814 0.13125 0.14537037037037037
3 0.5028645833333333 0.6527777777777778 0.0359375 0.10925925925925926
2 0.7822916666666667 0.6027777777777777 0.078125 0.06666666666666667
2 0.31588541666666664 0.5560185185185185 0.033854166666666664 0.030555555555555555
2 0.475 0.5652777777777778 0.03333333333333333 0.04537037037037037
2 0.3411458333333333 0.5560185185185185 0.023958333333333335 0.030555555555555555
3 0.55703125 0.6037037037037037 0.019270833333333334 0.05
0 0.9268229166666667 0.662962962962963 0.09010416666666667 0.25555555555555554
0 0.503125 0.6162037037037037 0.046875 0.14166666666666666
0 0.6328125 0.5796296296296296 0.015625 0.05555555555555555
0 0.8815104166666666 0.5888888888888889 0.015104166666666667 0.07777777777777778
0 0.8645833333333334 0.5976851851851852 0.017708333333333333 0.06574074074074074
