2 0.4283854166666667 0.5787037037037037 0.0609375 0.07777777777777778
2 0.8286458333333333 0.6 0.06979166666666667 0.08148148148148149
3 0.5299479166666666 0.6527777777777778 0.0546875 0.12407407407407407
2 0.4734375 0.5648148148148148 0.035416666666666666 0.044444444444444446
7 0.19375 0.788425925925926 0.3875 0.4083333333333333
3 0.19375 0.7865740740740741 0.3875 0.4101851851851852
0 0.06432291666666666 0.7208333333333333 0.1265625 0.4824074074074074
0 0.23098958333333333 0.5550925925925926 0.0453125 0.06759259259259259
0 0.53359375 0.6055555555555555 0.0484375 0.14814814814814814
0 0.69453125 0.5949074074074074 0.0171875 0.05277777777777778
0 0.6619791666666667 0.5847222222222223 0.014583333333333334 0.03796296296296296
