3 0.45598958333333334 0.7893518518518519 0.1140625 0.23796296296296296
3 0.26953125 0.7268518518518519 0.12239583333333333 0.21666666666666667
2 0.7877604166666666 0.6476851851851851 0.07552083333333333 0.07314814814814814
7 0.11953125 0.6675925925925926 0.2390625 0.26296296296296295
3 0.384375 0.6578703703703703 0.023958333333333335 0.0712962962962963
3 0.5291666666666667 0.6481481481481481 0.019791666666666666 0.05925925925925926
2 0.5528645833333333 0.6194444444444445 0.0359375 0.040740740740740744
0 0.271875 0.6652777777777777 0.05416666666666667 0.22314814814814815
0 0.45234375 0.6953703703703704 0.10677083333333333 0.26666666666666666
0 0.64453125 0.6449074074074074 0.018229166666666668 0.0824074074074074
0 0.38359375 0.6458333333333334 0.0265625 0.08981481481481482
