2 0.15338541666666666 0.5902777777777778 0.21197916666666666 0.1638888888888889
2 0.54140625 0.5935185185185186 0.11927083333333334 0.13703703703703704
3 0.29348958333333336 0.7523148148148148 0.1734375 0.2972222222222222
2 0.8018229166666667 0.575462962962963 0.07864583333333333 0.07314814814814814
2 0.4627604166666667 0.5662037037037037 0.07447916666666667 0.09722222222222222
2 0.41953125 0.538425925925926 0.027604166666666666 0.032407407407407406
3 0.6484375 0.649074074074074 0.03958333333333333 0.12037037037037036
3 0.3921875 0.5648148148148148 0.028125 0.07407407407407407
1 0.6484375 0.6527777777777778 0.035416666666666666 0.11481481481481481
3 0.3927083333333333 0.5745370370370371 0.026041666666666668 0.06018518518518518
0 0.2986979166666667 0.6486111111111111 0.0890625 0.33055555555555555
0 0.6450520833333333 0.6060185185185185 0.04114583333333333 0.18055555555555555
0 0.34739583333333335 0.575462962962963 0.035416666666666666 0.1398148148148148
