3 0.11979166666666667 0.7157407407407408 0.20416666666666666 0.3
2 0.5989583333333334 0.5740740740740741 0.065625 0.09074074074074075
2 0.8018229166666667 0.575462962962963 0.07760416666666667 0.06944444444444445
2 0.34765625 0.5740740740740741 0.08802083333333334 0.1
3 0.2596354166666667 0.6083333333333333 0.0609375 0.09814814814814815
2 0.4973958333333333 0.5550925925925926 0.04479166666666667 0.0712962962962963
3 0.6494791666666667 0.6189814814814815 0.028125 0.0824074074074074
3 0.40989583333333335 0.6347222222222222 0.06041666666666667 0.12685185185185185
3 0.4734375 0.5800925925925926 0.027083333333333334 0.0787037037037037
3 0.41302083333333334 0.6212962962962963 0.07291666666666667 0.15185185185185185
0 0.64765625 0.5953703703703703 0.03177083333333333 0.12037037037037036
0 0.13958333333333334 0.624537037037037 0.084375 0.2953703703703704
0 0.259375 0.5685185185185185 0.041666666666666664 0.13703703703703704
0 0.4041666666666667 0.5949074074074074 0.042708333333333334 0.16203703703703703
0 0.41432291666666665 0.5888888888888889 0.028645833333333332 0.1425925925925926
0 0.47317708333333336 0.5782407407407407 0.0265625 0.08055555555555556
0 0.6911458333333333 0.5837962962962963 0.023958333333333335 0.06944444444444445
0 0.89296875 0.5666666666666667 0.015104166666666667 0.08148148148148149
0 0.05416666666666667 0.5972222222222222 0.06770833333333333 0.19074074074074074
