2 0.6013020833333333 0.5726851851851852 0.06302083333333333 0.08981481481481482
3 0.11171875 0.6203703703703703 0.0859375 0.12037037037037036
3 0.221875 0.6930555555555555 0.15729166666666666 0.2564814814814815
2 0.8026041666666667 0.5745370370370371 0.078125 0.07314814814814814
2 0.3619791666666667 0.5717592592592593 0.09583333333333334 0.09722222222222222
3 0.43307291666666664 0.6231481481481481 0.0546875 0.12407407407407407
2 0.5010416666666667 0.5564814814814815 0.03958333333333333 0.06666666666666667
3 0.6567708333333333 0.6148148148148148 0.023958333333333335 0.07407407407407407
2 0.5020833333333333 0.5666666666666667 0.035416666666666666 0.046296296296296294
3 0.28828125 0.6046296296296296 0.0484375 0.08333333333333333
3 0.4786458333333333 0.5824074074074074 0.022916666666666665 0.07592592592592592
0 0.22526041666666666 0.6171296296296296 0.08072916666666667 0.27870370370370373
0 0.11119791666666666 0.5777777777777777 0.03697916666666667 0.14074074074074075
0 0.28932291666666665 0.5736111111111111 0.044270833333333336 0.13425925925925927
0 0.43385416666666665 0.5833333333333334 0.040625 0.14444444444444443
0 0.6533854166666667 0.5875 0.027604166666666666 0.11388888888888889
0 0.8932291666666666 0.5671296296296297 0.016666666666666666 0.0787037037037037
0 0.8802083333333334 0.5648148148148148 0.013541666666666667 0.07962962962962963
0 0.43776041666666665 0.5814814814814815 0.0296875 0.13518518518518519
0 0.478125 0.5726851851851852 0.025 0.09351851851851851
0 0.6919270833333333 0.5787037037037037 0.0234375 0.07222222222222222
0 0.0049479166666666664 0.6388888888888888 0.009895833333333333 0.16296296296296298
0 0.8833333333333333 0.5666666666666667 0.015625 0.07962962962962963
