2 0.86640625 0.5921296296296297 0.0734375 0.09722222222222222
2 0.31953125 0.600462962962963 0.21197916666666666 0.20462962962962963
3 0.5265625 0.725 0.09895833333333333 0.23703703703703705
2 0.6182291666666667 0.5541666666666667 0.03125 0.04537037037037037
3 0.45208333333333334 0.5851851851851851 0.036458333333333336 0.08703703703703704
3 0.68046875 0.6268518518518519 0.0359375 0.0962962962962963
2 0.6111979166666667 0.5518518518518518 0.044270833333333336 0.053703703703703705
3 0.21484375 0.6083333333333333 0.0515625 0.13703703703703704
0 0.5234375 0.6388888888888888 0.07604166666666666 0.25925925925925924
0 0.5559895833333334 0.6300925925925925 0.043229166666666666 0.19722222222222222
0 0.4518229166666667 0.5768518518518518 0.0359375 0.1
