3 0.3067708333333333 0.7226851851851852 0.13645833333333332 0.25833333333333336
3 0.16979166666666667 0.6657407407407407 0.11458333333333333 0.15
2 0.8033854166666666 0.5962962962962963 0.0765625 0.06851851851851852
3 0.5955729166666667 0.6791666666666667 0.0484375 0.1398148148148148
2 0.5096354166666667 0.5657407407407408 0.0328125 0.046296296296296294
2 0.3528645833333333 0.5537037037037037 0.03802083333333333 0.040740740740740744
2 0.42083333333333334 0.5893518518518519 0.10833333333333334 0.13796296296296295
3 0.4119791666666667 0.624537037037037 0.05416666666666667 0.10648148148148148
2 0.5049479166666667 0.5625 0.04010416666666667 0.049074074074074076
0 0.32447916666666665 0.6449074074074074 0.06875 0.2675925925925926
0 0.17005208333333333 0.6203703703703703 0.06302083333333333 0.19444444444444445
0 0.20859375 0.6032407407407407 0.0296875 0.1638888888888889
0 0.59140625 0.6259259259259259 0.05260416666666667 0.1685185185185185
0 0.18046875 0.6175925925925926 0.043229166666666666 0.18703703703703703
0 0.97421875 0.6018518518518519 0.0171875 0.09814814814814815
0 0.403125 0.6032407407407407 0.05520833333333333 0.14722222222222223
0 0.94609375 0.5925925925925926 0.019270833333333334 0.09814814814814815
0 0.9559895833333333 0.5935185185185186 0.0140625 0.0962962962962963
