2 0.30703125 0.5981481481481481 0.13697916666666668 0.13148148148148148
3 0.14140625 0.7287037037037037 0.1453125 0.19074074074074074
2 0.044270833333333336 0.6657407407407407 0.08854166666666667 0.22592592592592592
2 0.4934895833333333 0.5796296296296296 0.0796875 0.09259259259259259
3 0.46848958333333335 0.6328703703703704 0.03802083333333333 0.08981481481481482
3 0.9169270833333333 0.7652777777777777 0.07239583333333334 0.18055555555555555
2 0.5455729166666666 0.5740740740740741 0.028645833333333332 0.040740740740740744
2 0.7598958333333333 0.5962962962962963 0.046875 0.06111111111111111
2 0.7471354166666667 0.5958333333333333 0.07135416666666666 0.06018518518518518
2 0.0671875 0.5949074074074074 0.134375 0.11574074074074074
3 0.9234375 0.7356481481481482 0.09375 0.2175925925925926
2 0.7252604166666666 0.5962962962962963 0.03177083333333333 0.05
3 0.5893229166666667 0.6060185185185185 0.028645833333333332 0.062037037037037036
2 0.7302083333333333 0.5953703703703703 0.041666666666666664 0.05555555555555555
0 0.9268229166666667 0.6805555555555556 0.10989583333333333 0.28888888888888886
0 0.13958333333333334 0.6444444444444445 0.078125 0.25555555555555554
0 0.82890625 0.5916666666666667 0.0171875 0.07037037037037037
0 0.8830729166666667 0.6083333333333333 0.0203125 0.07222222222222222
0 0.5919270833333333 0.5921296296296297 0.025520833333333333 0.075
