3 0.1171875 0.7875 0.234375 0.33611111111111114
2 0.8041666666666667 0.600462962962963 0.08020833333333334 0.0712962962962963
2 0.39765625 0.5944444444444444 0.10885416666666667 0.1537037037037037
1 0.5473958333333333 0.7194444444444444 0.06041666666666667 0.16296296296296298
3 0.33567708333333335 0.6476851851851851 0.06614583333333333 0.11018518518518519
3 0.5471354166666667 0.7185185185185186 0.0609375 0.16666666666666666
1 0.33541666666666664 0.65 0.065625 0.10740740740740741
2 0.5080729166666667 0.5694444444444444 0.0328125 0.05740740740740741
2 0.6598958333333333 0.5958333333333333 0.042708333333333334 0.09722222222222222
0 0.14583333333333334 0.6810185185185185 0.08958333333333333 0.36018518518518516
0 0.5421875 0.6361111111111111 0.07083333333333333 0.2111111111111111
0 0.33645833333333336 0.6097222222222223 0.036458333333333336 0.15833333333333333
0 0.011197916666666667 0.6208333333333333 0.022395833333333334 0.2101851851851852
0 0.978125 0.600462962962963 0.01875 0.08981481481481482
0 0.03723958333333333 0.5981481481481481 0.043229166666666666 0.17222222222222222
0 0.9502604166666667 0.5962962962962963 0.0171875 0.1
0 0.9739583333333334 0.600925925925926 0.021875 0.0962962962962963
0 0.046614583333333334 0.5694444444444444 0.024479166666666666 0.10925925925925926
