2 0.08958333333333333 0.6129629629629629 0.17916666666666667 0.2611111111111111
2 0.60625 0.5680555555555555 0.057291666666666664 0.08055555555555556
2 0.8018229166666667 0.575 0.07760416666666667 0.06851851851851852
3 0.21848958333333332 0.6134259259259259 0.059895833333333336 0.08981481481481482
3 0.41432291666666665 0.6666666666666666 0.08072916666666667 0.14074074074074075
3 0.30494791666666665 0.612037037037037 0.0609375 0.1
3 0.6677083333333333 0.5935185185185186 0.021875 0.07407407407407407
3 0.49895833333333334 0.6046296296296296 0.0375 0.09814814814814815
3 0.6903645833333333 0.5875 0.0171875 0.04351851851851852
0 0.41510416666666666 0.5972222222222222 0.051041666666666666 0.2037037037037037
0 0.49635416666666665 0.5875 0.036458333333333336 0.10833333333333334
0 0.21484375 0.575925925925926 0.0390625 0.1259259259259259
0 0.31171875 0.5819444444444445 0.03697916666666667 0.1287037037037037
0 0.5033854166666667 0.5805555555555556 0.044270833333333336 0.10740740740740741
0 0.5171875 0.5722222222222222 0.029166666666666667 0.0962962962962963
0 0.88125 0.5662037037037037 0.016666666666666666 0.0787037037037037
