2 0.16171875 0.6125 0.21927083333333333 0.1787037037037037
2 0.47369791666666666 0.5861111111111111 0.08072916666666667 0.10740740740740741
3 0.35703125 0.6597222222222222 0.06302083333333333 0.125
3 0.9140625 0.7606481481481482 0.06666666666666667 0.16203703703703703
2 0.5453125 0.575462962962963 0.03229166666666667 0.049074074074074076
3 0.5729166666666666 0.6175925925925926 0.034375 0.07592592592592592
3 0.5770833333333333 0.6226851851851852 0.023958333333333335 0.0712962962962963
2 0.7661458333333333 0.5995370370370371 0.07395833333333333 0.06574074074074074
2 0.42291666666666666 0.5648148148148148 0.03125 0.03333333333333333
2 0.7544270833333333 0.5967592592592592 0.05260416666666667 0.06018518518518518
3 0.5700520833333333 0.6078703703703704 0.034895833333333334 0.05277777777777778
0 0.92109375 0.6865740740740741 0.0984375 0.287962962962963
0 0.3515625 0.611574074074074 0.04375 0.15833333333333333
0 0.8791666666666667 0.6027777777777777 0.016666666666666666 0.06296296296296296
