2 0.7986979166666667 0.5842592592592593 0.07864583333333333 0.07592592592592592
3 0.29609375 0.625462962962963 0.06822916666666666 0.13796296296296295
3 0.5703125 0.6273148148148148 0.03958333333333333 0.10277777777777777
2 0.4356770833333333 0.5546296296296296 0.0453125 0.07777777777777778
3 0.0421875 0.7129629629629629 0.084375 0.17592592592592593
2 0.4817708333333333 0.562037037037037 0.04583333333333333 0.08518518518518518
3 0.5026041666666666 0.600925925925926 0.035416666666666666 0.08148148148148149
3 0.65390625 0.6074074074074074 0.025520833333333333 0.06111111111111111
0 0.016145833333333335 0.6291666666666667 0.03229166666666667 0.28425925925925927
0 0.503125 0.575462962962963 0.034375 0.11574074074074074
0 0.5661458333333333 0.5736111111111111 0.03229166666666667 0.09722222222222222
0 0.2984375 0.5819444444444445 0.053125 0.15833333333333333
0 0.653125 0.5800925925925926 0.025 0.09722222222222222
