2 0.565625 0.5953703703703703 0.05520833333333333 0.08888888888888889
2 0.7885416666666667 0.6087962962962963 0.07916666666666666 0.0712962962962963
3 0.19348958333333333 0.6361111111111111 0.07760416666666667 0.10555555555555556
3 0.30833333333333335 0.6662037037037037 0.07708333333333334 0.1287037037037037
3 0.9481770833333333 0.7314814814814815 0.1015625 0.1925925925925926
2 0.5143229166666666 0.575 0.0296875 0.05
2 0.40625 0.5675925925925925 0.03229166666666667 0.03148148148148148
0 0.93359375 0.6680555555555555 0.08385416666666666 0.25277777777777777
0 0.30755208333333334 0.6148148148148148 0.058854166666666666 0.17037037037037037
0 0.19739583333333333 0.5962962962962963 0.030208333333333334 0.12962962962962962
0 0.6817708333333333 0.5949074074074074 0.019791666666666666 0.0787037037037037
0 0.6846354166666667 0.6018518518518519 0.0171875 0.07407407407407407
0 0.96328125 0.6708333333333333 0.0671875 0.24722222222222223
0 0.9643229166666667 0.6759259259259259 0.03802083333333333 0.22592592592592592
0 0.6828125 0.611574074074074 0.015625 0.05092592592592592
