3 0.19114583333333332 0.6712962962962963 0.10416666666666667 0.14629629629629629
2 0.30885416666666665 0.6083333333333333 0.17916666666666667 0.18333333333333332
3 0.41067708333333336 0.7824074074074074 0.12239583333333333 0.2759259259259259
2 0.8067708333333333 0.6032407407407407 0.07916666666666666 0.07314814814814814
2 0.51015625 0.5717592592592593 0.0359375 0.05648148148148148
2 0.47890625 0.5625 0.0265625 0.04351851851851852
3 0.46328125 0.6083333333333333 0.0265625 0.07037037037037037
0 0.40729166666666666 0.6754629629629629 0.10208333333333333 0.325
0 0.19765625 0.6263888888888889 0.0578125 0.18796296296296297
0 0.9786458333333333 0.6078703703703704 0.01875 0.08981481481481482
0 0.54609375 0.5847222222222223 0.0203125 0.06759259259259259
