2 0.3484375 0.5939814814814814 0.16458333333333333 0.1675925925925926
2 0.23177083333333334 0.5893518518518519 0.165625 0.15092592592592594
2 0.8018229166666667 0.5805555555555556 0.07760416666666667 0.07407407407407407
3 0.5041666666666667 0.6569444444444444 0.057291666666666664 0.11944444444444445
3 0.59375 0.6 0.026041666666666668 0.07222222222222222
2 0.4393229166666667 0.5611111111111111 0.04114583333333333 0.06296296296296296
2 0.6138020833333333 0.5680555555555555 0.027604166666666666 0.05648148148148148
0 0.5015625 0.6074074074074074 0.05520833333333333 0.17592592592592593
0 0.5122395833333333 0.6129629629629629 0.03802083333333333 0.1425925925925926
0 0.5932291666666667 0.586574074074074 0.027083333333333334 0.09351851851851851
0 0.6596354166666667 0.575925925925926 0.015104166666666667 0.05185185185185185
0 0.49375 0.5837962962962963 0.03854166666666667 0.1175925925925926
