3 0.14036458333333332 0.8185185185185185 0.28072916666666664 0.34444444444444444
2 0.7828125 0.649537037037037 0.078125 0.07314814814814814
2 0.42083333333333334 0.625462962962963 0.07708333333333334 0.11203703703703703
2 0.50546875 0.6055555555555555 0.03177083333333333 0.03148148148148148
3 0.6791666666666667 0.6680555555555555 0.021875 0.06018518518518518
2 0.5791666666666667 0.6458333333333334 0.025 0.05648148148148148
2 0.6083333333333333 0.6236111111111111 0.025 0.032407407407407406
2 0.33098958333333334 0.5921296296296297 0.03177083333333333 0.03425925925925926
0 0.146875 0.7421296296296296 0.10520833333333333 0.475
0 0.83125 0.6425925925925926 0.01875 0.07037037037037037
0 0.14609375 0.6731481481481482 0.1078125 0.3351851851851852
0 0.6364583333333333 0.6282407407407408 0.0125 0.058333333333333334
