2 0.7986979166666667 0.5810185185185185 0.07760416666666667 0.075
2 0.08619791666666667 0.6287037037037037 0.17239583333333333 0.23703703703703705
3 0.45598958333333334 0.6875 0.09010416666666667 0.1824074074074074
3 0.37109375 0.6328703703703704 0.05677083333333333 0.12314814814814815
2 0.49921875 0.5578703703703703 0.04635416666666667 0.0787037037037037
3 0.61484375 0.5953703703703703 0.028645833333333332 0.07777777777777778
3 0.5638020833333334 0.5800925925925926 0.0234375 0.06388888888888888
0 0.45416666666666666 0.6212962962962963 0.07291666666666667 0.2518518518518518
0 0.946875 0.5814814814814815 0.01875 0.08148148148148149
0 0.9778645833333334 0.5819444444444445 0.018229166666666668 0.0787037037037037
0 0.37083333333333335 0.5921296296296297 0.042708333333333334 0.14722222222222223
0 0.61484375 0.5824074074074074 0.030729166666666665 0.0962962962962963
