2 0.7986979166666667 0.5842592592592593 0.07864583333333333 0.07592592592592592
3 0.5778645833333333 0.6231481481481481 0.03697916666666667 0.1037037037037037
2 0.43697916666666664 0.5546296296296296 0.04375 0.07592592592592592
3 0.32864583333333336 0.625 0.06354166666666666 0.12037037037037036
3 0.07552083333333333 0.6907407407407408 0.15104166666666666 0.2388888888888889
2 0.48671875 0.5606481481481481 0.05364583333333333 0.08425925925925926
3 0.5119791666666667 0.600462962962963 0.028125 0.075
3 0.022916666666666665 0.8537037037037037 0.04583333333333333 0.26666666666666666
3 0.6536458333333334 0.6046296296296296 0.025 0.06296296296296296
0 0.06614583333333333 0.6194444444444445 0.08125 0.25555555555555554
0 0.3268229166666667 0.5777777777777777 0.044270833333333336 0.1425925925925926
0 0.5135416666666667 0.575462962962963 0.030208333333333334 0.11018518518518519
0 0.5768229166666666 0.5768518518518518 0.034895833333333334 0.09814814814814815
0 0.65234375 0.5777777777777777 0.024479166666666666 0.0962962962962963
0 0.012760416666666666 0.6351851851851852 0.025520833333333333 0.19444444444444445
0 0.55 0.5787037037037037 0.01875 0.07592592592592592
0 0.9822916666666667 0.5884259259259259 0.017708333333333333 0.0787037037037037
0 0.5807291666666666 0.5842592592592593 0.03958333333333333 0.11481481481481481
