2 0.8268229166666666 0.600925925925926 0.0703125 0.07962962962962963
3 0.5497395833333333 0.6467592592592593 0.043229166666666666 0.11388888888888889
2 0.5190104166666667 0.5694444444444444 0.044270833333333336 0.07407407407407407
2 0.43255208333333334 0.5745370370370371 0.050520833333333334 0.06759259259259259
2 0.026041666666666668 0.6087962962962963 0.052083333333333336 0.15833333333333333
0 0.24427083333333333 0.6773148148148148 0.071875 0.36203703703703705
0 0.28854166666666664 0.6162037037037037 0.03854166666666667 0.2064814814814815
0 0.5502604166666667 0.6060185185185185 0.049479166666666664 0.15462962962962962
0 0.6916666666666667 0.5944444444444444 0.017708333333333333 0.05740740740740741
0 0.5619791666666667 0.6018518518518519 0.028125 0.13703703703703704
0 0.5447916666666667 0.5939814814814814 0.03854166666666667 0.12685185185185185
