2 0.3453125 0.5958333333333333 0.16770833333333332 0.16574074074074074
2 0.22578125 0.5907407407407408 0.16927083333333334 0.15185185185185185
2 0.8026041666666667 0.5819444444444445 0.07708333333333334 0.0712962962962963
3 0.5002604166666667 0.6569444444444444 0.05572916666666667 0.12129629629629629
3 0.59375 0.6 0.026041666666666668 0.07407407407407407
2 0.61328125 0.5685185185185185 0.028645833333333332 0.05555555555555555
2 0.43333333333333335 0.5583333333333333 0.046875 0.06666666666666667
0 0.496875 0.6037037037037037 0.05625 0.18518518518518517
0 0.46015625 0.5884259259259259 0.0203125 0.0787037037037037
0 0.66015625 0.575925925925926 0.015104166666666667 0.053703703703703705
0 0.5932291666666667 0.5879629629629629 0.027083333333333334 0.09259259259259259
0 0.8684895833333334 0.5736111111111111 0.018229166666666668 0.08981481481481482
0 0.8796875 0.5712962962962963 0.0125 0.07222222222222222
