2 0.14192708333333334 0.6222222222222222 0.2838541666666667 0.2222222222222222
2 0.7984375 0.5782407407407407 0.07708333333333334 0.07314814814814814
3 0.5466145833333333 0.6509259259259259 0.06197916666666667 0.13333333333333333
3 0.43645833333333334 0.6180555555555556 0.040625 0.10092592592592593
3 0.62265625 0.587037037037037 0.024479166666666666 0.06851851851851852
2 0.35494791666666664 0.5361111111111111 0.034895833333333334 0.03518518518518519
2 0.3489583333333333 0.5361111111111111 0.03333333333333333 0.03333333333333333
0 0.5473958333333333 0.6018518518518519 0.06041666666666667 0.18333333333333332
0 0.43255208333333334 0.5782407407407407 0.034895833333333334 0.1175925925925926
0 0.6221354166666667 0.5740740740740741 0.025520833333333333 0.08888888888888889
0 0.94453125 0.5787037037037037 0.015104166666666667 0.08518518518518518
0 0.5760416666666667 0.5569444444444445 0.019791666666666666 0.06759259259259259
