2 0.7955729166666666 0.6527777777777778 0.07760416666666667 0.07222222222222222
3 0.11822916666666666 0.7189814814814814 0.08645833333333333 0.12314814814814815
2 0.5002604166666667 0.6402777777777777 0.0515625 0.0787037037037037
3 0.6276041666666666 0.7023148148148148 0.028125 0.08796296296296297
3 0.012760416666666666 0.7199074074074074 0.025520833333333333 0.11203703703703703
3 0.4390625 0.6972222222222222 0.03958333333333333 0.09259259259259259
2 0.3450520833333333 0.6231481481481481 0.03177083333333333 0.03333333333333333
2 0.46197916666666666 0.6277777777777778 0.027083333333333334 0.044444444444444446
2 0.46067708333333335 0.6361111111111111 0.0296875 0.046296296296296294
2 0.42213541666666665 0.6314814814814815 0.03697916666666667 0.05185185185185185
3 0.6278645833333333 0.6935185185185185 0.034895833333333334 0.1037037037037037
0 0.125 0.6666666666666666 0.04479166666666667 0.14629629629629629
0 0.6260416666666667 0.6736111111111112 0.035416666666666666 0.11388888888888889
0 0.4322916666666667 0.6824074074074075 0.03125 0.08888888888888889
0 0.4356770833333333 0.6722222222222223 0.04114583333333333 0.12222222222222222
0 0.43697916666666664 0.6907407407407408 0.03958333333333333 0.09814814814814815
0 0.5822916666666667 0.6606481481481481 0.026041666666666668 0.09166666666666666
