2 0.7825520833333334 0.6166666666666667 0.08072916666666667 0.07222222222222222
2 0.42135416666666664 0.6393518518518518 0.18125 0.1824074074074074
3 0.6794270833333333 0.6662037037037037 0.0328125 0.09722222222222222
3 0.46432291666666664 0.7032407407407407 0.08072916666666667 0.16574074074074074
2 0.3921875 0.6370370370370371 0.12395833333333334 0.18518518518518517
2 0.30364583333333334 0.5606481481481481 0.029166666666666667 0.032407407407407406
2 0.49635416666666665 0.5888888888888889 0.0375 0.05555555555555555
2 0.33229166666666665 0.562962962962963 0.03125 0.03518518518518519
0 0.4630208333333333 0.637962962962963 0.07916666666666666 0.19444444444444445
0 0.6763020833333333 0.6166666666666667 0.03802083333333333 0.12962962962962962
0 0.8533854166666667 0.600925925925926 0.0171875 0.06851851851851852
