2 0.8015625 0.5879629629629629 0.08020833333333334 0.07407407407407407
3 0.13203125 0.6171296296296296 0.07864583333333333 0.13240740740740742
3 0.05078125 0.6666666666666666 0.1015625 0.18333333333333332
3 0.40234375 0.6175925925925926 0.05260416666666667 0.11481481481481481
2 0.465625 0.5726851851851852 0.06354166666666666 0.10092592592592593
3 0.5015625 0.663425925925926 0.06458333333333334 0.13055555555555556
3 0.6440104166666667 0.6342592592592593 0.0296875 0.08148148148148149
0 0.03203125 0.6152777777777778 0.0640625 0.2564814814814815
0 0.40963541666666664 0.5842592592592593 0.0453125 0.1425925925925926
0 0.9416666666666667 0.5828703703703704 0.019791666666666666 0.09537037037037037
0 0.9666666666666667 0.5930555555555556 0.017708333333333333 0.10092592592592593
0 0.6401041666666667 0.5879629629629629 0.035416666666666666 0.1
0 0.49947916666666664 0.6060185185185185 0.06041666666666667 0.16018518518518518
0 0.12734375 0.5787037037037037 0.0453125 0.14074074074074075
0 0.99140625 0.5925925925925926 0.016145833333333335 0.09444444444444444
0 0.5158854166666667 0.6129629629629629 0.027604166666666666 0.14444444444444443
0 0.9638020833333333 0.5953703703703703 0.024479166666666666 0.1111111111111111
