2 0.80078125 0.5745370370370371 0.0796875 0.0712962962962963
3 0.4166666666666667 0.7467592592592592 0.13854166666666667 0.27870370370370373
2 0.4041666666666667 0.6240740740740741 0.23333333333333334 0.2
3 0.04505208333333333 0.6569444444444444 0.09010416666666667 0.16018518518518518
2 0.4791666666666667 0.612037037037037 0.08125 0.16666666666666666
3 0.63828125 0.5995370370370371 0.027604166666666666 0.075
2 0.35182291666666665 0.6287037037037037 0.12552083333333333 0.19074074074074074
3 0.5328125 0.5875 0.021875 0.058333333333333334
2 0.34869791666666666 0.5296296296296297 0.033854166666666664 0.03518518518518519
2 0.5502604166666667 0.5407407407407407 0.022395833333333334 0.03518518518518519
0 0.4171875 0.6416666666666667 0.09375 0.3314814814814815
0 0.0359375 0.5916666666666667 0.071875 0.22592592592592592
0 0.05963541666666667 0.5958333333333333 0.04010416666666667 0.18796296296296297
0 0.054947916666666666 0.5921296296296297 0.05364583333333333 0.20277777777777778
0 0.6395833333333333 0.5930555555555556 0.028125 0.08055555555555556
0 0.02578125 0.587037037037037 0.0515625 0.21666666666666667
0 0.29791666666666666 0.5768518518518518 0.036458333333333336 0.10740740740740741
