3 0.5546875 0.6402777777777777 0.04479166666666667 0.10277777777777777
2 0.28411458333333334 0.5907407407407408 0.13802083333333334 0.13518518518518519
2 0.3888020833333333 0.5953703703703703 0.13802083333333334 0.15185185185185185
2 0.80234375 0.5875 0.07864583333333333 0.0712962962962963
3 0.6020833333333333 0.6023148148148149 0.029166666666666667 0.058333333333333334
3 0.48984375 0.5967592592592592 0.019270833333333334 0.058333333333333334
0 0.8932291666666666 0.5796296296296296 0.0125 0.07037037037037037
0 0.871875 0.5791666666666667 0.016666666666666666 0.08425925925925926
0 0.5513020833333333 0.5958333333333333 0.044270833333333336 0.13240740740740742
0 0.8760416666666667 0.5782407407407407 0.016666666666666666 0.08055555555555556
