2 0.78203125 0.6662037037037037 0.07760416666666667 0.07685185185185185
3 0.5010416666666667 0.6777777777777778 0.046875 0.0962962962962963
3 0.6354166666666666 0.7152777777777778 0.03958333333333333 0.1287037037037037
3 0.18828125 0.6523148148148148 0.0609375 0.09166666666666666
7 0.31276041666666665 0.6291666666666667 0.1640625 0.17314814814814813
2 0.4747395833333333 0.6111111111111112 0.034895833333333334 0.05555555555555555
2 0.4119791666666667 0.600462962962963 0.03229166666666667 0.04351851851851852
2 0.559375 0.6222222222222222 0.028125 0.03333333333333333
0 0.6330729166666667 0.6643518518518519 0.044270833333333336 0.1398148148148148
0 0.18333333333333332 0.6236111111111111 0.040625 0.125
0 0.8278645833333333 0.6648148148148149 0.0203125 0.07222222222222222
0 0.4317708333333333 0.6282407407407408 0.020833333333333332 0.0712962962962963
