2 0.6020833333333333 0.5722222222222222 0.06145833333333333 0.08888888888888889
3 0.13567708333333334 0.6162037037037037 0.08072916666666667 0.1175925925925926
3 0.26510416666666664 0.6782407407407407 0.1375 0.24722222222222223
2 0.8020833333333334 0.5745370370370371 0.078125 0.07314814814814814
2 0.3658854166666667 0.5717592592592593 0.09322916666666667 0.09537037037037037
2 0.5041666666666667 0.5546296296296296 0.034375 0.06481481481481481
2 0.02578125 0.6365740740740741 0.0515625 0.27870370370370373
3 0.446875 0.6189814814814815 0.052083333333333336 0.11944444444444445
3 0.6578125 0.6032407407407407 0.025 0.08425925925925926
3 0.69296875 0.5912037037037037 0.0203125 0.05462962962962963
0 0.2713541666666667 0.6087962962962963 0.071875 0.24537037037037038
0 0.13567708333333334 0.5726851851851852 0.03177083333333333 0.13796296296296295
0 0.65625 0.5949074074074074 0.026041666666666668 0.09351851851851851
0 0.45416666666666666 0.5782407407407407 0.035416666666666666 0.1361111111111111
0 0.44453125 0.5828703703703704 0.0484375 0.1398148148148148
0 0.8932291666666666 0.5662037037037037 0.016666666666666666 0.08055555555555556
0 0.8815104166666666 0.5634259259259259 0.0140625 0.0824074074074074
0 0.69140625 0.5699074074074074 0.0234375 0.08425925925925926
0 0.46979166666666666 0.5736111111111111 0.035416666666666666 0.11388888888888889
0 0.48203125 0.5819444444444445 0.0234375 0.08611111111111111
