2 0.8205729166666667 0.6023148148148149 0.07239583333333334 0.0787037037037037
3 0.109375 0.6550925925925926 0.11979166666666667 0.1527777777777778
7 0.11848958333333333 0.6 0.23697916666666666 0.2111111111111111
3 0.4432291666666667 0.6208333333333333 0.03958333333333333 0.09722222222222222
2 0.11822916666666666 0.5995370370370371 0.23645833333333333 0.21574074074074073
3 0.39036458333333335 0.5967592592592592 0.0234375 0.05648148148148148
7 0.5533854166666666 0.637962962962963 0.16614583333333333 0.3277777777777778
2 0.35833333333333334 0.5546296296296296 0.03229166666666667 0.03333333333333333
0 0.9921875 0.6041666666666666 0.014583333333333334 0.09537037037037037
0 0.675 0.5912037037037037 0.015625 0.05648148148148148
