2 0.2609375 0.5828703703703704 0.13020833333333334 0.13055555555555556
3 0.16953125 0.6449074074074074 0.10572916666666667 0.18055555555555555
2 0.8015625 0.5745370370370371 0.078125 0.0712962962962963
2 0.478125 0.562962962962963 0.057291666666666664 0.09074074074074075
2 0.5794270833333334 0.5847222222222223 0.07447916666666667 0.11203703703703703
3 0.6783854166666666 0.6171296296296296 0.0328125 0.09166666666666666
3 0.5270833333333333 0.675 0.06770833333333333 0.16296296296296298
3 0.40625 0.5944444444444444 0.03854166666666667 0.10185185185185185
3 0.013020833333333334 0.637962962962963 0.026041666666666668 0.12222222222222222
2 0.35442708333333334 0.5324074074074074 0.0328125 0.03888888888888889
2 0.31588541666666664 0.5305555555555556 0.04114583333333333 0.044444444444444446
0 0.52578125 0.6092592592592593 0.059895833333333336 0.20555555555555555
0 0.17473958333333334 0.5921296296296297 0.05260416666666667 0.20092592592592592
0 0.6760416666666667 0.5861111111111111 0.03125 0.1037037037037037
0 0.3984375 0.5912037037037037 0.022916666666666665 0.10277777777777777
0 0.6346354166666667 0.5675925925925925 0.016145833333333335 0.06666666666666667
0 0.67265625 0.5736111111111111 0.0234375 0.08055555555555556
0 0.8934895833333333 0.5703703703703704 0.0171875 0.07962962962962963
0 0.41692708333333334 0.5717592592592593 0.0234375 0.10833333333333334
0 0.4114583333333333 0.5824074074074074 0.03229166666666667 0.10925925925925926
