3 0.4817708333333333 0.7851851851851852 0.11875 0.24074074074074073
2 0.04739583333333333 0.7314814814814815 0.09479166666666666 0.3814814814814815
2 0.7822916666666667 0.6398148148148148 0.07708333333333334 0.07037037037037037
2 0.41354166666666664 0.5944444444444444 0.025 0.044444444444444446
2 0.4427083333333333 0.6199074074074075 0.05 0.08055555555555556
2 0.5283854166666667 0.6037037037037037 0.044270833333333336 0.03333333333333333
0 0.8283854166666667 0.6300925925925925 0.018229166666666668 0.06574074074074074
0 0.6315104166666666 0.6171296296296296 0.011979166666666667 0.05648148148148148
0 0.48723958333333334 0.6958333333333333 0.06614583333333333 0.24537037037037038
0 0.47291666666666665 0.6939814814814815 0.08645833333333333 0.24166666666666667
0 0.6713541666666667 0.6324074074074074 0.01875 0.07962962962962963
