2 0.7872395833333333 0.6476851851851851 0.07760416666666667 0.075
3 0.5203125 0.7662037037037037 0.08229166666666667 0.19722222222222222
3 0.3515625 0.7180555555555556 0.09166666666666666 0.16018518518518518
7 0.16458333333333333 0.6587962962962963 0.24479166666666666 0.23796296296296296
2 0.42161458333333335 0.6175925925925926 0.030729166666666665 0.06296296296296296
2 0.48203125 0.6180555555555556 0.04010416666666667 0.058333333333333334
2 0.45677083333333335 0.6087962962962963 0.03333333333333333 0.04351851851851852
0 0.5200520833333333 0.6833333333333333 0.08072916666666667 0.22592592592592592
0 0.3453125 0.6587962962962963 0.06041666666666667 0.18055555555555555
0 0.64453125 0.6435185185185185 0.018229166666666668 0.07962962962962963
0 0.6104166666666667 0.6388888888888888 0.017708333333333333 0.05555555555555555
0 0.29609375 0.6722222222222223 0.0296875 0.09444444444444444
