3 0.9291666666666667 0.7425925925925926 0.090625 0.17222222222222222
2 0.78515625 0.6018518518518519 0.07552083333333333 0.06666666666666667
3 0.46197916666666666 0.6583333333333333 0.04895833333333333 0.12777777777777777
2 0.353125 0.5986111111111111 0.15833333333333333 0.1638888888888889
2 0.5622395833333333 0.5787037037037037 0.030729166666666665 0.05555555555555555
3 0.4986979166666667 0.6268518518518519 0.027604166666666666 0.07407407407407407
0 0.9263020833333333 0.6574074074074074 0.0890625 0.2537037037037037
0 0.46145833333333336 0.6101851851851852 0.053125 0.14814814814814814
0 0.5268229166666667 0.5842592592592593 0.018229166666666668 0.07222222222222222
0 0.93984375 0.6578703703703703 0.0640625 0.25092592592592594
0 0.5458333333333333 0.5902777777777778 0.023958333333333335 0.08611111111111111
0 0.8598958333333333 0.6 0.019791666666666666 0.06296296296296296
