3 0.35546875 0.812037037037037 0.15572916666666667 0.31296296296296294
3 0.14635416666666667 0.6768518518518518 0.12083333333333333 0.16296296296296298
2 0.51015625 0.5717592592592593 0.03697916666666667 0.05648148148148148
2 0.8072916666666666 0.6032407407407407 0.07916666666666666 0.07314814814814814
2 0.27109375 0.6134259259259259 0.16614583333333333 0.19722222222222222
3 0.45416666666666666 0.6083333333333333 0.03125 0.07592592592592592
2 0.47604166666666664 0.5643518518518519 0.030208333333333334 0.041666666666666664
0 0.3528645833333333 0.6888888888888889 0.10572916666666667 0.35185185185185186
0 0.1515625 0.6319444444444444 0.05520833333333333 0.20277777777777778
0 0.9799479166666667 0.6074074074074074 0.018229166666666668 0.08888888888888889
