2 0.08098958333333334 0.6986111111111111 0.16197916666666667 0.36944444444444446
2 0.7994791666666666 0.5768518518518518 0.07916666666666666 0.07037037037037037
2 0.21692708333333333 0.6074074074074074 0.23385416666666667 0.19814814814814816
2 0.43645833333333334 0.5458333333333333 0.030208333333333334 0.041666666666666664
1 0.4640625 0.6189814814814815 0.035416666666666666 0.0787037037037037
3 0.57734375 0.6375 0.0453125 0.11574074074074074
3 0.628125 0.5824074074074074 0.025 0.06111111111111111
3 0.46458333333333335 0.6171296296296296 0.036458333333333336 0.0787037037037037
2 0.3541666666666667 0.5333333333333333 0.03125 0.03518518518518519
2 0.3484375 0.5333333333333333 0.03125 0.03518518518518519
2 0.4908854166666667 0.5407407407407407 0.0328125 0.05740740740740741
0 0.5786458333333333 0.5875 0.05 0.15092592592592594
0 0.5075520833333333 0.575462962962963 0.019270833333333334 0.075
0 0.46848958333333335 0.5805555555555556 0.022395833333333334 0.10555555555555556
0 0.4591145833333333 0.586574074074074 0.030729166666666665 0.1175925925925926
0 0.51171875 0.5671296296296297 0.0203125 0.08796296296296297
0 0.5755208333333334 0.6106481481481482 0.04583333333333333 0.15462962962962962
0 0.46588541666666666 0.5907407407407408 0.0328125 0.12037037037037036
0 0.46380208333333334 0.5708333333333333 0.034895833333333334 0.11203703703703703
0 0.4549479166666667 0.5541666666666667 0.022395833333333334 0.05462962962962963
0 0.971875 0.5731481481481482 0.01875 0.07592592592592592
0 0.6263020833333334 0.5726851851851852 0.027604166666666666 0.07685185185185185
