2 0.8026041666666667 0.5740740740740741 0.07916666666666666 0.07037037037037037
3 0.13203125 0.6958333333333333 0.1515625 0.22685185185185186
2 0.48776041666666664 0.5592592592592592 0.05572916666666667 0.07592592592592592
3 0.278125 0.6300925925925925 0.07083333333333333 0.1287037037037037
3 0.68671875 0.6087962962962963 0.028645833333333332 0.07314814814814814
3 0.06666666666666667 0.6314814814814815 0.08854166666666667 0.12222222222222222
2 0.29244791666666664 0.5787037037037037 0.12447916666666667 0.12037037037037036
3 0.5893229166666667 0.6486111111111111 0.043229166666666666 0.1361111111111111
3 0.434375 0.5893518518518519 0.0375 0.09351851851851851
0 0.1390625 0.624537037037037 0.07083333333333333 0.262037037037037
0 0.08932291666666667 0.5449074074074074 0.043229166666666666 0.08981481481481482
0 0.5861979166666667 0.6143518518518518 0.043229166666666666 0.1638888888888889
0 0.2799479166666667 0.575 0.049479166666666664 0.15555555555555556
0 0.5783854166666667 0.6018518518518519 0.0640625 0.14629629629629629
0 0.08072916666666667 0.5574074074074075 0.0625 0.11666666666666667
0 0.89140625 0.5675925925925925 0.016145833333333335 0.07962962962962963
0 0.6856770833333333 0.5902777777777778 0.0296875 0.08981481481481482
0 0.44375 0.586574074074074 0.019791666666666666 0.08611111111111111
0 0.684375 0.5736111111111111 0.028125 0.10092592592592593
0 0.434375 0.5837962962962963 0.036458333333333336 0.09351851851851851
0 0.584375 0.5888888888888889 0.040625 0.12222222222222222
