2 0.35911458333333335 0.5949074074074074 0.15989583333333332 0.16018518518518518
2 0.24895833333333334 0.5888888888888889 0.159375 0.15
2 0.8015625 0.5814814814814815 0.078125 0.07222222222222222
3 0.5231770833333333 0.649537037037037 0.0546875 0.12314814814814815
3 0.5947916666666667 0.6032407407407407 0.027083333333333334 0.06388888888888888
2 0.44479166666666664 0.5592592592592592 0.036458333333333336 0.05740740740740741
2 0.4510416666666667 0.562037037037037 0.05 0.06481481481481481
0 0.5197916666666667 0.600462962962963 0.052083333333333336 0.175
0 0.5934895833333333 0.5671296296296297 0.025520833333333333 0.09722222222222222
0 0.5177083333333333 0.5773148148148148 0.052083333333333336 0.1287037037037037
0 0.65625 0.5740740740740741 0.01875 0.05555555555555555
0 0.8697916666666666 0.5726851851851852 0.019791666666666666 0.08611111111111111
