2 0.8013020833333333 0.5935185185185186 0.07760416666666667 0.07222222222222222
3 0.4166666666666667 0.6921296296296297 0.09583333333333334 0.19166666666666668
3 0.29661458333333335 0.6439814814814815 0.08072916666666667 0.12129629629629629
3 0.6231770833333333 0.6574074074074074 0.0421875 0.10925925925925926
1 0.2984375 0.6430555555555556 0.08541666666666667 0.125
3 0.46458333333333335 0.6111111111111112 0.028125 0.09444444444444444
0 0.9442708333333333 0.5912037037037037 0.020833333333333332 0.08981481481481482
0 0.30078125 0.6050925925925926 0.05572916666666667 0.1675925925925926
0 0.42864583333333334 0.6217592592592592 0.05416666666666667 0.2064814814814815
0 0.61875 0.6097222222222223 0.04375 0.14722222222222223
0 0.9705729166666667 0.5976851851851852 0.013020833333333334 0.09722222222222222
0 0.9682291666666667 0.5958333333333333 0.013541666666666667 0.09537037037037037
0 0.4627604166666667 0.5958333333333333 0.0328125 0.12129629629629629
0 0.4153645833333333 0.6361111111111111 0.08489583333333334 0.22962962962962963
0 0.32083333333333336 0.5935185185185186 0.027083333333333334 0.14444444444444443
0 0.3033854166666667 0.5995370370370371 0.04114583333333333 0.1527777777777778
