3 0.225 0.6546296296296297 0.09895833333333333 0.14629629629629629
3 0.35651041666666666 0.7212962962962963 0.11927083333333334 0.20555555555555555
2 0.80234375 0.5976851851851852 0.07760416666666667 0.06944444444444445
3 0.60859375 0.6708333333333333 0.044270833333333336 0.125
2 0.41510416666666666 0.6 0.07083333333333333 0.1388888888888889
3 0.4171875 0.6032407407407407 0.06875 0.1398148148148148
2 0.5106770833333333 0.5662037037037037 0.027604166666666666 0.04351851851851852
0 0.23125 0.6125 0.046875 0.175
0 0.6041666666666666 0.6226851851851852 0.04895833333333333 0.16018518518518518
0 0.3684895833333333 0.6430555555555556 0.08489583333333334 0.24351851851851852
0 0.9744791666666667 0.6032407407407407 0.016666666666666666 0.09722222222222222
0 0.94453125 0.5921296296296297 0.019270833333333334 0.09537037037037037
0 0.3546875 0.6518518518518519 0.10625 0.2574074074074074
0 0.2578125 0.5902777777777778 0.027083333333333334 0.13055555555555556
