2 0.16484375 0.7074074074074074 0.3296875 0.3388888888888889
2 0.7817708333333333 0.6287037037037037 0.07708333333333334 0.07222222222222222
3 0.6015625 0.7222222222222222 0.07291666666666667 0.17222222222222222
2 0.421875 0.586574074074074 0.030208333333333334 0.03425925925925926
2 0.4700520833333333 0.6046296296296296 0.05572916666666667 0.08888888888888889
2 0.33203125 0.5787037037037037 0.033854166666666664 0.03518518518518519
2 0.39609375 0.5842592592592593 0.0265625 0.03333333333333333
2 0.5338541666666666 0.5916666666666667 0.028125 0.027777777777777776
0 0.6036458333333333 0.6564814814814814 0.05625 0.18703703703703703
0 0.840625 0.6166666666666667 0.0125 0.06851851851851852
