2 0.8018229166666667 0.5768518518518518 0.07760416666666667 0.07222222222222222
3 0.20260416666666667 0.7347222222222223 0.16458333333333333 0.2175925925925926
2 0.165625 0.6069444444444444 0.284375 0.23796296296296296
2 0.06692708333333333 0.5916666666666667 0.13385416666666666 0.18888888888888888
2 0.6091145833333333 0.5652777777777778 0.049479166666666664 0.0712962962962963
3 0.5309895833333333 0.6236111111111111 0.0578125 0.11944444444444445
2 0.4895833333333333 0.5537037037037037 0.025 0.06111111111111111
3 0.6755208333333333 0.586574074074074 0.027083333333333334 0.06018518518518518
2 0.11171875 0.6087962962962963 0.18489583333333334 0.22685185185185186
2 0.20989583333333334 0.5930555555555556 0.196875 0.21203703703703702
3 0.37838541666666664 0.6041666666666666 0.033854166666666664 0.08055555555555556
3 0.4283854166666667 0.5689814814814815 0.034895833333333334 0.07314814814814814
0 0.19557291666666668 0.6337962962962963 0.09635416666666667 0.30092592592592593
0 0.5184895833333333 0.5773148148148148 0.04010416666666667 0.11944444444444445
0 0.87734375 0.5685185185185185 0.016145833333333335 0.08148148148148149
0 0.525 0.5824074074074074 0.034375 0.12777777777777777
0 0.31015625 0.5699074074074074 0.034895833333333334 0.11203703703703703
0 0.6721354166666667 0.5787037037037037 0.0234375 0.06296296296296296
0 0.8934895833333333 0.5699074074074074 0.015104166666666667 0.07314814814814814
0 0.5291666666666667 0.5777777777777777 0.023958333333333335 0.12037037037037036
