2 0.5666666666666667 0.5949074074074074 0.05520833333333333 0.08796296296296297
3 0.3299479166666667 0.663425925925926 0.07135416666666666 0.1287037037037037
2 0.7890625 0.6092592592592593 0.078125 0.07222222222222222
3 0.22109375 0.6342592592592593 0.07239583333333334 0.1
3 0.946875 0.7328703703703704 0.10416666666666667 0.19722222222222222
2 0.5161458333333333 0.5740740740740741 0.03229166666666667 0.04814814814814815
2 0.40729166666666666 0.5671296296296297 0.03229166666666667 0.032407407407407406
0 0.9338541666666667 0.6685185185185185 0.08541666666666667 0.25
0 0.32864583333333336 0.6037037037037037 0.05416666666666667 0.16666666666666666
0 0.22317708333333333 0.5925925925925926 0.030729166666666665 0.12407407407407407
0 0.6807291666666667 0.5939814814814814 0.021875 0.0787037037037037
0 0.8263020833333333 0.5995370370370371 0.018229166666666668 0.0712962962962963
0 0.21354166666666666 0.6023148148148149 0.05 0.1398148148148148
