3 0.1453125 0.7217592592592592 0.13020833333333334 0.19722222222222222
2 0.40989583333333335 0.6240740740740741 0.06041666666666667 0.08703703703703704
3 0.52421875 0.7384259259259259 0.07552083333333333 0.14907407407407408
2 0.8 0.6342592592592593 0.07604166666666666 0.07407407407407407
2 0.575 0.6148148148148148 0.03958333333333333 0.05
2 0.47552083333333334 0.6324074074074074 0.04583333333333333 0.08518518518518518
2 0.34661458333333334 0.6023148148148149 0.03697916666666667 0.03611111111111111
2 0.35494791666666664 0.6018518518518519 0.033854166666666664 0.03518518518518519
3 0.5307291666666667 0.7472222222222222 0.06041666666666667 0.12222222222222222
3 0.4739583333333333 0.6416666666666667 0.041666666666666664 0.06666666666666667
2 0.36354166666666665 0.6018518518518519 0.020833333333333332 0.03333333333333333
0 0.52421875 0.6837962962962963 0.0546875 0.18796296296296297
0 0.8796875 0.6282407407407408 0.0125 0.06759259259259259
0 0.640625 0.6462962962962963 0.019791666666666666 0.05740740740740741
0 0.14739583333333334 0.6833333333333333 0.04479166666666667 0.17777777777777778
