2 0.058333333333333334 0.6328703703703704 0.11666666666666667 0.28055555555555556
2 0.22838541666666667 0.5981481481481481 0.16927083333333334 0.1685185185185185
2 0.81484375 0.6050925925925926 0.07552083333333333 0.0787037037037037
2 0.44583333333333336 0.5814814814814815 0.03958333333333333 0.05555555555555555
3 0.5114583333333333 0.6129629629629629 0.029166666666666667 0.07592592592592592
3 0.33177083333333335 0.6347222222222222 0.058333333333333334 0.10092592592592593
2 0.47291666666666665 0.5694444444444444 0.025 0.044444444444444446
3 0.6333333333333333 0.6513888888888889 0.090625 0.15648148148148147
2 0.35885416666666664 0.5606481481481481 0.028125 0.03611111111111111
0 0.33515625 0.6 0.03697916666666667 0.1259259259259259
0 0.9911458333333333 0.6097222222222223 0.016666666666666666 0.08796296296296297
0 0.33177083333333335 0.6111111111111112 0.05625 0.14074074074074075
0 0.9736979166666667 0.611574074074074 0.018229166666666668 0.10092592592592593
0 0.9583333333333334 0.6083333333333333 0.017708333333333333 0.08703703703703704
