2 0.30416666666666664 0.5902777777777778 0.128125 0.13240740740740742
3 0.5703125 0.6356481481481482 0.04375 0.10462962962962963
2 0.8013020833333333 0.5884259259259259 0.07760416666666667 0.06944444444444445
2 0.4044270833333333 0.5962962962962963 0.1265625 0.1425925925925926
3 0.6049479166666667 0.5981481481481481 0.021354166666666667 0.05555555555555555
5 0.5388020833333333 0.5365740740740741 0.08072916666666667 0.11944444444444445
3 0.4973958333333333 0.5962962962962963 0.021875 0.06111111111111111
3 0.6473958333333333 0.5763888888888888 0.022916666666666665 0.049074074074074076
0 0.5661458333333333 0.5921296296296297 0.036458333333333336 0.13240740740740742
0 0.89296875 0.5819444444444445 0.015104166666666667 0.06944444444444445
0 0.5947916666666667 0.5675925925925925 0.028125 0.08518518518518518
0 0.5674479166666667 0.575462962962963 0.0390625 0.08981481481481482
