3 0.09348958333333333 0.7486111111111111 0.18697916666666667 0.27870370370370373
3 0.3736979166666667 0.6527777777777778 0.058854166666666666 0.1259259259259259
2 0.78828125 0.6050925925925926 0.07552083333333333 0.0712962962962963
2 0.5651041666666666 0.5833333333333334 0.04375 0.06851851851851852
3 0.9208333333333333 0.7449074074074075 0.090625 0.16574074074074074
3 0.3046875 0.6143518518518518 0.0375 0.0824074074074074
3 0.49609375 0.6208333333333333 0.028645833333333332 0.0824074074074074
3 0.44921875 0.6064814814814815 0.030729166666666665 0.06851851851851852
2 0.14375 0.6037037037037037 0.2875 0.22962962962962963
0 0.10729166666666666 0.6541666666666667 0.07291666666666667 0.30648148148148147
0 0.91953125 0.6662037037037037 0.09322916666666667 0.2564814814814815
0 0.49505208333333334 0.6032407407407407 0.028645833333333332 0.11203703703703703
0 0.37135416666666665 0.6064814814814815 0.05 0.17037037037037037
0 0.45078125 0.5902777777777778 0.028645833333333332 0.08981481481481482
0 0.30572916666666666 0.5958333333333333 0.036458333333333336 0.12129629629629629
0 0.8453125 0.6092592592592593 0.017708333333333333 0.05925925925925926
0 0.6580729166666667 0.5958333333333333 0.016145833333333335 0.05092592592592592
