2 0.80078125 0.5740740740740741 0.0796875 0.07037037037037037
2 0.3455729166666667 0.6481481481481481 0.23489583333333333 0.27037037037037037
3 0.14973958333333334 0.8101851851851852 0.2994791666666667 0.362962962962963
3 0.6294270833333333 0.6097222222222223 0.0265625 0.08611111111111111
2 0.4388020833333333 0.5402777777777777 0.033854166666666664 0.04722222222222222
2 0.29270833333333335 0.6439814814814815 0.33958333333333335 0.2712962962962963
0 0.16484375 0.6995370370370371 0.1578125 0.5305555555555556
0 0.9395833333333333 0.5736111111111111 0.015625 0.0787037037037037
0 0.625 0.5898148148148148 0.021875 0.1
0 0.6388020833333333 0.5888888888888889 0.0140625 0.07962962962962963
