2 0.79921875 0.5856481481481481 0.07760416666666667 0.075
3 0.11796875 0.6675925925925926 0.12135416666666667 0.17407407407407408
3 0.525 0.65 0.05520833333333333 0.1259259259259259
2 0.47578125 0.5652777777777778 0.05572916666666667 0.09537037037037037
3 0.43411458333333336 0.6157407407407407 0.04635416666666667 0.0962962962962963
3 0.6494791666666667 0.625462962962963 0.028125 0.07314814814814814
3 0.19869791666666667 0.6171296296296296 0.0453125 0.08981481481481482
2 0.42526041666666664 0.5601851851851852 0.0453125 0.08148148148148149
0 0.128125 0.6064814814814815 0.053125 0.22037037037037038
0 0.5247395833333334 0.600462962962963 0.05364583333333333 0.15833333333333333
0 0.9419270833333333 0.5805555555555556 0.019270833333333334 0.09444444444444444
0 0.42890625 0.5856481481481481 0.04739583333333333 0.13240740740740742
0 0.64609375 0.5828703703703704 0.021354166666666667 0.09907407407407408
0 0.4361979166666667 0.5842592592592593 0.033854166666666664 0.12962962962962962
0 0.9645833333333333 0.5930555555555556 0.015625 0.09722222222222222
0 0.9901041666666667 0.5875 0.01875 0.08425925925925926
0 0.5200520833333333 0.5842592592592593 0.044270833333333336 0.1259259259259259
0 0.65 0.6157407407407407 0.028125 0.05925925925925926
