2 0.23567708333333334 0.5888888888888889 0.1640625 0.15
2 0.8020833333333334 0.5824074074074074 0.078125 0.07222222222222222
2 0.3515625 0.5930555555555556 0.16458333333333333 0.1675925925925926
3 0.5106770833333333 0.6537037037037037 0.05677083333333333 0.12222222222222222
2 0.44166666666666665 0.562037037037037 0.04375 0.06296296296296296
3 0.59453125 0.600462962962963 0.027604166666666666 0.06944444444444445
2 0.6140625 0.5671296296296297 0.026041666666666668 0.058333333333333334
2 0.44869791666666664 0.5611111111111111 0.0578125 0.06851851851851852
0 0.50625 0.5981481481481481 0.06041666666666667 0.17777777777777778
0 0.5927083333333333 0.5805555555555556 0.027083333333333334 0.1037037037037037
0 0.50390625 0.5694444444444444 0.05364583333333333 0.11851851851851852
