3 0.58984375 0.7347222222222223 0.05364583333333333 0.1527777777777778
3 0.058333333333333334 0.6754629629629629 0.09270833333333334 0.11388888888888889
7 0.25052083333333336 0.6430555555555556 0.20625 0.20833333333333334
2 0.7859375 0.6541666666666667 0.07604166666666666 0.075
3 0.43854166666666666 0.6953703703703704 0.06770833333333333 0.12037037037037036
2 0.48359375 0.6180555555555556 0.043229166666666666 0.06018518518518518
0 0.6453125 0.6449074074074074 0.016666666666666666 0.07685185185185185
0 0.06145833333333333 0.6370370370370371 0.0375 0.14629629629629629
0 0.4348958333333333 0.6574074074074074 0.059375 0.17777777777777778
0 0.5856770833333333 0.6731481481481482 0.0640625 0.17777777777777778
0 0.44427083333333334 0.649537037037037 0.040625 0.16203703703703703
0 0.5776041666666667 0.6416666666666667 0.051041666666666666 0.12037037037037036
0 0.4390625 0.6393518518518518 0.046875 0.1361111111111111
