2 0.18203125 0.5884259259259259 0.19635416666666666 0.1527777777777778
2 0.5515625 0.5916666666666667 0.1125 0.13333333333333333
3 0.38255208333333335 0.7277777777777777 0.12864583333333332 0.24074074074074073
2 0.46848958333333335 0.5625 0.07135416666666666 0.09907407407407408
2 0.8015625 0.575925925925926 0.078125 0.07222222222222222
3 0.6583333333333333 0.6333333333333333 0.03854166666666667 0.1111111111111111
2 0.42109375 0.537962962962963 0.03177083333333333 0.03333333333333333
2 0.0109375 0.6935185185185185 0.021875 0.16296296296296298
0 0.38697916666666665 0.6393518518518518 0.06875 0.2916666666666667
0 0.6572916666666667 0.5828703703703704 0.03854166666666667 0.12129629629629629
