2 0.79453125 0.6444444444444445 0.0765625 0.07222222222222222
3 0.25703125 0.6847222222222222 0.0546875 0.10092592592592593
2 0.42864583333333334 0.6287037037037037 0.04479166666666667 0.06481481481481481
3 0.4875 0.6703703703703704 0.030208333333333334 0.07407407407407407
3 0.02421875 0.7449074074074075 0.0484375 0.11018518518518519
2 0.55703125 0.6226851851851852 0.0296875 0.04351851851851852
3 0.15807291666666667 0.6944444444444444 0.06197916666666667 0.08888888888888889
2 0.5041666666666667 0.6300925925925925 0.042708333333333334 0.06944444444444445
3 0.6393229166666666 0.6828703703703703 0.022395833333333334 0.06759259259259259
2 0.4609375 0.6199074074074075 0.027083333333333334 0.04351851851851852
3 0.6005208333333333 0.6569444444444444 0.017708333333333333 0.06388888888888888
2 0.34322916666666664 0.6148148148148148 0.034375 0.03333333333333333
0 0.15989583333333332 0.6587962962962963 0.036458333333333336 0.13055555555555556
0 0.63828125 0.6560185185185186 0.027604166666666666 0.11018518518518519
0 0.6377604166666667 0.6388888888888888 0.027604166666666666 0.07962962962962963
0 0.2546875 0.6574074074074074 0.05 0.12407407407407407
0 0.5989583333333334 0.6509259259259259 0.020833333333333332 0.07407407407407407
0 0.006510416666666667 0.6597222222222222 0.013020833333333334 0.10648148148148148
0 0.8518229166666667 0.6333333333333333 0.015104166666666667 0.07037037037037037
