2 0.16536458333333334 0.5893518518518519 0.2046875 0.15833333333333333
2 0.54609375 0.5930555555555556 0.11510416666666666 0.13796296296296295
3 0.33255208333333336 0.7398148148148148 0.1515625 0.26851851851851855
2 0.8015625 0.575925925925926 0.078125 0.07222222222222222
2 0.465625 0.5657407407407408 0.07083333333333333 0.0962962962962963
3 0.65234375 0.6416666666666667 0.03697916666666667 0.10740740740740741
2 0.4200520833333333 0.537962962962963 0.027604166666666666 0.03148148148148148
0 0.3421875 0.649074074074074 0.071875 0.31666666666666665
0 0.6494791666666667 0.5990740740740741 0.04375 0.1425925925925926
0 0.64765625 0.5782407407407407 0.0390625 0.10648148148148148
