2 0.7986979166666667 0.6518518518518519 0.0765625 0.07407407407407407
2 0.4921875 0.6416666666666667 0.05520833333333333 0.08518518518518518
2 0.4200520833333333 0.6393518518518518 0.05677083333333333 0.0824074074074074
3 0.30494791666666665 0.7171296296296297 0.07447916666666667 0.1361111111111111
3 0.5869791666666667 0.7291666666666666 0.041666666666666664 0.11574074074074074
2 0.4591145833333333 0.624537037037037 0.0296875 0.049074074074074076
2 0.35130208333333335 0.6203703703703703 0.030729166666666665 0.037037037037037035
2 0.31223958333333335 0.612037037037037 0.03697916666666667 0.03888888888888889
3 0.5403645833333334 0.6967592592592593 0.0265625 0.0787037037037037
0 0.5815104166666667 0.6819444444444445 0.04739583333333333 0.14166666666666666
0 0.8596354166666667 0.6486111111111111 0.0171875 0.0824074074074074
0 0.3106770833333333 0.6958333333333333 0.03177083333333333 0.11944444444444445
0 0.5411458333333333 0.6768518518518518 0.030208333333333334 0.1111111111111111
0 0.84296875 0.6435185185185185 0.0140625 0.05740740740740741
0 0.3033854166666667 0.6995370370370371 0.06510416666666667 0.11944444444444445
0 0.5385416666666667 0.6662037037037037 0.028125 0.09722222222222222
