3 0.12395833333333334 0.7060185185185185 0.140625 0.1935185185185185
2 0.045572916666666664 0.6217592592592592 0.09114583333333333 0.20277777777777778
3 0.5385416666666667 0.6342592592592593 0.034375 0.0962962962962963
3 0.92578125 0.7513888888888889 0.08385416666666666 0.15833333333333333
2 0.7760416666666666 0.5976851851851852 0.07604166666666666 0.06388888888888888
2 0.43515625 0.587037037037037 0.10052083333333334 0.12222222222222222
2 0.7546875 0.5962962962962963 0.03333333333333333 0.05740740740740741
2 0.41640625 0.5986111111111111 0.08072916666666667 0.11574074074074074
2 0.32057291666666665 0.5569444444444445 0.0296875 0.026851851851851852
2 0.78671875 0.600462962962963 0.05677083333333333 0.06388888888888888
2 0.35234375 0.5615740740740741 0.03177083333333333 0.03611111111111111
0 0.9221354166666667 0.6689814814814815 0.09114583333333333 0.2675925925925926
0 0.12421875 0.6314814814814815 0.0546875 0.23333333333333334
0 0.5588541666666667 0.5902777777777778 0.025 0.08796296296296297
0 0.5372395833333333 0.5884259259259259 0.0296875 0.09351851851851851
0 0.82734375 0.5907407407407408 0.015104166666666667 0.07222222222222222
0 0.8684895833333334 0.6 0.019270833333333334 0.07037037037037037
0 0.5359375 0.5768518518518518 0.025 0.07407407407407407
