2 0.33671875 0.5949074074074074 0.17239583333333333 0.16944444444444445
2 0.8015625 0.5805555555555556 0.07708333333333334 0.07222222222222222
2 0.21614583333333334 0.5893518518518519 0.17395833333333333 0.15462962962962962
3 0.490625 0.6587962962962963 0.06145833333333333 0.12314814814814815
2 0.43697916666666664 0.5625 0.03854166666666667 0.06574074074074074
2 0.6114583333333333 0.5689814814814815 0.03229166666666667 0.058333333333333334
3 0.5916666666666667 0.6060185185185185 0.028125 0.06759259259259259
2 0.5489583333333333 0.5486111111111112 0.04583333333333333 0.04351851851851852
0 0.484375 0.6087962962962963 0.0625 0.175
0 0.6606770833333333 0.5763888888888888 0.015104166666666667 0.05277777777777778
0 0.5903645833333333 0.5861111111111111 0.0296875 0.10185185185185185
0 0.86875 0.5703703703703704 0.019791666666666666 0.08518518518518518
