2 0.7984375 0.6504629629629629 0.07708333333333334 0.07314814814814814
2 0.49140625 0.6393518518518518 0.05572916666666667 0.08611111111111111
2 0.4203125 0.637962962962963 0.058333333333333334 0.07962962962962963
3 0.2903645833333333 0.7245370370370371 0.08072916666666667 0.12314814814814815
3 0.5817708333333333 0.7291666666666666 0.04479166666666667 0.12129629629629629
2 0.45651041666666664 0.625462962962963 0.027604166666666666 0.05092592592592592
2 0.34479166666666666 0.6208333333333333 0.026041666666666668 0.03425925925925926
2 0.353125 0.6199074074074075 0.034375 0.03796296296296296
0 0.57734375 0.687037037037037 0.049479166666666664 0.1537037037037037
0 0.8596354166666667 0.6476851851851851 0.0171875 0.0824074074074074
0 0.53828125 0.6731481481481482 0.0328125 0.11296296296296296
0 0.84296875 0.6421296296296296 0.0140625 0.05462962962962963
0 0.27890625 0.6944444444444444 0.050520833333333334 0.12037037037037036
