2 0.7986979166666667 0.5810185185185185 0.07864583333333333 0.07685185185185185
3 0.3338541666666667 0.7236111111111111 0.14270833333333333 0.24537037037037038
2 0.4953125 0.5578703703703703 0.051041666666666666 0.08055555555555556
3 0.6075520833333333 0.6055555555555555 0.03177083333333333 0.07962962962962963
3 0.55 0.586574074074074 0.021875 0.06944444444444445
3 0.4231770833333333 0.5939814814814814 0.0390625 0.12314814814814815
2 0.4473958333333333 0.5550925925925926 0.027083333333333334 0.05277777777777778
3 0.4234375 0.6101851851851852 0.035416666666666666 0.0962962962962963
3 0.65078125 0.5898148148148148 0.018229166666666668 0.05
2 0.021354166666666667 0.6583333333333333 0.042708333333333334 0.22592592592592592
3 0.55234375 0.5819444444444445 0.03177083333333333 0.07685185185185185
0 0.33567708333333335 0.6333333333333333 0.10364583333333334 0.29074074074074074
0 0.28854166666666664 0.6069444444444444 0.058333333333333334 0.20462962962962963
0 0.946875 0.5828703703703704 0.01875 0.08425925925925926
0 0.3809895833333333 0.6083333333333333 0.0578125 0.24074074074074073
0 0.9791666666666666 0.587037037037037 0.016666666666666666 0.08703703703703704
0 0.2903645833333333 0.5671296296296297 0.05572916666666667 0.12685185185185185
0 0.95 0.5888888888888889 0.020833333333333332 0.09814814814814815
0 0.6052083333333333 0.5907407407407408 0.03229166666666667 0.1
0 0.60546875 0.5708333333333333 0.0328125 0.08425925925925926
