2 0.5442708333333334 0.6060185185185185 0.07604166666666666 0.11018518518518519
2 0.78515625 0.6069444444444444 0.0765625 0.0712962962962963
3 0.6213541666666667 0.6333333333333333 0.026041666666666668 0.05925925925925926
2 0.98203125 0.6935185185185185 0.034895833333333334 0.23333333333333334
2 0.50546875 0.5800925925925926 0.0296875 0.04722222222222222
2 0.30364583333333334 0.5587962962962963 0.030208333333333334 0.032407407407407406
2 0.50625 0.5731481481481482 0.03229166666666667 0.05740740740740741
2 0.40130208333333334 0.5675925925925925 0.030729166666666665 0.02962962962962963
2 0.40338541666666666 0.5666666666666667 0.03697916666666667 0.03518518518518519
2 0.47578125 0.5703703703703704 0.028645833333333332 0.03518518518518519
1 0.9802083333333333 0.7532407407407408 0.034375 0.11388888888888889
0 0.6908854166666667 0.6046296296296296 0.022395833333333334 0.09259259259259259
0 0.9815104166666667 0.6939814814814815 0.0359375 0.24537037037037038
