2 0.46041666666666664 0.6287037037037037 0.125 0.1648148148148148
2 0.7830729166666667 0.6101851851851852 0.07864583333333333 0.07222222222222222
3 0.6885416666666667 0.6555555555555556 0.028125 0.07407407407407407
2 0.30390625 0.5583333333333333 0.027604166666666666 0.03148148148148148
3 0.5401041666666667 0.6824074074074075 0.05416666666666667 0.11296296296296296
2 0.3984375 0.5671296296296297 0.028125 0.028703703703703703
0 0.6869791666666667 0.6148148148148148 0.030208333333333334 0.1388888888888889
0 0.5390625 0.6291666666666667 0.052083333333333336 0.1787037037037037
0 0.6315104166666666 0.5925925925925926 0.016145833333333335 0.05555555555555555
0 0.61640625 0.5861111111111111 0.0109375 0.046296296296296294
