2 0.6020833333333333 0.5708333333333333 0.06145833333333333 0.08611111111111111
2 0.8018229166666667 0.5736111111111111 0.07760416666666667 0.0712962962962963
3 0.14348958333333334 0.6199074074074075 0.0765625 0.11018518518518519
3 0.2794270833333333 0.6833333333333333 0.1359375 0.21851851851851853
2 0.03177083333333333 0.6337962962962963 0.06354166666666666 0.27314814814814814
2 0.371875 0.5712962962962963 0.08645833333333333 0.09444444444444444
2 0.5049479166666667 0.5555555555555556 0.03177083333333333 0.06296296296296296
3 0.45026041666666666 0.6175925925925926 0.0484375 0.11666666666666667
3 0.6591145833333333 0.6023148148148149 0.0234375 0.08425925925925926
3 0.6927083333333334 0.5907407407407408 0.019791666666666666 0.05555555555555555
2 0.5052083333333334 0.5657407407407408 0.028125 0.046296296296296294
0 0.28671875 0.6064814814814815 0.0703125 0.2388888888888889
0 0.65703125 0.5925925925925926 0.0265625 0.09444444444444444
0 0.48359375 0.5712962962962963 0.024479166666666666 0.1111111111111111
0 0.14140625 0.5712962962962963 0.0390625 0.13148148148148148
0 0.46380208333333334 0.5796296296296296 0.024479166666666666 0.11666666666666667
0 0.45989583333333334 0.5842592592592593 0.030208333333333334 0.12962962962962962
0 0.8825520833333333 0.5634259259259259 0.015104166666666667 0.08425925925925926
0 0.13489583333333333 0.5745370370370371 0.05416666666666667 0.13796296296296295
0 0.6911458333333333 0.5703703703703704 0.023958333333333335 0.08333333333333333
0 0.24244791666666668 0.587037037037037 0.0515625 0.1537037037037037
