2 0.7901041666666667 0.6083333333333333 0.07708333333333334 0.07037037037037037
3 0.40286458333333336 0.6125 0.04010416666666667 0.07685185185185185
3 0.28177083333333336 0.6699074074074074 0.08854166666666667 0.15833333333333333
3 0.46380208333333334 0.6296296296296297 0.033854166666666664 0.09259259259259259
2 0.5666666666666667 0.587037037037037 0.04791666666666667 0.07037037037037037
3 0.9307291666666667 0.7384259259259259 0.10833333333333334 0.18055555555555555
7 0.09427083333333333 0.6157407407407407 0.18854166666666666 0.2722222222222222
3 0.22213541666666667 0.6259259259259259 0.04739583333333333 0.09444444444444444
3 0.91171875 0.749537037037037 0.07239583333333334 0.15833333333333333
2 0.5197916666666667 0.5768518518518518 0.030208333333333334 0.03888888888888889
2 0.30911458333333336 0.5541666666666667 0.034895833333333334 0.03796296296296296
0 0.928125 0.6782407407407407 0.10625 0.2824074074074074
0 0.2838541666666667 0.6185185185185185 0.04791666666666667 0.19814814814814816
0 0.4005208333333333 0.5879629629629629 0.03229166666666667 0.1037037037037037
0 0.46432291666666664 0.5939814814814814 0.030729166666666665 0.10277777777777777
0 0.21979166666666666 0.6046296296296296 0.042708333333333334 0.13333333333333333
0 0.22421875 0.5907407407407408 0.034895833333333334 0.10740740740740741
0 0.66640625 0.6 0.015104166666666667 0.05185185185185185
