2 0.7989583333333333 0.5842592592592593 0.07708333333333334 0.07407407407407407
2 0.43723958333333335 0.5537037037037037 0.044270833333333336 0.07592592592592592
3 0.5817708333333333 0.6236111111111111 0.036458333333333336 0.09907407407407408
3 0.33567708333333335 0.6222222222222222 0.0609375 0.11851851851851852
2 0.48776041666666664 0.5611111111111111 0.05572916666666667 0.08703703703703704
3 0.10859375 0.6962962962962963 0.12447916666666667 0.17962962962962964
3 0.048177083333333336 0.7986111111111112 0.09635416666666667 0.33055555555555555
3 0.65390625 0.6023148148148149 0.022395833333333334 0.06018518518518518
3 0.5158854166666667 0.5990740740740741 0.028645833333333332 0.07592592592592592
2 0.6236979166666666 0.549074074074074 0.03802083333333333 0.06111111111111111
0 0.10078125 0.6189814814814815 0.06197916666666667 0.25833333333333336
0 0.039322916666666666 0.65 0.07864583333333333 0.4111111111111111
0 0.3372395833333333 0.5787037037037037 0.0515625 0.14074074074074075
0 0.5815104166666667 0.5805555555555556 0.0359375 0.10185185185185185
0 0.653125 0.5768518518518518 0.023958333333333335 0.0962962962962963
0 0.5174479166666667 0.5856481481481481 0.028645833333333332 0.08981481481481482
