2 0.22291666666666668 0.5861111111111111 0.171875 0.14074074074074075
2 0.5643229166666667 0.586574074074074 0.09947916666666666 0.12314814814814815
3 0.08333333333333333 0.6625 0.13541666666666666 0.19907407407407407
2 0.8010416666666667 0.5745370370370371 0.07708333333333334 0.06944444444444445
3 0.6721354166666667 0.6240740740740741 0.033854166666666664 0.09814814814814815
3 0.47760416666666666 0.6939814814814815 0.08958333333333333 0.19166666666666668
3 0.390625 0.5976851851851852 0.046875 0.10092592592592593
2 0.35234375 0.5324074074074074 0.03697916666666667 0.03888888888888889
0 0.4747395833333333 0.6212962962962963 0.06614583333333333 0.23148148148148148
0 0.09479166666666666 0.5976851851851852 0.058333333333333334 0.2212962962962963
0 0.6697916666666667 0.5837962962962963 0.034375 0.09907407407407408
0 0.8934895833333333 0.5708333333333333 0.0171875 0.07685185185185185
0 0.6361979166666667 0.5717592592592593 0.0171875 0.058333333333333334
0 0.9455729166666667 0.5740740740740741 0.0171875 0.07962962962962963
0 0.6359375 0.5638888888888889 0.019791666666666666 0.07222222222222222
