2 0.5158854166666667 0.5740740740740741 0.0640625 0.09814814814814815
3 0.33359375 0.7111111111111111 0.1265625 0.2111111111111111
3 0.20703125 0.6138888888888889 0.06197916666666667 0.1037037037037037
2 0.8403645833333333 0.5902777777777778 0.0703125 0.08055555555555556
2 0.4078125 0.5773148148148148 0.05625 0.09166666666666666
2 0.471875 0.562037037037037 0.03333333333333333 0.04814814814814815
3 0.7104166666666667 0.6050925925925926 0.021875 0.058333333333333334
2 0.47265625 0.5537037037037037 0.034895833333333334 0.06111111111111111
0 0.34375 0.6356481481481482 0.075 0.2638888888888889
0 0.7098958333333333 0.5962962962962963 0.020833333333333332 0.06111111111111111
