2 0.8018229166666667 0.5875 0.08072916666666667 0.07314814814814814
3 0.10755208333333334 0.6217592592592592 0.09427083333333333 0.13055555555555556
3 0.39453125 0.6180555555555556 0.058854166666666666 0.12314814814814815
2 0.46822916666666664 0.575 0.0875 0.10555555555555556
3 0.4940104166666667 0.6657407407407407 0.06510416666666667 0.14629629629629629
3 0.6421875 0.6314814814814815 0.03333333333333333 0.08888888888888889
3 0.0359375 0.6935185185185185 0.071875 0.15
2 0.42864583333333334 0.5393518518518519 0.036458333333333336 0.04351851851851852
0 0.0171875 0.6162037037037037 0.034375 0.2564814814814815
0 0.4921875 0.6236111111111111 0.06458333333333334 0.19537037037037036
0 0.9416666666666667 0.5837962962962963 0.019791666666666666 0.09351851851851851
0 0.40182291666666664 0.5819444444444445 0.050520833333333334 0.1398148148148148
0 0.9674479166666666 0.5958333333333333 0.018229166666666668 0.10462962962962963
0 0.63828125 0.5912037037037037 0.033854166666666664 0.10462962962962963
0 0.10208333333333333 0.5773148148148148 0.05520833333333333 0.14722222222222223
0 0.11119791666666666 0.5768518518518518 0.03697916666666667 0.15
0 0.9916666666666667 0.5907407407407408 0.015625 0.08888888888888889
0 0.49166666666666664 0.5930555555555556 0.06145833333333333 0.14351851851851852
