2 0.7989583333333333 0.5814814814814815 0.078125 0.07777777777777778
3 0.34296875 0.7106481481481481 0.14947916666666666 0.25833333333333336
2 0.49557291666666664 0.5578703703703703 0.050520833333333334 0.08055555555555556
3 0.60859375 0.6060185185185185 0.03177083333333333 0.0787037037037037
2 0.027083333333333334 0.6569444444444444 0.05416666666666667 0.23425925925925925
3 0.553125 0.5861111111111111 0.025 0.06851851851851852
7 0.027604166666666666 0.6560185185185186 0.05520833333333333 0.23796296296296296
3 0.415625 0.5907407407407408 0.058333333333333334 0.12777777777777777
3 0.6505208333333333 0.5898148148148148 0.01875 0.05185185185185185
3 0.42734375 0.5912037037037037 0.03802083333333333 0.11388888888888889
3 0.4296875 0.6018518518518519 0.030208333333333334 0.09814814814814815
0 0.34661458333333334 0.6351851851851852 0.09427083333333333 0.29444444444444445
0 0.29609375 0.5675925925925925 0.050520833333333334 0.12222222222222222
0 0.9466145833333334 0.5824074074074074 0.019270833333333334 0.08333333333333333
0 0.9791666666666666 0.5875 0.016666666666666666 0.08611111111111111
0 0.36354166666666665 0.6273148148148148 0.10416666666666667 0.287962962962963
0 0.3890625 0.625462962962963 0.05520833333333333 0.27870370370370373
0 0.9494791666666667 0.5884259259259259 0.020833333333333332 0.09537037037037037
0 0.60703125 0.5916666666666667 0.033854166666666664 0.1
