2 0.5671875 0.5935185185185186 0.05416666666666667 0.08518518518518518
2 0.7888020833333333 0.6087962962962963 0.07760416666666667 0.0712962962962963
3 0.94609375 0.7314814814814815 0.10677083333333333 0.1925925925925926
3 0.34348958333333335 0.6574074074074074 0.0671875 0.12407407407407407
3 0.23723958333333334 0.6314814814814815 0.06822916666666666 0.0962962962962963
2 0.51640625 0.5740740740740741 0.030729166666666665 0.046296296296296294
2 0.3067708333333333 0.5569444444444445 0.034375 0.030555555555555555
3 0.9270833333333334 0.7537037037037037 0.06458333333333334 0.14814814814814814
0 0.94140625 0.6708333333333333 0.10572916666666667 0.25833333333333336
0 0.34322916666666664 0.6134259259259259 0.05520833333333333 0.15648148148148147
0 0.23958333333333334 0.5916666666666667 0.028125 0.12407407407407407
0 0.6799479166666667 0.5939814814814814 0.0203125 0.0787037037037037
0 0.8268229166666666 0.6 0.0171875 0.07222222222222222
