2 0.21510416666666668 0.6013888888888889 0.19479166666666667 0.14537037037037037
2 0.8583333333333333 0.586574074074074 0.071875 0.08796296296296297
2 0.4713541666666667 0.5814814814814815 0.10520833333333333 0.1388888888888889
2 0.34348958333333335 0.5337962962962963 0.03802083333333333 0.030555555555555555
3 0.69609375 0.6416666666666667 0.03802083333333333 0.10185185185185185
2 0.38229166666666664 0.5412037037037037 0.03333333333333333 0.03796296296296296
2 0.3807291666666667 0.5439814814814815 0.026041666666666668 0.030555555555555555
2 0.6044270833333333 0.5523148148148148 0.0203125 0.04537037037037037
3 0.590625 0.5837962962962963 0.020833333333333332 0.04351851851851852
0 0.6950520833333333 0.6101851851851852 0.04010416666666667 0.1259259259259259
0 0.6916666666666667 0.5958333333333333 0.03229166666666667 0.10092592592592593
