2 0.8598958333333333 0.5981481481481481 0.084375 0.11296296296296296
2 0.10677083333333333 0.6226851851851852 0.21354166666666666 0.28425925925925927
2 0.42682291666666666 0.5694444444444444 0.06822916666666666 0.08888888888888889
3 0.5875 0.6777777777777778 0.0625 0.1574074074074074
3 0.37083333333333335 0.6023148148148149 0.042708333333333334 0.09537037037037037
2 0.6361979166666667 0.5569444444444445 0.034895833333333334 0.05092592592592592
3 0.48072916666666665 0.6231481481481481 0.052083333333333336 0.1111111111111111
2 0.10677083333333333 0.7069444444444445 0.21354166666666666 0.4527777777777778
3 0.5161458333333333 0.6041666666666666 0.027083333333333334 0.07314814814814814
0 0.5841145833333333 0.6138888888888889 0.06614583333333333 0.20185185185185187
0 0.47682291666666665 0.5847222222222223 0.0515625 0.1361111111111111
0 0.37838541666666664 0.5800925925925926 0.034895833333333334 0.10648148148148148
0 0.48984375 0.5824074074074074 0.034895833333333334 0.13333333333333333
0 0.471875 0.5935185185185186 0.0375 0.1425925925925926
0 0.5799479166666667 0.5824074074074074 0.06197916666666667 0.1388888888888889
0 0.5143229166666666 0.5731481481481482 0.027604166666666666 0.11296296296296296
0 0.37161458333333336 0.5851851851851851 0.0421875 0.11666666666666667
0 0.5794270833333334 0.5634259259259259 0.06197916666666667 0.09722222222222222
