2 0.7984375 0.5842592592592593 0.078125 0.07592592592592592
3 0.062239583333333334 0.700462962962963 0.12447916666666667 0.22685185185185186
2 0.4361979166666667 0.5541666666666667 0.044270833333333336 0.07685185185185185
3 0.3145833333333333 0.6268518518518519 0.0625 0.12407407407407407
3 0.5765625 0.6282407407407408 0.036458333333333336 0.09722222222222222
2 0.48333333333333334 0.5615740740740741 0.04791666666666667 0.08611111111111111
3 0.5080729166666667 0.6013888888888889 0.0296875 0.0787037037037037
3 0.65390625 0.6064814814814815 0.0265625 0.06296296296296296
0 0.04010416666666667 0.6212962962962963 0.07604166666666666 0.26481481481481484
0 0.31614583333333335 0.5814814814814815 0.041666666666666664 0.1574074074074074
0 0.51015625 0.5745370370370371 0.030729166666666665 0.10648148148148148
0 0.6520833333333333 0.5782407407407407 0.026041666666666668 0.09907407407407408
0 0.57421875 0.5773148148148148 0.03697916666666667 0.10277777777777777
0 0.5755208333333334 0.5958333333333333 0.03958333333333333 0.1398148148148148
0 0.9822916666666667 0.5898148148148148 0.017708333333333333 0.07962962962962963
