3 0.16484375 0.6884259259259259 0.12864583333333332 0.2064814814814815
3 0.35052083333333334 0.6180555555555556 0.05 0.08425925925925926
3 0.4278645833333333 0.6402777777777777 0.0421875 0.09907407407407408
2 0.5682291666666667 0.5884259259259259 0.04895833333333333 0.075
3 0.9354166666666667 0.7449074074074075 0.11041666666666666 0.16944444444444445
2 0.78984375 0.6083333333333333 0.07552083333333333 0.07037037037037037
2 0.5106770833333333 0.5740740740740741 0.027604166666666666 0.03148148148148148
2 0.5177083333333333 0.5736111111111111 0.036458333333333336 0.03981481481481482
0 0.17317708333333334 0.6263888888888889 0.05260416666666667 0.24351851851851852
0 0.9299479166666667 0.674537037037037 0.10260416666666666 0.27870370370370373
0 0.4276041666666667 0.600925925925926 0.040625 0.13148148148148148
0 0.35078125 0.5837962962962963 0.0296875 0.09537037037037037
0 0.42682291666666666 0.5787037037037037 0.0390625 0.09074074074074075
0 0.8333333333333334 0.6064814814814815 0.01875 0.07777777777777778
0 0.6721354166666667 0.6060185185185185 0.0140625 0.05092592592592592
