2 0.3421875 0.5921296296296297 0.10729166666666666 0.11944444444444445
3 0.14322916666666666 0.7138888888888889 0.1625 0.2222222222222222
2 0.8013020833333333 0.5907407407407408 0.07552083333333333 0.07407407407407407
3 0.6 0.6356481481481482 0.03125 0.0824074074074074
2 0.434375 0.5953703703703703 0.109375 0.13148148148148148
3 0.5161458333333333 0.5949074074074074 0.017708333333333333 0.06388888888888888
5 0.5372395833333333 0.5314814814814814 0.07760416666666667 0.09259259259259259
2 0.49713541666666666 0.562037037037037 0.0234375 0.046296296296296294
0 0.15520833333333334 0.6620370370370371 0.057291666666666664 0.2388888888888889
0 0.5169270833333334 0.5930555555555556 0.019270833333333334 0.06574074074074074
0 0.8901041666666667 0.5847222222222223 0.017708333333333333 0.06944444444444445
0 0.8658854166666666 0.5828703703703704 0.016145833333333335 0.06944444444444445
