2 0.7861979166666667 0.6018518518518519 0.07552083333333333 0.06851851851851852
3 0.9278645833333333 0.7398148148148148 0.09114583333333333 0.17592592592592593
3 0.4393229166666667 0.6625 0.0546875 0.13796296296296295
2 0.3341145833333333 0.5990740740740741 0.16822916666666668 0.17222222222222222
3 0.48880208333333336 0.6259259259259259 0.03177083333333333 0.08333333333333333
2 0.5619791666666667 0.5777777777777777 0.03125 0.05740740740740741
7 0.3338541666666667 0.600462962962963 0.16770833333333332 0.175
0 0.9263020833333333 0.6606481481481481 0.09322916666666667 0.2564814814814815
0 0.4395833333333333 0.611574074074074 0.05520833333333333 0.1638888888888889
0 0.85859375 0.6041666666666666 0.019270833333333334 0.07685185185185185
0 0.5197916666666667 0.5851851851851851 0.01875 0.07592592592592592
0 0.4875 0.5925925925925926 0.03125 0.11666666666666667
0 0.6395833333333333 0.5782407407407407 0.013541666666666667 0.05277777777777778
0 0.48723958333333334 0.5745370370370371 0.027604166666666666 0.08425925925925926
