2 0.80078125 0.5939814814814814 0.07864583333333333 0.07314814814814814
3 0.40963541666666664 0.700462962962963 0.09635416666666667 0.17685185185185184
3 0.28802083333333334 0.6449074074074074 0.08645833333333333 0.125
3 0.62109375 0.6606481481481481 0.03802083333333333 0.10833333333333334
3 0.46171875 0.6148148148148148 0.0265625 0.09444444444444444
0 0.2877604166666667 0.6013888888888889 0.050520833333333334 0.16018518518518518
0 0.9440104166666666 0.5916666666666667 0.022395833333333334 0.09259259259259259
0 0.6171875 0.6101851851851852 0.046875 0.15555555555555556
0 0.40625 0.6291666666666667 0.08333333333333333 0.21944444444444444
0 0.9716145833333333 0.5995370370370371 0.015104166666666667 0.09722222222222222
0 0.421875 0.625462962962963 0.0625 0.2101851851851852
0 0.4591145833333333 0.5976851851851852 0.03177083333333333 0.12129629629629629
0 0.31666666666666665 0.5930555555555556 0.027083333333333334 0.13425925925925927
