2 0.50546875 0.6023148148148149 0.13802083333333334 0.15648148148148147
2 0.09375 0.6 0.1875 0.18703703703703703
2 0.8010416666666667 0.5740740740740741 0.078125 0.07222222222222222
2 0.43776041666666665 0.5694444444444444 0.0734375 0.1037037037037037
3 0.6018229166666667 0.6694444444444444 0.05572916666666667 0.1388888888888889
3 0.25885416666666666 0.6194444444444445 0.07708333333333334 0.1388888888888889
3 0.36640625 0.575 0.0296875 0.06851851851851852
0 0.6005208333333333 0.6018518518518519 0.059375 0.19814814814814816
0 0.26927083333333335 0.5773148148148148 0.04375 0.15833333333333333
0 0.6427083333333333 0.5810185185185185 0.023958333333333335 0.07314814814814814
