2 0.82109375 0.6023148148148149 0.0703125 0.0787037037037037
3 0.0625 0.6671296296296296 0.12291666666666666 0.15462962962962962
7 0.10833333333333334 0.5898148148148148 0.21666666666666667 0.20185185185185187
3 0.42630208333333336 0.6180555555555556 0.0359375 0.10833333333333334
7 0.5296875 0.6462962962962963 0.178125 0.35555555555555557
2 0.3578125 0.5537037037037037 0.03125 0.03333333333333333
0 0.06640625 0.6055555555555555 0.0515625 0.1814814814814815
0 0.42552083333333335 0.5912037037037037 0.0375 0.1287037037037037
0 0.9932291666666667 0.6037037037037037 0.0125 0.09074074074074075
0 0.9770833333333333 0.6018518518518519 0.021875 0.10740740740740741
0 0.6768229166666667 0.5902777777777778 0.016145833333333335 0.05462962962962963
0 0.971875 0.6037037037037037 0.019791666666666666 0.11296296296296296
