2 0.48880208333333336 0.6375 0.0546875 0.08425925925925926
2 0.41822916666666665 0.6365740740740741 0.06041666666666667 0.08055555555555556
2 0.7986979166666667 0.6472222222222223 0.07760416666666667 0.07592592592592592
3 0.26796875 0.7199074074074074 0.08697916666666666 0.1527777777777778
3 0.5736979166666667 0.7342592592592593 0.04739583333333333 0.11851851851851852
2 0.45677083333333335 0.625462962962963 0.030208333333333334 0.04351851851851852
3 0.26875 0.7393518518518518 0.08645833333333333 0.10833333333333334
2 0.34479166666666666 0.6171296296296296 0.030208333333333334 0.032407407407407406
2 0.3502604166666667 0.6162037037037037 0.03697916666666667 0.03425925925925926
2 0.3171875 0.6148148148148148 0.027083333333333334 0.03518518518518519
0 0.5690104166666666 0.6930555555555555 0.05364583333333333 0.16203703703703703
0 0.5276041666666667 0.6675925925925926 0.029166666666666667 0.13518518518518519
0 0.8596354166666667 0.6416666666666667 0.016145833333333335 0.07592592592592592
0 0.2671875 0.6791666666666667 0.04895833333333333 0.15092592592592594
0 0.8442708333333333 0.6416666666666667 0.013541666666666667 0.05925925925925926
