2 0.7822916666666667 0.6171296296296296 0.08020833333333334 0.07314814814814814
3 0.44947916666666665 0.7023148148148148 0.090625 0.18981481481481483
3 0.6770833333333334 0.6657407407407407 0.035416666666666666 0.10555555555555556
2 0.4088541666666667 0.6375 0.18229166666666666 0.18611111111111112
2 0.37994791666666666 0.637962962962963 0.12552083333333333 0.18888888888888888
2 0.30364583333333334 0.5606481481481481 0.030208333333333334 0.03425925925925926
2 0.49609375 0.5916666666666667 0.033854166666666664 0.05740740740740741
2 0.49296875 0.5828703703703704 0.03802083333333333 0.0712962962962963
2 0.5265625 0.5939814814814814 0.022916666666666665 0.04351851851851852
2 0.5026041666666666 0.5986111111111111 0.021875 0.04722222222222222
2 0.33229166666666665 0.562962962962963 0.03125 0.03333333333333333
0 0.6744791666666666 0.624537037037037 0.03958333333333333 0.14351851851851852
0 0.4432291666666667 0.6314814814814815 0.07916666666666666 0.1925925925925926
0 0.853125 0.600462962962963 0.016666666666666666 0.06944444444444445
0 0.44375 0.662962962962963 0.08333333333333333 0.19444444444444445
