3 0.28619791666666666 0.8273148148148148 0.20260416666666667 0.33796296296296297
3 0.09453125 0.6824074074074075 0.1359375 0.17777777777777778
2 0.8078125 0.6037037037037037 0.07916666666666666 0.07407407407407407
3 0.4471354166666667 0.611574074074074 0.03177083333333333 0.0787037037037037
2 0.5122395833333333 0.5722222222222222 0.04010416666666667 0.05925925925925926
2 0.25807291666666665 0.6125 0.21302083333333333 0.20833333333333334
2 0.3606770833333333 0.5833333333333334 0.09739583333333333 0.12407407407407407
2 0.4752604166666667 0.5657407407407408 0.0328125 0.046296296296296294
2 0.34088541666666666 0.5953703703703703 0.05572916666666667 0.15185185185185185
3 0.44427083333333334 0.6023148148148149 0.036458333333333336 0.09166666666666666
2 0.5682291666666667 0.5717592592592593 0.014583333333333334 0.032407407407407406
2 0.3802083333333333 0.5837962962962963 0.059375 0.11944444444444445
0 0.2864583333333333 0.7041666666666667 0.12291666666666666 0.41388888888888886
0 0.10104166666666667 0.6319444444444444 0.059375 0.21574074074074073
0 0.9817708333333334 0.6078703703703704 0.016666666666666666 0.08796296296296297
0 0.9557291666666666 0.6060185185185185 0.01875 0.09351851851851851
