2 0.7986979166666667 0.5824074074074074 0.07864583333333333 0.07592592592592592
3 0.6036458333333333 0.612037037037037 0.03125 0.07962962962962963
3 0.2877604166666667 0.7402777777777778 0.1671875 0.2638888888888889
2 0.4934895833333333 0.5583333333333333 0.0546875 0.08148148148148149
2 0.44166666666666665 0.549537037037037 0.036458333333333336 0.06759259259259259
3 0.6526041666666667 0.5930555555555556 0.017708333333333333 0.05092592592592592
3 0.6033854166666667 0.5930555555555556 0.033854166666666664 0.1175925925925926
3 0.5458333333333333 0.5856481481481481 0.021875 0.0712962962962963
1 0.4122395833333333 0.6129629629629629 0.0359375 0.09444444444444444
0 0.30052083333333335 0.6407407407407407 0.07291666666666667 0.3148148148148148
0 0.6018229166666667 0.5879629629629629 0.030729166666666665 0.11666666666666667
0 0.9796875 0.5879629629629629 0.016666666666666666 0.08703703703703704
0 0.33828125 0.6300925925925925 0.0546875 0.2898148148148148
0 0.41067708333333336 0.5805555555555556 0.04114583333333333 0.13703703703703704
0 0.946875 0.5842592592592593 0.01875 0.08148148148148149
0 0.6010416666666667 0.5796296296296296 0.027083333333333334 0.09259259259259259
0 0.95 0.5907407407407408 0.020833333333333332 0.09444444444444444
0 0.2546875 0.5856481481481481 0.065625 0.1675925925925926
0 0.65234375 0.5907407407407408 0.0171875 0.05185185185185185
