3 0.18333333333333332 0.8078703703703703 0.22395833333333334 0.3212962962962963
3 0.32395833333333335 0.6791666666666667 0.09166666666666666 0.1787037037037037
2 0.3731770833333333 0.5888888888888889 0.07447916666666667 0.0962962962962963
2 0.45755208333333336 0.5972222222222222 0.09114583333333333 0.11481481481481481
2 0.8020833333333334 0.6 0.07916666666666666 0.07222222222222222
3 0.6229166666666667 0.6277777777777778 0.027083333333333334 0.07407407407407407
2 0.5809895833333333 0.5796296296296296 0.03697916666666667 0.053703703703703705
2 0.31692708333333336 0.5532407407407407 0.0296875 0.032407407407407406
5 0.5380208333333333 0.5421296296296296 0.075 0.10833333333333334
0 0.18723958333333332 0.6995370370370371 0.08489583333333334 0.3509259259259259
0 0.52578125 0.5972222222222222 0.018229166666666668 0.06851851851851852
0 0.8817708333333333 0.5939814814814814 0.013541666666666667 0.062037037037037036
0 0.6223958333333334 0.6129629629629629 0.030208333333333334 0.09444444444444444
0 0.8651041666666667 0.5944444444444444 0.015625 0.07037037037037037
