2 0.42890625 0.5791666666666667 0.059895833333333336 0.07685185185185185
2 0.8283854166666667 0.600462962962963 0.06927083333333334 0.08055555555555556
3 0.534375 0.65 0.052083333333333336 0.12777777777777777
2 0.47239583333333335 0.562962962962963 0.03333333333333333 0.04814814814814815
7 0.20911458333333333 0.7666666666666667 0.38697916666666665 0.4388888888888889
2 0.5130208333333334 0.5666666666666667 0.034375 0.07407407407407407
0 0.0984375 0.7106481481481481 0.11770833333333333 0.4583333333333333
0 0.5359375 0.6046296296296296 0.04791666666666667 0.14814814814814814
0 0.6940104166666666 0.5953703703703703 0.0171875 0.05555555555555555
0 0.6606770833333333 0.5847222222222223 0.015104166666666667 0.03981481481481482
