3 0.6065104166666667 0.7305555555555555 0.0453125 0.14074074074074075
3 0.10234375 0.6657407407407407 0.0828125 0.1111111111111111
2 0.7841145833333333 0.6597222222222222 0.0765625 0.075
3 0.46197916666666666 0.6888888888888889 0.05520833333333333 0.11296296296296296
7 0.2640625 0.6365740740740741 0.178125 0.19722222222222222
3 0.3640625 0.6578703703703703 0.03125 0.0787037037037037
2 0.48333333333333334 0.6157407407407407 0.0375 0.06296296296296296
0 0.10364583333333334 0.6236111111111111 0.036458333333333336 0.13425925925925927
0 0.64453125 0.6462962962962963 0.0171875 0.07592592592592592
0 0.6 0.6694444444444444 0.05520833333333333 0.17037037037037037
0 0.5947916666666667 0.6601851851851852 0.04375 0.14814814814814814
0 0.8276041666666667 0.6527777777777778 0.015625 0.06481481481481481
0 0.8427083333333333 0.6518518518518519 0.013541666666666667 0.06481481481481481
0 0.4596354166666667 0.6546296296296297 0.0515625 0.1537037037037037
