2 0.15416666666666667 0.6125 0.22083333333333333 0.18055555555555555
2 0.47213541666666664 0.5861111111111111 0.08072916666666667 0.10925925925925926
3 0.35078125 0.6564814814814814 0.06510416666666667 0.13703703703703704
3 0.9138020833333333 0.7601851851851852 0.06614583333333333 0.16296296296296298
3 0.5731770833333333 0.6203703703703703 0.027604166666666666 0.07592592592592592
2 0.5453125 0.575 0.03125 0.04814814814814815
2 0.42239583333333336 0.5648148148148148 0.03125 0.03333333333333333
2 0.7666666666666667 0.5995370370370371 0.07395833333333333 0.06574074074074074
2 0.7486979166666666 0.5967592592592592 0.0390625 0.06018518518518518
3 0.5692708333333333 0.6069444444444444 0.035416666666666666 0.05648148148148148
0 0.9208333333333333 0.6865740740740741 0.09791666666666667 0.287962962962963
0 0.34921875 0.6111111111111112 0.0421875 0.15555555555555556
0 0.8794270833333333 0.6032407407407407 0.016145833333333335 0.062037037037037036
0 0.8765625 0.600925925925926 0.016666666666666666 0.06296296296296296
