2 0.25442708333333336 0.5976851851851852 0.16927083333333334 0.13240740740740742
2 0.85625 0.5875 0.07395833333333333 0.08796296296296297
2 0.48203125 0.5796296296296296 0.09739583333333333 0.1259259259259259
3 0.7033854166666667 0.6337962962962963 0.033854166666666664 0.08796296296296297
2 0.3424479166666667 0.5356481481481481 0.03802083333333333 0.03425925925925926
2 0.3802083333333333 0.5398148148148149 0.0375 0.040740740740740744
3 0.59140625 0.5814814814814815 0.021354166666666667 0.04259259259259259
2 0.375 0.5421296296296296 0.027083333333333334 0.03425925925925926
0 0.7018229166666666 0.5976851851851852 0.0328125 0.10092592592592593
0 0.43125 0.5689814814814815 0.017708333333333333 0.06944444444444445
