3 0.2708333333333333 0.65 0.0875 0.12037037037037036
3 0.39505208333333336 0.7074074074074074 0.10052083333333334 0.18518518518518517
2 0.8010416666666667 0.5944444444444444 0.07604166666666666 0.07037037037037037
3 0.61796875 0.6606481481481481 0.0390625 0.11574074074074074
3 0.47682291666666665 0.5990740740740741 0.0265625 0.08518518518518518
3 0.45286458333333335 0.6171296296296296 0.028645833333333332 0.08981481481481482
0 0.27578125 0.6097222222222223 0.06302083333333333 0.175
0 0.6140625 0.6185185185185185 0.04479166666666667 0.15
0 0.9440104166666666 0.5921296296296297 0.021354166666666667 0.09351851851851851
0 0.4046875 0.6347222222222222 0.07083333333333333 0.23796296296296296
0 0.9729166666666667 0.600925925925926 0.015625 0.0962962962962963
0 0.99296875 0.5976851851851852 0.013020833333333334 0.09166666666666666
