2 0.15833333333333333 0.7097222222222223 0.31666666666666665 0.39351851851851855
2 0.30416666666666664 0.5893518518518519 0.14375 0.1527777777777778
2 0.8 0.5740740740740741 0.07916666666666666 0.07037037037037037
2 0.43828125 0.537962962962963 0.033854166666666664 0.05185185185185185
3 0.6005208333333333 0.6259259259259259 0.03333333333333333 0.09814814814814815
3 0.4901041666666667 0.6041666666666666 0.029166666666666667 0.06759259259259259
0 0.9416666666666667 0.5736111111111111 0.014583333333333334 0.0824074074074074
0 0.9703125 0.5745370370370371 0.017708333333333333 0.0787037037037037
0 0.48854166666666665 0.5842592592592593 0.030208333333333334 0.10185185185185185
0 0.521875 0.5611111111111111 0.023958333333333335 0.07777777777777778
