3 0.03802083333333333 0.7134259259259259 0.07604166666666666 0.11574074074074074
2 0.796875 0.65 0.075 0.07222222222222222
2 0.50078125 0.6361111111111111 0.050520833333333334 0.07592592592592592
3 0.16067708333333333 0.7125 0.07447916666666667 0.11388888888888889
2 0.42578125 0.6347222222222222 0.043229166666666666 0.06759259259259259
3 0.45338541666666665 0.6888888888888889 0.03802083333333333 0.08333333333333333
3 0.6315104166666666 0.6972222222222222 0.025520833333333333 0.07962962962962963
2 0.34401041666666665 0.6208333333333333 0.03177083333333333 0.03796296296296296
3 0.5877604166666667 0.6763888888888889 0.022395833333333334 0.06388888888888888
2 0.5544270833333333 0.6291666666666667 0.025520833333333333 0.03796296296296296
3 0.6302083333333334 0.6884259259259259 0.03125 0.08611111111111111
0 0.038802083333333334 0.6703703703703704 0.0390625 0.1425925925925926
0 0.16875 0.6648148148148149 0.0375 0.1388888888888889
0 0.62890625 0.663425925925926 0.03177083333333333 0.12129629629629629
0 0.44557291666666665 0.6800925925925926 0.027604166666666666 0.09537037037037037
0 0.8536458333333333 0.6421296296296296 0.017708333333333333 0.0787037037037037
0 0.5861979166666667 0.663425925925926 0.021354166666666667 0.08055555555555556
0 0.46380208333333334 0.6657407407407407 0.022395833333333334 0.1
0 0.8794270833333333 0.6393518518518518 0.015104166666666667 0.06759259259259259
0 0.030989583333333334 0.6773148148148148 0.05677083333333333 0.1527777777777778
