2 0.07682291666666667 0.6166666666666667 0.15364583333333334 0.26666666666666666
2 0.6057291666666667 0.5680555555555555 0.058333333333333334 0.08055555555555556
2 0.8020833333333334 0.5745370370370371 0.078125 0.06944444444444445
3 0.20208333333333334 0.611574074074074 0.06354166666666666 0.09907407407407408
3 0.38697916666666665 0.6657407407407407 0.09166666666666666 0.16666666666666666
3 0.290625 0.6129629629629629 0.06041666666666667 0.10555555555555556
3 0.665625 0.5953703703703703 0.022916666666666665 0.07962962962962963
3 0.6908854166666667 0.587037037037037 0.019270833333333334 0.053703703703703705
3 0.4901041666666667 0.6111111111111112 0.035416666666666666 0.1
3 0.46015625 0.5925925925925926 0.025520833333333333 0.07407407407407407
0 0.20416666666666666 0.5736111111111111 0.034375 0.1361111111111111
0 0.4908854166666667 0.5726851851851852 0.03802083333333333 0.12685185185185185
0 0.3888020833333333 0.5930555555555556 0.05572916666666667 0.19722222222222222
0 0.8796875 0.5648148148148148 0.014583333333333334 0.07962962962962963
0 0.89375 0.5689814814814815 0.017708333333333333 0.07685185185185185
0 0.496875 0.5722222222222222 0.046875 0.10925925925925926
