2 0.7822916666666667 0.6157407407407407 0.08020833333333334 0.07407407407407407
2 0.43046875 0.637962962962963 0.18697916666666667 0.1814814814814815
3 0.6794270833333333 0.6662037037037037 0.034895833333333334 0.09351851851851851
2 0.4010416666666667 0.6370370370370371 0.12916666666666668 0.18333333333333332
3 0.47109375 0.6986111111111111 0.07760416666666667 0.1675925925925926
3 0.4739583333333333 0.7217592592592592 0.07083333333333333 0.11944444444444445
2 0.30390625 0.5606481481481481 0.028645833333333332 0.032407407407407406
2 0.3338541666666667 0.5638888888888889 0.03229166666666667 0.03333333333333333
0 0.46796875 0.6370370370370371 0.0703125 0.1962962962962963
0 0.6776041666666667 0.6189814814814815 0.0375 0.13240740740740742
0 0.8552083333333333 0.600462962962963 0.016666666666666666 0.06944444444444445
0 0.6197916666666666 0.586574074074074 0.013541666666666667 0.04722222222222222
