2 0.12005208333333334 0.6074074074074074 0.2390625 0.2351851851851852
2 0.6083333333333333 0.5662037037037037 0.05416666666666667 0.07685185185185185
2 0.8015625 0.575925925925926 0.078125 0.07037037037037037
3 0.046875 0.7532407407407408 0.09375 0.262037037037037
3 0.46979166666666666 0.649537037037037 0.06458333333333334 0.12685185185185185
2 0.40546875 0.5657407407407408 0.0484375 0.08148148148148149
3 0.26015625 0.6 0.0484375 0.09074074074074075
3 0.52265625 0.6092592592592593 0.028645833333333332 0.07407407407407407
3 0.3377604166666667 0.6101851851851852 0.0484375 0.09259259259259259
2 0.015625 0.5199074074074074 0.03125 0.04722222222222222
3 0.37786458333333334 0.5972222222222222 0.030729166666666665 0.07592592592592592
0 0.259375 0.5740740740740741 0.040625 0.12407407407407407
0 0.4661458333333333 0.5949074074074074 0.058333333333333334 0.17314814814814813
0 0.52109375 0.5875 0.0296875 0.10648148148148148
0 0.66875 0.5810185185185185 0.019791666666666666 0.07314814814814814
0 0.8791666666666667 0.5675925925925925 0.0125 0.07592592592592592
0 0.34765625 0.5833333333333334 0.04114583333333333 0.11481481481481481
0 0.89375 0.5689814814814815 0.017708333333333333 0.0787037037037037
