2 0.8177083333333334 0.6018518518518519 0.07395833333333333 0.07962962962962963
2 0.5203125 0.5717592592592593 0.040625 0.06388888888888888
3 0.48359375 0.6152777777777778 0.0359375 0.0824074074074074
3 0.2484375 0.6472222222222223 0.07708333333333334 0.11666666666666667
2 0.44505208333333335 0.5791666666666667 0.03802083333333333 0.058333333333333334
2 0.15963541666666667 0.5962962962962963 0.2046875 0.1925925925925926
2 0.31927083333333334 0.5583333333333333 0.04583333333333333 0.03518518518518519
3 0.6098958333333333 0.6263888888888889 0.128125 0.2601851851851852
2 0.35651041666666666 0.5569444444444445 0.03177083333333333 0.03796296296296296
7 0.61015625 0.6310185185185185 0.12552083333333333 0.25277777777777777
0 0.25026041666666665 0.6046296296296296 0.059895833333333336 0.15
0 0.9916666666666667 0.6041666666666666 0.015625 0.10092592592592593
0 0.9760416666666667 0.6069444444444444 0.019791666666666666 0.10462962962962963
0 0.9703125 0.6092592592592593 0.026041666666666668 0.11296296296296296
0 0.25390625 0.5972222222222222 0.0453125 0.13148148148148148
