2 0.81875 0.6023148148148149 0.071875 0.0787037037037037
2 0.4432291666666667 0.5763888888888888 0.0375 0.058333333333333334
3 0.22395833333333334 0.6240740740740741 0.10416666666666667 0.17037037037037037
2 0.5174479166666667 0.5726851851851852 0.03802083333333333 0.06388888888888888
3 0.47630208333333335 0.6180555555555556 0.0328125 0.08425925925925926
7 0.15208333333333332 0.5981481481481481 0.25416666666666665 0.19814814814814816
2 0.15286458333333333 0.5972222222222222 0.2546875 0.19814814814814816
3 0.2171875 0.6453703703703704 0.09166666666666666 0.12777777777777777
2 0.35651041666666666 0.5564814814814815 0.0296875 0.03518518518518519
7 0.59375 0.6291666666666667 0.13020833333333334 0.27314814814814814
2 0.325 0.5537037037037037 0.03125 0.03518518518518519
0 0.9916666666666667 0.6050925925925926 0.015625 0.09907407407407408
0 0.9690104166666667 0.6097222222222223 0.027604166666666666 0.1175925925925926
0 0.9776041666666667 0.6078703703703704 0.019791666666666666 0.10462962962962963
