2 0.5953125 0.575 0.06666666666666667 0.09259259259259259
2 0.80234375 0.5736111111111111 0.07760416666666667 0.0712962962962963
2 0.32760416666666664 0.575 0.078125 0.10740740740740741
3 0.22890625 0.611574074074074 0.0671875 0.10277777777777777
2 0.49557291666666664 0.5555555555555556 0.04635416666666667 0.07222222222222222
3 0.06197916666666667 0.7337962962962963 0.12395833333333334 0.24722222222222223
3 0.13802083333333334 0.6305555555555555 0.08854166666666667 0.1111111111111111
3 0.3770833333333333 0.6398148148148148 0.08020833333333334 0.15
3 0.4671875 0.5824074074074074 0.030208333333333334 0.07777777777777778
3 0.6411458333333333 0.6189814814814815 0.030208333333333334 0.09722222222222222
3 0.6919270833333333 0.5958333333333333 0.022395833333333334 0.05648148148148148
0 0.0359375 0.6236111111111111 0.071875 0.3212962962962963
0 0.23255208333333333 0.5745370370370371 0.0421875 0.13425925925925927
0 0.13020833333333334 0.5958333333333333 0.059375 0.1675925925925926
0 0.37473958333333335 0.5939814814814814 0.0515625 0.18611111111111112
0 0.69140625 0.5888888888888889 0.024479166666666666 0.06481481481481481
0 0.8911458333333333 0.5680555555555555 0.01875 0.0787037037037037
0 0.8861979166666667 0.5703703703703704 0.0171875 0.07592592592592592
0 0.034895833333333334 0.5648148148148148 0.06979166666666667 0.20185185185185187
