2 0.19973958333333333 0.6787037037037037 0.39947916666666666 0.3314814814814815
2 0.8005208333333333 0.5740740740740741 0.07916666666666666 0.07037037037037037
2 0.43776041666666665 0.5388888888888889 0.03177083333333333 0.05
3 0.61796875 0.6166666666666667 0.0328125 0.09259259259259259
3 0.5049479166666667 0.6023148148148149 0.024479166666666666 0.06018518518518518
2 0.37109375 0.575925925925926 0.0671875 0.12037037037037036
2 0.4861979166666667 0.5439814814814815 0.03697916666666667 0.06759259259259259
2 0.37161458333333336 0.5435185185185185 0.06197916666666667 0.05555555555555555
2 0.3346354166666667 0.5055555555555555 0.049479166666666664 0.03148148148148148
0 0.6169270833333333 0.5782407407407407 0.0328125 0.12129629629629629
0 0.9411458333333333 0.5712962962962963 0.014583333333333334 0.08148148148148149
0 0.6263020833333334 0.5773148148148148 0.025520833333333333 0.11388888888888889
0 0.96953125 0.575 0.016145833333333335 0.08333333333333333
0 0.6127604166666667 0.586574074074074 0.024479166666666666 0.08611111111111111
