2 0.8640625 0.5916666666666667 0.07291666666666667 0.09259259259259259
2 0.06927083333333334 0.6152777777777778 0.13854166666666667 0.18055555555555555
2 0.40729166666666666 0.5888888888888889 0.153125 0.1685185185185185
3 0.6346354166666667 0.6777777777777778 0.0546875 0.15185185185185185
3 0.5817708333333333 0.5842592592592593 0.026041666666666668 0.07222222222222222
2 0.35104166666666664 0.5342592592592592 0.029166666666666667 0.03333333333333333
3 0.5783854166666667 0.5768518518518518 0.03177083333333333 0.08333333333333333
2 0.6065104166666667 0.5527777777777778 0.033854166666666664 0.05185185185185185
5 0.5020833333333333 0.5203703703703704 0.0375 0.09814814814814815
0 0.6356770833333333 0.6157407407407407 0.06197916666666667 0.16111111111111112
0 0.6359375 0.5814814814814815 0.06145833333333333 0.11296296296296296
0 0.48671875 0.5699074074074074 0.019270833333333334 0.09351851851851851
