2 0.803125 0.5958333333333333 0.078125 0.06944444444444445
3 0.10651041666666666 0.6689814814814815 0.13489583333333333 0.17314814814814813
3 0.24765625 0.7421296296296296 0.1671875 0.28425925925925927
3 0.5799479166666667 0.6935185185185185 0.0515625 0.14814814814814814
3 0.37578125 0.6296296296296297 0.0671875 0.12037037037037036
2 0.40234375 0.5935185185185186 0.1296875 0.14629629629629629
2 0.5033854166666667 0.5652777777777778 0.04739583333333333 0.05462962962962963
2 0.5119791666666667 0.5662037037037037 0.035416666666666666 0.05277777777777778
3 0.6580729166666667 0.6046296296296296 0.0390625 0.07037037037037037
2 0.6580729166666667 0.5981481481481481 0.04010416666666667 0.07962962962962963
2 0.421875 0.5930555555555556 0.09166666666666666 0.14351851851851852
0 0.26276041666666666 0.6574074074074074 0.07760416666666667 0.2962962962962963
0 0.5747395833333333 0.6319444444444444 0.0609375 0.18981481481481483
0 0.11510416666666666 0.6231481481481481 0.051041666666666666 0.2074074074074074
0 0.15130208333333334 0.5962962962962963 0.030729166666666665 0.14629629629629629
0 0.9760416666666667 0.5995370370370371 0.017708333333333333 0.09166666666666666
0 0.3815104166666667 0.6092592592592593 0.05260416666666667 0.14814814814814814
