2 0.80234375 0.5736111111111111 0.07864583333333333 0.0712962962962963
3 0.6833333333333333 0.6106481481481482 0.029166666666666667 0.08425925925925926
3 0.23619791666666667 0.6324074074074074 0.09114583333333333 0.1574074074074074
3 0.06145833333333333 0.700462962962963 0.12291666666666666 0.23425925925925925
2 0.48411458333333335 0.5592592592592592 0.059895833333333336 0.08148148148148149
3 0.5653645833333333 0.6564814814814814 0.05364583333333333 0.15
2 0.5940104166666667 0.5782407407407407 0.05572916666666667 0.10648148148148148
2 0.3 0.5773148148148148 0.08854166666666667 0.12129629629629629
3 0.4205729166666667 0.5930555555555556 0.03177083333333333 0.09537037037037037
3 0.5674479166666667 0.674074074074074 0.04739583333333333 0.11481481481481481
2 0.3536458333333333 0.5342592592592592 0.028125 0.03518518518518519
0 0.03463541666666667 0.6486111111111111 0.06927083333333334 0.3138888888888889
0 0.23671875 0.5842592592592593 0.0453125 0.18518518518518517
0 0.5627604166666667 0.6055555555555555 0.05677083333333333 0.1925925925925926
0 0.8921875 0.5694444444444444 0.017708333333333333 0.07777777777777778
0 0.6802083333333333 0.5671296296296297 0.035416666666666666 0.1361111111111111
0 0.42265625 0.587037037037037 0.03697916666666667 0.0962962962962963
0 0.09557291666666666 0.6217592592592592 0.06510416666666667 0.21203703703703702
0 0.6317708333333333 0.5652777777777778 0.016666666666666666 0.058333333333333334
0 0.41510416666666666 0.5916666666666667 0.022916666666666665 0.09074074074074075
0 0.9177083333333333 0.5717592592592593 0.0125 0.08055555555555556
