3 0.92890625 0.7421296296296296 0.09010416666666667 0.1712962962962963
2 0.7846354166666667 0.6013888888888889 0.07552083333333333 0.06759259259259259
3 0.46588541666666666 0.6550925925925926 0.04739583333333333 0.1287037037037037
2 0.35546875 0.5967592592592592 0.1546875 0.16018518518518518
7 0.35520833333333335 0.5976851851851852 0.15416666666666667 0.16203703703703703
2 0.5640625 0.5782407407407407 0.027083333333333334 0.05462962962962963
2 0.61171875 0.5745370370370371 0.0203125 0.03796296296296296
0 0.9265625 0.6587962962962963 0.08958333333333333 0.25462962962962965
0 0.46536458333333336 0.6097222222222223 0.0515625 0.14537037037037037
0 0.5265625 0.587037037037037 0.01875 0.07037037037037037
