3 0.15026041666666667 0.7861111111111111 0.2421875 0.32592592592592595
2 0.7986979166666667 0.5828703703703704 0.07864583333333333 0.07685185185185185
2 0.49192708333333335 0.5597222222222222 0.05572916666666667 0.0824074074074074
2 0.43802083333333336 0.5518518518518518 0.04375 0.06851851851851852
3 0.59375 0.6171296296296296 0.03333333333333333 0.08796296296296297
3 0.38177083333333334 0.6106481481481482 0.04375 0.10648148148148148
2 0.31640625 0.5351851851851852 0.028645833333333332 0.03148148148148148
3 0.6536458333333334 0.5981481481481481 0.020833333333333332 0.053703703703703705
3 0.5330729166666667 0.5953703703703703 0.024479166666666666 0.06481481481481481
3 0.375 0.6083333333333333 0.06041666666666667 0.11296296296296296
3 0.5572916666666666 0.5833333333333334 0.019791666666666666 0.04814814814814815
0 0.1703125 0.662962962962963 0.10520833333333333 0.387037037037037
0 0.3828125 0.5763888888888888 0.040625 0.14537037037037037
0 0.22552083333333334 0.624537037037037 0.06041666666666667 0.30833333333333335
0 0.59453125 0.5842592592592593 0.033854166666666664 0.12962962962962962
0 0.9807291666666667 0.5884259259259259 0.016666666666666666 0.08611111111111111
0 0.6536458333333334 0.5925925925925926 0.021875 0.06111111111111111
0 0.9473958333333333 0.5856481481481481 0.015625 0.08055555555555556
0 0.9510416666666667 0.5912037037037037 0.015625 0.08611111111111111
