3 0.2234375 0.6504629629629629 0.05416666666666667 0.08796296296296297
3 0.6458333333333334 0.7087962962962963 0.03854166666666667 0.1175925925925926
2 0.7838541666666666 0.6652777777777777 0.07708333333333334 0.07685185185185185
3 0.5166666666666667 0.6685185185185185 0.041666666666666664 0.1037037037037037
2 0.475 0.6129629629629629 0.03854166666666667 0.05555555555555555
7 0.334375 0.6263888888888889 0.15625 0.16574074074074074
2 0.5575520833333333 0.6212962962962963 0.022395833333333334 0.03518518518518519
0 0.2203125 0.6148148148148148 0.03854166666666667 0.11851851851851852
0 0.6434895833333333 0.6615740740740741 0.044270833333333336 0.14351851851851852
0 0.8260416666666667 0.6625 0.019791666666666666 0.07314814814814814
