2 0.5434895833333333 0.6064814814814815 0.0765625 0.1111111111111111
2 0.7846354166666667 0.6064814814814815 0.0765625 0.07222222222222222
3 0.6200520833333333 0.6305555555555555 0.0265625 0.06666666666666667
2 0.98359375 0.6967592592592593 0.03177083333333333 0.2324074074074074
2 0.5041666666666667 0.5805555555555556 0.027083333333333334 0.046296296296296294
2 0.40130208333333334 0.5675925925925925 0.030729166666666665 0.02962962962962963
2 0.30390625 0.5587962962962963 0.0296875 0.032407407407407406
2 0.50546875 0.5717592592592593 0.03177083333333333 0.05462962962962963
2 0.47604166666666664 0.5722222222222222 0.028125 0.03333333333333333
0 0.6908854166666667 0.6055555555555555 0.022395833333333334 0.09074074074074075
