2 0.2546875 0.5833333333333334 0.13958333333333334 0.13148148148148148
2 0.8013020833333333 0.5740740740740741 0.07760416666666667 0.07222222222222222
2 0.47630208333333335 0.562037037037037 0.05572916666666667 0.09444444444444444
3 0.15651041666666668 0.6421296296296296 0.11197916666666667 0.18981481481481483
2 0.5765625 0.5837962962962963 0.08229166666666667 0.11388888888888889
3 0.5231770833333333 0.6861111111111111 0.06302083333333333 0.14814814814814814
3 0.6776041666666667 0.6180555555555556 0.03333333333333333 0.08981481481481482
3 0.40390625 0.5962962962962963 0.04010416666666667 0.1
2 0.35260416666666666 0.5319444444444444 0.035416666666666666 0.03981481481481482
2 0.3177083333333333 0.5324074074074074 0.03958333333333333 0.040740740740740744
3 0.5205729166666667 0.6736111111111112 0.0765625 0.17685185185185184
3 0.40989583333333335 0.5986111111111111 0.030208333333333334 0.09166666666666666
0 0.16458333333333333 0.5898148148148148 0.051041666666666666 0.2
0 0.52265625 0.6143518518518518 0.05572916666666667 0.2101851851851852
0 0.6752604166666667 0.5847222222222223 0.03177083333333333 0.10648148148148148
0 0.63515625 0.5680555555555555 0.015104166666666667 0.06388888888888888
0 0.6723958333333333 0.5685185185185185 0.022916666666666665 0.07222222222222222
0 0.39505208333333336 0.5935185185185186 0.0234375 0.0962962962962963
