2 0.14375 0.6055555555555555 0.21979166666666666 0.23148148148148148
2 0.60859375 0.5652777777777778 0.05364583333333333 0.075
2 0.8013020833333333 0.5763888888888888 0.07864583333333333 0.0712962962962963
3 0.4817708333333333 0.6430555555555556 0.0625 0.1287037037037037
3 0.06510416666666667 0.7509259259259259 0.13020833333333334 0.24444444444444444
2 0.40703125 0.5638888888888889 0.0578125 0.08148148148148149
3 0.26927083333333335 0.5976851851851852 0.04479166666666667 0.09166666666666666
3 0.3453125 0.6074074074074074 0.04583333333333333 0.09074074074074075
3 0.528125 0.6064814814814815 0.03125 0.07222222222222222
0 0.03177083333333333 0.6597222222222222 0.06354166666666666 0.38796296296296295
0 0.26875 0.5810185185185185 0.04375 0.11203703703703703
0 0.48463541666666665 0.5912037037037037 0.0359375 0.15648148148148147
0 0.66875 0.5800925925925926 0.01875 0.07314814814814814
0 0.47552083333333334 0.5916666666666667 0.051041666666666666 0.14814814814814814
0 0.5283854166666667 0.5773148148148148 0.03177083333333333 0.1175925925925926
0 0.26796875 0.5726851851851852 0.033854166666666664 0.11944444444444445
0 0.89375 0.5699074074074074 0.017708333333333333 0.07685185185185185
0 0.6854166666666667 0.5731481481481482 0.016666666666666666 0.05740740740740741
0 0.8794270833333333 0.5680555555555555 0.013020833333333334 0.07685185185185185
