3 0.046875 0.711574074074074 0.090625 0.1175925925925926
2 0.7958333333333333 0.649537037037037 0.07604166666666666 0.0712962962962963
3 0.17604166666666668 0.7041666666666667 0.07291666666666667 0.11574074074074074
2 0.5010416666666667 0.6337962962962963 0.04791666666666667 0.07314814814814814
2 0.4265625 0.6342592592592593 0.04375 0.07037037037037037
3 0.6325520833333333 0.6958333333333333 0.024479166666666666 0.07685185185185185
3 0.5901041666666667 0.6763888888888889 0.021875 0.05648148148148148
2 0.5546875 0.6291666666666667 0.028125 0.03611111111111111
2 0.34453125 0.6222222222222222 0.030729166666666665 0.03333333333333333
3 0.45989583333333334 0.6842592592592592 0.034375 0.07777777777777778
3 0.63125 0.6865740740740741 0.030208333333333334 0.08425925925925926
0 0.05755208333333333 0.6685185185185185 0.04114583333333333 0.1388888888888889
0 0.18385416666666668 0.6606481481481481 0.040625 0.1287037037037037
0 0.4669270833333333 0.6583333333333333 0.025520833333333333 0.11481481481481481
0 0.63046875 0.6648148148148149 0.030729166666666665 0.11481481481481481
0 0.853125 0.6412037037037037 0.017708333333333333 0.07685185185185185
0 0.2109375 0.6509259259259259 0.03125 0.09814814814814815
0 0.8791666666666667 0.6398148148148148 0.015625 0.06481481481481481
0 0.5877604166666667 0.662962962962963 0.0234375 0.07962962962962963
