3 0.109375 0.7032407407407407 0.16666666666666666 0.23055555555555557
2 0.80234375 0.5740740740740741 0.07864583333333333 0.07037037037037037
3 0.26848958333333334 0.6236111111111111 0.07552083333333333 0.14722222222222223
3 0.6861979166666666 0.6078703703703704 0.0296875 0.075
2 0.4869791666666667 0.5587962962962963 0.05625 0.07685185185185185
3 0.57734375 0.6435185185185185 0.05677083333333333 0.14629629629629629
2 0.290625 0.5722222222222222 0.12708333333333333 0.11481481481481481
3 0.4315104166666667 0.5898148148148148 0.034895833333333334 0.09074074074074075
3 0.58359375 0.6569444444444444 0.043229166666666666 0.12314814814814815
3 0.10807291666666667 0.625462962962963 0.1890625 0.13425925925925927
0 0.12708333333333333 0.6310185185185185 0.06666666666666667 0.27314814814814814
0 0.07838541666666667 0.5430555555555555 0.04010416666666667 0.08796296296296297
0 0.26484375 0.5898148148148148 0.06822916666666666 0.18703703703703703
0 0.5802083333333333 0.6074074074074074 0.053125 0.16296296296296298
0 0.8921875 0.5675925925925925 0.016666666666666666 0.07777777777777778
0 0.6317708333333333 0.5694444444444444 0.015625 0.05
0 0.26875 0.5800925925925926 0.051041666666666666 0.15833333333333333
0 0.5739583333333333 0.5861111111111111 0.06145833333333333 0.13518518518518519
0 0.6846354166666667 0.5861111111111111 0.0328125 0.09814814814814815
0 0.06848958333333334 0.5518518518518518 0.0640625 0.10740740740740741
0 0.42604166666666665 0.5879629629629629 0.023958333333333335 0.08888888888888889
