3 0.22552083333333334 0.6907407407407408 0.10729166666666666 0.14814814814814814
2 0.56171875 0.5967592592592592 0.058854166666666666 0.08981481481481482
3 0.096875 0.6476851851851851 0.10208333333333333 0.1175925925925926
2 0.7869791666666667 0.6092592592592593 0.07604166666666666 0.07222222222222222
3 0.9536458333333333 0.7467592592592592 0.08854166666666667 0.1527777777777778
3 0.62734375 0.6217592592592592 0.019270833333333334 0.041666666666666664
2 0.30572916666666666 0.5574074074074075 0.03333333333333333 0.02962962962962963
2 0.51328125 0.5791666666666667 0.0296875 0.03796296296296296
2 0.4049479166666667 0.5680555555555555 0.033854166666666664 0.030555555555555555
0 0.22578125 0.6189814814814815 0.07135416666666666 0.2212962962962963
0 0.9513020833333333 0.6666666666666666 0.0859375 0.23703703703703705
0 0.09791666666666667 0.6074074074074074 0.04479166666666667 0.15925925925925927
0 0.10442708333333334 0.6041666666666666 0.03177083333333333 0.14907407407407408
0 0.08619791666666667 0.6083333333333333 0.06927083333333334 0.1648148148148148
0 0.9770833333333333 0.6685185185185185 0.04479166666666667 0.2222222222222222
0 0.6877604166666667 0.6106481481481482 0.0171875 0.062037037037037036
0 0.684375 0.5796296296296296 0.016666666666666666 0.037037037037037035
