2 0.09817708333333333 0.6138888888888889 0.19635416666666666 0.25925925925925924
2 0.60703125 0.5685185185185185 0.05572916666666667 0.07962962962962963
2 0.8020833333333334 0.5745370370370371 0.078125 0.06944444444444445
3 0.43046875 0.6611111111111111 0.07552083333333333 0.13703703703703704
3 0.22942708333333334 0.6111111111111112 0.058854166666666666 0.09074074074074075
3 0.3140625 0.6101851851851852 0.05416666666666667 0.10185185185185185
2 0.39401041666666664 0.5592592592592592 0.0453125 0.06481481481481481
3 0.5052083333333334 0.6050925925925926 0.03333333333333333 0.08981481481481482
3 0.6692708333333334 0.5925925925925926 0.020833333333333332 0.07222222222222222
3 0.6893229166666667 0.5851851851851851 0.0171875 0.044444444444444446
3 0.3580729166666667 0.5981481481481481 0.027604166666666666 0.07407407407407407
0 0.42135416666666664 0.5879629629629629 0.06354166666666666 0.17222222222222222
0 0.5049479166666667 0.5856481481481481 0.03802083333333333 0.11203703703703703
0 0.23203125 0.5787037037037037 0.0421875 0.1111111111111111
0 0.5106770833333333 0.575 0.043229166666666666 0.1111111111111111
0 0.47578125 0.5708333333333333 0.027604166666666666 0.09907407407407408
