2 0.7986979166666667 0.5824074074074074 0.07864583333333333 0.07592592592592592
3 0.2552083333333333 0.7444444444444445 0.175 0.28703703703703703
3 0.6013020833333333 0.6138888888888889 0.030729166666666665 0.07962962962962963
2 0.49375 0.5583333333333333 0.052083333333333336 0.07962962962962963
2 0.44192708333333336 0.5504629629629629 0.03697916666666667 0.06759259259259259
3 0.4041666666666667 0.6092592592592593 0.03958333333333333 0.0962962962962963
3 0.653125 0.5944444444444444 0.017708333333333333 0.04814814814814815
3 0.5440104166666667 0.5939814814814814 0.022395833333333334 0.062037037037037036
3 0.371875 0.5884259259259259 0.020833333333333332 0.06944444444444445
3 0.39791666666666664 0.6111111111111112 0.027083333333333334 0.09259259259259259
0 0.26588541666666665 0.649537037037037 0.09010416666666667 0.33796296296296297
0 0.9799479166666667 0.5875 0.016145833333333335 0.08425925925925926
0 0.31197916666666664 0.6268518518518519 0.06145833333333333 0.29444444444444445
0 0.409375 0.5805555555555556 0.03229166666666667 0.13148148148148148
0 0.6002604166666666 0.5967592592592592 0.03177083333333333 0.10092592592592593
0 0.9463541666666667 0.5837962962962963 0.01875 0.08055555555555556
0 0.31875 0.6388888888888888 0.04583333333333333 0.22592592592592592
0 0.3723958333333333 0.5851851851851851 0.019791666666666666 0.07407407407407407
0 0.9497395833333333 0.586574074074074 0.0171875 0.08611111111111111
0 0.653125 0.5921296296296297 0.017708333333333333 0.05092592592592592
