2 0.06302083333333333 0.6185185185185185 0.12604166666666666 0.2722222222222222
2 0.6046875 0.5689814814814815 0.059375 0.0824074074074074
3 0.35651041666666666 0.674537037037037 0.1015625 0.175
3 0.18411458333333333 0.6148148148148148 0.0671875 0.10185185185185185
2 0.8018229166666667 0.5740740740740741 0.07760416666666667 0.07037037037037037
3 0.27890625 0.612037037037037 0.07447916666666667 0.11481481481481481
3 0.4796875 0.611574074074074 0.042708333333333334 0.10833333333333334
3 0.66484375 0.5967592592592592 0.0234375 0.08055555555555556
3 0.6919270833333333 0.5898148148148148 0.018229166666666668 0.05185185185185185
3 0.4 0.5717592592592593 0.051041666666666666 0.0824074074074074
2 0.5088541666666667 0.5564814814814815 0.028125 0.053703703703703705
2 0.51015625 0.549074074074074 0.033854166666666664 0.05740740740740741
2 0.39375 0.5675925925925925 0.06458333333333334 0.08888888888888889
3 0.4088541666666667 0.5740740740740741 0.034375 0.07592592592592592
3 0.44947916666666665 0.6013888888888889 0.019791666666666666 0.062037037037037036
0 0.4830729166666667 0.5787037037037037 0.04114583333333333 0.13333333333333333
0 0.18255208333333334 0.575925925925926 0.034895833333333334 0.13148148148148148
0 0.8809895833333333 0.5634259259259259 0.015104166666666667 0.08425925925925926
0 0.35104166666666664 0.5958333333333333 0.07708333333333334 0.19722222222222222
0 0.278125 0.5782407407407407 0.030208333333333334 0.1175925925925926
0 0.2721354166666667 0.5837962962962963 0.044270833333333336 0.125
0 0.35963541666666665 0.5976851851851852 0.05364583333333333 0.2064814814814815
0 0.6627604166666666 0.5898148148148148 0.021354166666666667 0.07777777777777778
0 0.89375 0.5685185185185185 0.017708333333333333 0.07777777777777778
