3 0.6640625 0.6953703703703704 0.03125 0.09814814814814815
2 0.78125 0.6615740740740741 0.07708333333333334 0.07314814814814814
7 0.36796875 0.6273148148148148 0.12864583333333332 0.14722222222222223
2 0.47708333333333336 0.6138888888888889 0.040625 0.053703703703703705
3 0.28854166666666664 0.6412037037037037 0.034375 0.0824074074074074
3 0.54453125 0.6694444444444444 0.033854166666666664 0.07222222222222222
3 0.296875 0.6439814814814815 0.051041666666666666 0.0787037037037037
0 0.8268229166666666 0.6541666666666667 0.024479166666666666 0.08055555555555556
0 0.28854166666666664 0.625 0.03125 0.10185185185185185
0 0.54375 0.6513888888888889 0.036458333333333336 0.10462962962962963
0 0.6619791666666667 0.6574074074074074 0.03854166666666667 0.10740740740740741
