3 0.2630208333333333 0.7143518518518519 0.11666666666666667 0.19907407407407407
2 0.7888020833333333 0.6027777777777777 0.07552083333333333 0.07407407407407407
3 0.9216145833333333 0.7402777777777778 0.09010416666666667 0.1787037037037037
3 0.42291666666666666 0.6398148148148148 0.04791666666666667 0.11296296296296296
2 0.5643229166666667 0.5819444444444445 0.044270833333333336 0.06574074074074074
3 0.47682291666666665 0.6037037037037037 0.025520833333333333 0.06296296296296296
2 0.21848958333333332 0.6101851851851852 0.2796875 0.22777777777777777
3 0.51640625 0.6152777777777778 0.025520833333333333 0.07314814814814814
7 0.21848958333333332 0.6106481481481482 0.28072916666666664 0.225
0 0.9177083333333333 0.6671296296296296 0.09583333333333334 0.262037037037037
0 0.26197916666666665 0.6328703703703704 0.08229166666666667 0.2175925925925926
0 0.51484375 0.5930555555555556 0.0265625 0.10648148148148148
0 0.41953125 0.6032407407407407 0.044270833333333336 0.15648148148148147
0 0.47708333333333336 0.5958333333333333 0.027083333333333334 0.075
0 0.8494791666666667 0.6041666666666666 0.020833333333333332 0.058333333333333334
