2 0.3333333333333333 0.6055555555555555 0.16145833333333334 0.17592592592592593
3 0.23255208333333333 0.6662037037037037 0.0953125 0.13425925925925927
2 0.8059895833333334 0.6023148148148149 0.0796875 0.07314814814814814
2 0.51015625 0.5699074074074074 0.03697916666666667 0.05648148148148148
3 0.45416666666666666 0.7648148148148148 0.10208333333333333 0.24444444444444444
0 0.4473958333333333 0.6601851851851852 0.08958333333333333 0.2759259259259259
0 0.23385416666666667 0.6212962962962963 0.046875 0.17962962962962964
0 0.97890625 0.6069444444444444 0.019270833333333334 0.09166666666666666
0 0.97578125 0.6087962962962963 0.0234375 0.09722222222222222
0 0.5466145833333333 0.5810185185185185 0.0234375 0.06574074074074074
