2 0.0984375 0.6185185185185185 0.196875 0.18703703703703703
2 0.86328125 0.5907407407407408 0.07239583333333334 0.09444444444444444
2 0.43046875 0.5856481481481481 0.1390625 0.15648148148148147
3 0.6580729166666667 0.6662037037037037 0.04739583333333333 0.13055555555555556
2 0.6075520833333333 0.5550925925925926 0.030729166666666665 0.04537037037037037
2 0.35260416666666666 0.537962962962963 0.03333333333333333 0.03888888888888889
5 0.5005208333333333 0.524074074074074 0.03958333333333333 0.10555555555555556
3 0.5716145833333334 0.5689814814814815 0.05572916666666667 0.09166666666666666
3 0.58203125 0.5736111111111111 0.030729166666666665 0.08425925925925926
0 0.65546875 0.6226851851851852 0.049479166666666664 0.15092592592592594
0 0.65546875 0.6 0.05260416666666667 0.13518518518518519
