2 0.4796875 0.625 0.115625 0.15555555555555556
2 0.7833333333333333 0.6083333333333333 0.078125 0.07222222222222222
2 0.3997395833333333 0.5675925925925925 0.030729166666666665 0.02962962962962963
3 0.5606770833333333 0.6620370370370371 0.05260416666666667 0.12222222222222222
2 0.30416666666666664 0.5583333333333333 0.028125 0.03148148148148148
3 0.5627604166666667 0.6814814814814815 0.0484375 0.08518518518518518
3 0.6911458333333333 0.6532407407407408 0.026041666666666668 0.062037037037037036
0 0.6901041666666666 0.6231481481481481 0.030208333333333334 0.11296296296296296
0 0.8630208333333333 0.5972222222222222 0.016666666666666666 0.06851851851851852
0 0.6890625 0.6013888888888889 0.028125 0.08981481481481482
