2 0.8177083333333334 0.6023148148148149 0.07291666666666667 0.0787037037037037
3 0.24166666666666667 0.6449074074074074 0.07916666666666666 0.12129629629629629
2 0.51953125 0.5726851851851852 0.04010416666666667 0.06388888888888888
3 0.4822916666666667 0.6162037037037037 0.03333333333333333 0.0824074074074074
2 0.44427083333333334 0.5787037037037037 0.03854166666666667 0.05740740740740741
2 0.15494791666666666 0.5958333333333333 0.21197916666666666 0.19537037037037036
7 0.15807291666666667 0.5990740740740741 0.2171875 0.1962962962962963
2 0.35833333333333334 0.5560185185185185 0.034375 0.03796296296296296
3 0.60703125 0.6282407407407408 0.13177083333333334 0.2657407407407407
2 0.32135416666666666 0.5560185185185185 0.040625 0.03611111111111111
2 0.365625 0.5560185185185185 0.03958333333333333 0.03981481481481482
0 0.9911458333333333 0.6046296296296296 0.016666666666666666 0.1
0 0.96796875 0.6092592592592593 0.025520833333333333 0.1111111111111111
0 0.9755208333333333 0.6060185185185185 0.019791666666666666 0.10462962962962963
0 0.98046875 0.6078703703703704 0.018229166666666668 0.10833333333333334
