3 0.36223958333333334 0.6546296296296297 0.06197916666666667 0.11851851851851852
2 0.5674479166666667 0.5916666666666667 0.05260416666666667 0.08148148148148149
2 0.7895833333333333 0.6078703703703704 0.078125 0.07314814814814814
3 0.26119791666666664 0.6259259259259259 0.06302083333333333 0.10185185185185185
3 0.9442708333333333 0.7351851851851852 0.109375 0.18888888888888888
3 0.017708333333333333 0.7402777777777778 0.035416666666666666 0.18981481481481483
2 0.51640625 0.5777777777777777 0.0296875 0.040740740740740744
3 0.92578125 0.7527777777777778 0.0703125 0.15
2 0.30833333333333335 0.5569444444444445 0.03125 0.030555555555555555
0 0.36041666666666666 0.6037037037037037 0.051041666666666666 0.15555555555555556
0 0.9348958333333334 0.6694444444444444 0.09583333333333334 0.25925925925925924
0 0.26067708333333334 0.5967592592592592 0.033854166666666664 0.12129629629629629
0 0.25442708333333336 0.5986111111111111 0.044270833333333336 0.11574074074074074
0 0.3611979166666667 0.5782407407407407 0.04739583333333333 0.10462962962962963
0 0.67890625 0.5925925925925926 0.0203125 0.07222222222222222
