2 0.7986979166666667 0.5842592592592593 0.07864583333333333 0.07592592592592592
2 0.4348958333333333 0.5550925925925926 0.04583333333333333 0.0787037037037037
3 0.5638020833333334 0.6268518518518519 0.043229166666666666 0.10925925925925926
3 0.027864583333333335 0.7203703703703703 0.05572916666666667 0.18518518518518517
3 0.28098958333333335 0.6319444444444444 0.07135416666666666 0.13425925925925927
3 0.49505208333333334 0.6018518518518519 0.0328125 0.08518518518518518
2 0.47604166666666664 0.562037037037037 0.03854166666666667 0.08703703703703704
2 0.31692708333333336 0.5375 0.0296875 0.030555555555555555
3 0.65390625 0.6092592592592593 0.024479166666666666 0.06111111111111111
3 0.50234375 0.5990740740740741 0.0484375 0.0962962962962963
0 0.28359375 0.5884259259259259 0.04010416666666667 0.1712962962962963
0 0.49609375 0.5805555555555556 0.0359375 0.11666666666666667
0 0.5630208333333333 0.5731481481481482 0.034375 0.09444444444444444
0 0.56328125 0.5930555555555556 0.03697916666666667 0.13240740740740742
0 0.653125 0.5800925925925926 0.025 0.09907407407407408
