3 0.07005208333333333 0.6527777777777778 0.1078125 0.11296296296296296
3 0.20234375 0.6921296296296297 0.1171875 0.16018518518518518
2 0.5609375 0.5962962962962963 0.059375 0.09074074074074075
2 0.7864583333333334 0.6087962962962963 0.07604166666666666 0.07314814814814814
3 0.9552083333333333 0.7476851851851852 0.08645833333333333 0.1527777777777778
3 0.62734375 0.6212962962962963 0.0203125 0.046296296296296294
2 0.30625 0.5560185185185185 0.030208333333333334 0.030555555555555555
2 0.40520833333333334 0.5671296296296297 0.03229166666666667 0.032407407407407406
2 0.5182291666666666 0.5805555555555556 0.019791666666666666 0.03518518518518519
0 0.20208333333333334 0.625 0.08020833333333334 0.22777777777777777
0 0.9510416666666667 0.6638888888888889 0.07916666666666666 0.2388888888888889
0 0.0625 0.6055555555555555 0.06666666666666667 0.16296296296296298
0 0.9791666666666666 0.6773148148148148 0.040625 0.21574074074074073
0 0.07734375 0.6027777777777777 0.0359375 0.15185185185185185
0 0.6877604166666667 0.6152777777777778 0.0171875 0.05277777777777778
