3 0.28203125 0.6657407407407407 0.09635416666666667 0.1648148148148148
3 0.05078125 0.6467592592592593 0.1015625 0.14907407407407408
2 0.80234375 0.5736111111111111 0.07864583333333333 0.0712962962962963
3 0.1640625 0.6171296296296296 0.08229166666666667 0.11203703703703703
2 0.5838541666666667 0.5768518518518518 0.0625 0.10185185185185185
2 0.4908854166666667 0.5560185185185185 0.05364583333333333 0.07685185185185185
3 0.45286458333333335 0.587037037037037 0.030729166666666665 0.08148148148148149
3 0.3515625 0.6138888888888889 0.04791666666666667 0.1
3 0.6893229166666667 0.6032407407407407 0.0265625 0.062037037037037036
2 0.41458333333333336 0.5375 0.023958333333333335 0.030555555555555555
3 0.621875 0.6407407407407407 0.03125 0.09074074074074075
3 0.6213541666666667 0.6277777777777778 0.036458333333333336 0.11296296296296296
0 0.6190104166666667 0.6018518518518519 0.03697916666666667 0.14629629629629629
0 0.03984375 0.600925925925926 0.06614583333333333 0.18888888888888888
0 0.29609375 0.5995370370370371 0.0765625 0.20462962962962963
0 0.16875 0.5773148148148148 0.058333333333333334 0.14351851851851852
0 0.8921875 0.5675925925925925 0.020833333333333332 0.08333333333333333
0 0.6895833333333333 0.5805555555555556 0.027083333333333334 0.09074074074074075
0 0.28541666666666665 0.6018518518518519 0.06041666666666667 0.22407407407407406
0 0.45260416666666664 0.5851851851851851 0.03125 0.08148148148148149
0 0.35182291666666665 0.5833333333333334 0.05260416666666667 0.14074074074074075
