2 0.12239583333333333 0.6328703703703704 0.24479166666666666 0.24537037037037038
2 0.7989583333333333 0.5810185185185185 0.07708333333333334 0.07314814814814814
3 0.41380208333333335 0.6222222222222222 0.049479166666666664 0.1111111111111111
3 0.5143229166666666 0.663425925925926 0.07239583333333334 0.1527777777777778
3 0.6205729166666667 0.5939814814814814 0.0234375 0.06574074074074074
2 0.353125 0.537962962962963 0.0375 0.03518518518518519
2 0.31692708333333336 0.5337962962962963 0.0296875 0.028703703703703703
0 0.5138020833333333 0.6055555555555555 0.06927083333333334 0.2
0 0.9453125 0.5810185185185185 0.017708333333333333 0.08611111111111111
0 0.4140625 0.5833333333333334 0.04583333333333333 0.13148148148148148
