2 0.7830729166666667 0.6504629629629629 0.07864583333333333 0.07314814814814814
3 0.13020833333333334 0.8388888888888889 0.2604166666666667 0.3074074074074074
2 0.41770833333333335 0.6259259259259259 0.07708333333333334 0.11851851851851852
2 0.5057291666666667 0.6060185185185185 0.03229166666666667 0.032407407407407406
7 0.41692708333333334 0.624537037037037 0.07760416666666667 0.12129629629629629
3 0.6796875 0.6685185185185185 0.022916666666666665 0.06296296296296296
2 0.33098958333333334 0.5916666666666667 0.0328125 0.03518518518518519
0 0.11458333333333333 0.7421296296296296 0.11354166666666667 0.4898148148148148
0 0.8307291666666666 0.6449074074074074 0.019791666666666666 0.0712962962962963
0 0.09036458333333333 0.7439814814814815 0.16302083333333334 0.5009259259259259
0 0.6369791666666667 0.6291666666666667 0.013541666666666667 0.058333333333333334
