2 0.13125 0.6282407407407408 0.2625 0.2361111111111111
2 0.79921875 0.5796296296296296 0.0765625 0.07222222222222222
3 0.53046875 0.6574074074074074 0.0671875 0.14814814814814814
3 0.4236979166666667 0.6185185185185185 0.04635416666666667 0.10925925925925926
3 0.6216145833333333 0.5842592592592593 0.024479166666666666 0.07777777777777778
2 0.35390625 0.5365740740740741 0.033854166666666664 0.03611111111111111
2 0.3484375 0.5361111111111111 0.03229166666666667 0.03518518518518519
3 0.5744791666666667 0.5662037037037037 0.021875 0.0712962962962963
0 0.5315104166666667 0.5990740740740741 0.06510416666666667 0.1962962962962963
0 0.9450520833333333 0.5810185185185185 0.015104166666666667 0.0824074074074074
0 0.43020833333333336 0.5592592592592592 0.052083333333333336 0.1
0 0.62109375 0.5763888888888888 0.0265625 0.08796296296296297
0 0.42213541666666665 0.5819444444444445 0.0453125 0.11944444444444445
0 0.44817708333333334 0.5652777777777778 0.0203125 0.075
