2 0.7838541666666666 0.6064814814814815 0.07708333333333334 0.07222222222222222
2 0.5111979166666667 0.6162037037037037 0.09635416666666667 0.1361111111111111
3 0.5963541666666666 0.6518518518518519 0.03333333333333333 0.08518518518518518
2 0.4002604166666667 0.5675925925925925 0.0296875 0.02962962962962963
2 0.30364583333333334 0.5592592592592592 0.030208333333333334 0.03333333333333333
2 0.40234375 0.5666666666666667 0.03697916666666667 0.037037037037037035
2 0.465625 0.5703703703703704 0.027083333333333334 0.03518518518518519
3 0.596875 0.6393518518518518 0.0375 0.10092592592592593
0 0.8682291666666667 0.5962962962962963 0.016666666666666666 0.07037037037037037
0 0.6924479166666667 0.6152777777777778 0.0265625 0.10462962962962963
0 0.596875 0.6388888888888888 0.0375 0.1
0 0.6927083333333334 0.5888888888888889 0.026041666666666668 0.06481481481481481
