3 0.40625 0.8097222222222222 0.1375 0.28055555555555556
3 0.2109375 0.7333333333333333 0.15625 0.25555555555555554
2 0.7885416666666667 0.6458333333333334 0.07708333333333334 0.07685185185185185
2 0.49140625 0.6240740740740741 0.044270833333333336 0.06111111111111111
2 0.5520833333333334 0.6199074074074075 0.03854166666666667 0.041666666666666664
2 0.46041666666666664 0.6180555555555556 0.026041666666666668 0.03796296296296296
7 0.11692708333333333 0.674537037037037 0.23385416666666667 0.27870370370370373
3 0.31796875 0.6509259259259259 0.027604166666666666 0.08703703703703704
0 0.21276041666666667 0.6708333333333333 0.058854166666666666 0.2324074074074074
0 0.4109375 0.7134259259259259 0.10208333333333333 0.3138888888888889
0 0.6450520833333333 0.6458333333333334 0.019270833333333334 0.08796296296296297
