3 0.31927083333333334 0.7263888888888889 0.13645833333333332 0.2361111111111111
2 0.8028645833333333 0.5976851851851852 0.07760416666666667 0.06944444444444445
3 0.1828125 0.6657407407407407 0.11354166666666667 0.1388888888888889
3 0.5986979166666667 0.6805555555555556 0.0484375 0.12962962962962962
2 0.5114583333333333 0.5648148148148148 0.029166666666666667 0.044444444444444446
3 0.41484375 0.6259259259259259 0.05260416666666667 0.1037037037037037
2 0.50390625 0.562962962962963 0.043229166666666666 0.04814814814814815
2 0.5005208333333333 0.5773148148148148 0.052083333333333336 0.07685185185185185
2 0.42239583333333336 0.5884259259259259 0.109375 0.13240740740740742
0 0.18229166666666666 0.6199074074074075 0.06041666666666667 0.18611111111111112
0 0.3111979166666667 0.6476851851851851 0.10052083333333334 0.26944444444444443
0 0.5942708333333333 0.6333333333333333 0.053125 0.16666666666666666
0 0.21901041666666668 0.6078703703703704 0.0296875 0.1712962962962963
0 0.9739583333333334 0.6023148148148149 0.016666666666666666 0.10092592592592593
0 0.19140625 0.6189814814814815 0.04010416666666667 0.1787037037037037
0 0.9450520833333333 0.5921296296296297 0.018229166666666668 0.09722222222222222
0 0.40234375 0.6023148148148149 0.0640625 0.14907407407407408
0 0.9567708333333333 0.5953703703703703 0.014583333333333334 0.0962962962962963
