2 0.79609375 0.6550925925925926 0.07864583333333333 0.07314814814814814
3 0.40729166666666666 0.7027777777777777 0.046875 0.10555555555555556
2 0.49895833333333334 0.6425925925925926 0.053125 0.08333333333333333
3 0.0453125 0.7287037037037037 0.090625 0.14629629629629629
2 0.4278645833333333 0.6430555555555556 0.0484375 0.06944444444444445
3 0.5723958333333333 0.6851851851851852 0.022916666666666665 0.07222222222222222
2 0.45989583333333334 0.6273148148148148 0.027083333333333334 0.04537037037037037
3 0.61796875 0.7092592592592593 0.034895833333333334 0.0962962962962963
2 0.34322916666666664 0.625 0.03333333333333333 0.03518518518518519
0 0.61640625 0.6726851851851852 0.0390625 0.13425925925925927
0 0.0390625 0.6736111111111112 0.06145833333333333 0.16574074074074074
0 0.8546875 0.6486111111111111 0.016666666666666666 0.07685185185185185
0 0.571875 0.6731481481481482 0.027083333333333334 0.08888888888888889
0 0.04401041666666667 0.6611111111111111 0.050520833333333334 0.13703703703703704
