2 0.13046875 0.6064814814814815 0.23072916666666668 0.23148148148148148
2 0.8018229166666667 0.575925925925926 0.07864583333333333 0.07037037037037037
2 0.6083333333333333 0.5657407407407408 0.05416666666666667 0.07592592592592592
3 0.05520833333333333 0.7527777777777778 0.11041666666666666 0.2537037037037037
3 0.47682291666666665 0.6449074074074074 0.06302083333333333 0.13055555555555556
2 0.40520833333333334 0.5643518518518519 0.05625 0.0824074074074074
3 0.2640625 0.6 0.04895833333333333 0.08703703703703704
3 0.3419270833333333 0.6060185185185185 0.0484375 0.09722222222222222
3 0.5236979166666667 0.6101851851851852 0.027604166666666666 0.06481481481481481
0 0.022135416666666668 0.6277777777777778 0.044270833333333336 0.3314814814814815
0 0.47213541666666664 0.5884259259259259 0.0546875 0.15648148148148147
0 0.5276041666666667 0.5736111111111111 0.03125 0.11203703703703703
0 0.26197916666666665 0.5740740740740741 0.035416666666666666 0.11481481481481481
0 0.8932291666666666 0.5689814814814815 0.01875 0.08055555555555556
0 0.6690104166666667 0.5800925925925926 0.019270833333333334 0.0712962962962963
0 0.8791666666666667 0.5680555555555555 0.0125 0.0787037037037037
0 0.5364583333333334 0.5657407407407408 0.022916666666666665 0.09814814814814815
