2 0.5669270833333333 0.5944444444444444 0.0546875 0.08703703703703704
2 0.7890625 0.6087962962962963 0.078125 0.0712962962962963
3 0.22890625 0.6328703703703704 0.07135416666666666 0.10277777777777777
3 0.946875 0.7314814814814815 0.10520833333333333 0.1925925925925926
3 0.3372395833333333 0.6611111111111111 0.0703125 0.12407407407407407
2 0.5161458333333333 0.5745370370370371 0.03125 0.04722222222222222
3 0.92734375 0.7541666666666667 0.0640625 0.14537037037037037
2 0.40729166666666666 0.5666666666666667 0.03229166666666667 0.03148148148148148
0 0.9341145833333333 0.6680555555555555 0.08697916666666666 0.25092592592592594
0 0.23307291666666666 0.5925925925925926 0.028645833333333332 0.12777777777777777
0 0.33619791666666665 0.6064814814814815 0.05364583333333333 0.16111111111111112
0 0.68046875 0.5935185185185186 0.0203125 0.07962962962962963
0 0.8263020833333333 0.5986111111111111 0.018229166666666668 0.0712962962962963
0 0.6822916666666666 0.600462962962963 0.019791666666666666 0.0712962962962963
