2 0.5510416666666667 0.6023148148148149 0.06875 0.10277777777777777
2 0.78515625 0.6060185185185185 0.0765625 0.07314814814814814
3 0.030989583333333334 0.725925925925926 0.06197916666666667 0.17777777777777778
2 0.5109375 0.575 0.03125 0.044444444444444446
3 0.96875 0.7444444444444445 0.06041666666666667 0.13703703703703704
2 0.48151041666666666 0.5699074074074074 0.030729166666666665 0.03611111111111111
2 0.403125 0.5657407407407408 0.0375 0.03518518518518519
2 0.30416666666666664 0.5574074074074075 0.027083333333333334 0.02962962962962963
0 0.971875 0.6726851851851852 0.05520833333333333 0.262037037037037
0 0.013541666666666667 0.5888888888888889 0.027083333333333334 0.13148148148148148
0 0.8388020833333333 0.5912037037037037 0.015104166666666667 0.075
0 0.014583333333333334 0.6324074074074074 0.029166666666666667 0.2222222222222222
0 0.0234375 0.6148148148148148 0.046875 0.18518518518518517
0 0.8221354166666667 0.5916666666666667 0.016145833333333335 0.05925925925925926
