2 0.7989583333333333 0.5847222222222223 0.07916666666666666 0.075
2 0.434375 0.5555555555555556 0.046875 0.07962962962962963
3 0.5619791666666667 0.6337962962962963 0.04375 0.10092592592592593
3 0.2671875 0.6347222222222222 0.07604166666666666 0.13425925925925927
3 0.6528645833333333 0.6106481481481482 0.025520833333333333 0.062037037037037036
2 0.47890625 0.562037037037037 0.0515625 0.08888888888888889
3 0.4861979166666667 0.6027777777777777 0.027604166666666666 0.08148148148148149
2 0.31015625 0.537962962962963 0.034895833333333334 0.03518518518518519
3 0.010677083333333334 0.7208333333333333 0.021354166666666667 0.19537037037037036
2 0.31588541666666664 0.537962962962963 0.0296875 0.03148148148148148
2 0.4041666666666667 0.5421296296296296 0.022916666666666665 0.03425925925925926
0 0.26666666666666666 0.5888888888888889 0.04583333333333333 0.17407407407407408
0 0.5583333333333333 0.5745370370370371 0.03854166666666667 0.09537037037037037
0 0.5596354166666667 0.5962962962962963 0.04010416666666667 0.1425925925925926
0 0.653125 0.5800925925925926 0.025 0.09907407407407408
0 0.9856770833333334 0.5916666666666667 0.019270833333333334 0.08518518518518518
0 0.48723958333333334 0.5800925925925926 0.034895833333333334 0.11574074074074074
0 0.9440104166666666 0.5842592592592593 0.015104166666666667 0.08703703703703704
