3 0.10416666666666667 0.7023148148148148 0.07395833333333333 0.10648148148148148
2 0.7950520833333333 0.6467592592592593 0.0765625 0.07314814814814814
2 0.42864583333333334 0.6314814814814815 0.04583333333333333 0.06666666666666667
2 0.50234375 0.6319444444444444 0.04635416666666667 0.0712962962962963
3 0.21692708333333333 0.6976851851851852 0.06197916666666667 0.10277777777777777
3 0.4713541666666667 0.6736111111111112 0.036458333333333336 0.0824074074074074
3 0.63515625 0.6884259259259259 0.0234375 0.07314814814814814
2 0.5549479166666667 0.625462962962963 0.03177083333333333 0.03981481481481482
2 0.34322916666666664 0.6194444444444445 0.03125 0.03148148148148148
2 0.3125 0.6106481481481482 0.03125 0.03611111111111111
0 0.10963541666666667 0.662962962962963 0.03697916666666667 0.13148148148148148
0 0.6328125 0.6606481481481481 0.030208333333333334 0.1175925925925926
0 0.22265625 0.6578703703703703 0.0359375 0.13055555555555556
0 0.85234375 0.638425925925926 0.016145833333333335 0.075
0 0.5932291666666667 0.6527777777777778 0.023958333333333335 0.08518518518518518
0 0.21354166666666666 0.663425925925926 0.05416666666666667 0.13425925925925927
0 0.246875 0.6527777777777778 0.027083333333333334 0.08148148148148149
