3 0.15338541666666666 0.7754629629629629 0.2140625 0.3212962962962963
2 0.80390625 0.5972222222222222 0.0765625 0.06851851851851852
2 0.40182291666666664 0.5930555555555556 0.10364583333333334 0.1527777777777778
1 0.3494791666666667 0.6472222222222223 0.0625 0.10740740740740741
3 0.3484375 0.6453703703703704 0.0625 0.11296296296296296
3 0.5541666666666667 0.7083333333333334 0.06458333333333334 0.16666666666666666
2 0.51015625 0.5671296296296297 0.034895833333333334 0.05277777777777778
3 0.04609375 0.6708333333333333 0.0921875 0.16944444444444445
2 0.659375 0.5962962962962963 0.041666666666666664 0.09259259259259259
0 0.17786458333333333 0.6703703703703704 0.0921875 0.337037037037037
0 0.5513020833333333 0.6361111111111111 0.06510416666666667 0.2111111111111111
0 0.35078125 0.6074074074074074 0.04635416666666667 0.15925925925925927
0 0.029166666666666667 0.6138888888888889 0.053125 0.18703703703703703
0 0.9783854166666667 0.5990740740740741 0.018229166666666668 0.09074074074074075
0 0.06796875 0.5990740740740741 0.03802083333333333 0.16666666666666666
0 0.9755208333333333 0.600462962962963 0.020833333333333332 0.09907407407407408
0 0.9505208333333334 0.5935185185185186 0.015625 0.09444444444444444
