3 0.15390625 0.6925925925925925 0.14739583333333334 0.21851851851851853
2 0.80234375 0.5736111111111111 0.07864583333333333 0.0712962962962963
2 0.48802083333333335 0.5578703703703703 0.05625 0.07685185185185185
3 0.6872395833333333 0.6097222222222223 0.028645833333333332 0.0712962962962963
3 0.28541666666666665 0.6310185185185185 0.06770833333333333 0.12129629629629629
3 0.07708333333333334 0.6277777777777778 0.08645833333333333 0.12962962962962962
3 0.5924479166666666 0.6467592592592593 0.0421875 0.1287037037037037
2 0.29322916666666665 0.5768518518518518 0.13229166666666667 0.11851851851851852
2 0.5765625 0.5833333333333334 0.06875 0.10925925925925926
3 0.4354166666666667 0.5893518518518519 0.03125 0.08796296296296297
3 0.09739583333333333 0.6222222222222222 0.12708333333333333 0.1388888888888889
2 0.5609375 0.5828703703703704 0.03854166666666667 0.10277777777777777
0 0.16484375 0.6185185185185185 0.06822916666666666 0.25925925925925924
0 0.5916666666666667 0.612037037037037 0.04479166666666667 0.16296296296296298
0 0.6861979166666666 0.5810185185185185 0.030729166666666665 0.10648148148148148
0 0.09739583333333333 0.5699074074074074 0.041666666666666664 0.1398148148148148
0 0.0984375 0.5458333333333333 0.03958333333333333 0.08796296296296297
0 0.8924479166666667 0.5689814814814815 0.018229166666666668 0.0787037037037037
0 0.44479166666666664 0.5847222222222223 0.019791666666666666 0.08981481481481482
0 0.28802083333333334 0.586574074074074 0.05 0.14351851851851852
0 0.08828125 0.5736111111111111 0.06197916666666667 0.15092592592592594
0 0.43697916666666664 0.5819444444444445 0.036458333333333336 0.09537037037037037
0 0.18203125 0.6162037037037037 0.10052083333333334 0.2490740740740741
