2 0.5151041666666667 0.5740740740740741 0.06458333333333334 0.09814814814814815
2 0.8419270833333333 0.5888888888888889 0.06927083333333334 0.08333333333333333
3 0.3 0.7203703703703703 0.14166666666666666 0.22777777777777777
2 0.39505208333333336 0.5810185185185185 0.0703125 0.09166666666666666
3 0.190625 0.6055555555555555 0.06354166666666666 0.13148148148148148
2 0.4713541666666667 0.5615740740740741 0.03229166666666667 0.04722222222222222
2 0.68359375 0.5800925925925926 0.0171875 0.04351851851851852
3 0.7111979166666667 0.6027777777777777 0.022395833333333334 0.06296296296296296
0 0.30911458333333336 0.6425925925925926 0.07760416666666667 0.2851851851851852
0 0.3453125 0.5796296296296296 0.04583333333333333 0.1537037037037037
0 0.7104166666666667 0.5925925925925926 0.020833333333333332 0.07222222222222222
