3 0.29973958333333334 0.6671296296296296 0.07864583333333333 0.14907407407407408
2 0.11171875 0.6189814814814815 0.22239583333333332 0.19166666666666668
2 0.4596354166666667 0.5875 0.0890625 0.11203703703703703
3 0.9114583333333334 0.7574074074074074 0.07083333333333333 0.16111111111111112
2 0.7481770833333333 0.5967592592592592 0.0359375 0.05648148148148148
2 0.7815104166666667 0.6018518518518519 0.049479166666666664 0.06296296296296296
3 0.5653645833333333 0.625 0.030729166666666665 0.08148148148148149
2 0.7682291666666666 0.5995370370370371 0.078125 0.06388888888888888
2 0.3260416666666667 0.5606481481481481 0.030208333333333334 0.03425925925925926
2 0.35859375 0.5625 0.033854166666666664 0.03611111111111111
2 0.759375 0.5995370370370371 0.057291666666666664 0.06018518518518518
0 0.9208333333333333 0.6842592592592592 0.09375 0.2814814814814815
0 0.30130208333333336 0.6143518518518518 0.0421875 0.17685185185185184
0 0.8703125 0.5967592592592592 0.016666666666666666 0.06388888888888888
0 0.8283854166666667 0.5930555555555556 0.016145833333333335 0.06574074074074074
