2 0.8208333333333333 0.6023148148148149 0.071875 0.0787037037037037
3 0.16744791666666667 0.6370370370370371 0.09947916666666666 0.16111111111111112
7 0.13020833333333334 0.6 0.2604166666666667 0.2074074074074074
3 0.4609375 0.6199074074074075 0.035416666666666666 0.08796296296296297
7 0.5752604166666667 0.6333333333333333 0.1515625 0.3037037037037037
2 0.4432291666666667 0.5773148148148148 0.040625 0.058333333333333334
2 0.35703125 0.5550925925925926 0.03177083333333333 0.03611111111111111
0 0.9919270833333333 0.6055555555555555 0.015104166666666667 0.0962962962962963
0 0.6721354166666667 0.5898148148148148 0.015104166666666667 0.053703703703703705
0 0.3963541666666667 0.5916666666666667 0.022916666666666665 0.05925925925925926
0 0.9703125 0.6064814814814815 0.022916666666666665 0.10740740740740741
