3 0.39296875 0.8101851851851852 0.14635416666666667 0.29259259259259257
3 0.19921875 0.736574074074074 0.16510416666666666 0.2675925925925926
2 0.7888020833333333 0.6476851851851851 0.07760416666666667 0.07314814814814814
3 0.3151041666666667 0.6513888888888889 0.029166666666666667 0.09166666666666666
2 0.4908854166666667 0.6268518518518519 0.043229166666666666 0.05740740740740741
2 0.5513020833333333 0.6199074074074075 0.0390625 0.041666666666666664
3 0.31276041666666665 0.6592592592592592 0.024479166666666666 0.07407407407407407
2 0.46041666666666664 0.6180555555555556 0.026041666666666668 0.03611111111111111
2 0.4205729166666667 0.6106481481481482 0.034895833333333334 0.041666666666666664
7 0.0546875 0.6833333333333333 0.109375 0.27037037037037037
0 0.1953125 0.6717592592592593 0.06458333333333334 0.24351851851851852
0 0.396875 0.7032407407407407 0.10833333333333334 0.29907407407407405
0 0.14895833333333333 0.6458333333333334 0.057291666666666664 0.1675925925925926
0 0.6450520833333333 0.6458333333333334 0.019270833333333334 0.08796296296296297
0 0.12005208333333334 0.6430555555555556 0.028645833333333332 0.11574074074074074
