2 0.7833333333333333 0.6643518518518519 0.078125 0.075
3 0.6567708333333333 0.7 0.036458333333333336 0.10555555555555556
2 0.47682291666666665 0.6138888888888889 0.0390625 0.053703703703703705
7 0.35520833333333335 0.6273148148148148 0.14166666666666666 0.15648148148148147
3 0.53359375 0.6675925925925926 0.03802083333333333 0.08518518518518518
3 0.26848958333333334 0.6444444444444445 0.050520833333333334 0.08333333333333333
2 0.5614583333333333 0.6199074074074075 0.025 0.03425925925925926
0 0.8263020833333333 0.6560185185185186 0.021354166666666667 0.08055555555555556
0 0.2643229166666667 0.6203703703703703 0.034895833333333334 0.11481481481481481
0 0.6549479166666666 0.6759259259259259 0.043229166666666666 0.13518518518518519
