3 0.1859375 0.7356481481481482 0.17291666666666666 0.23425925925925925
2 0.8018229166666667 0.5768518518518518 0.07864583333333333 0.07222222222222222
2 0.60859375 0.5652777777777778 0.049479166666666664 0.0712962962962963
2 0.06276041666666667 0.5893518518518519 0.12552083333333333 0.18611111111111112
2 0.15390625 0.6087962962962963 0.2921875 0.23055555555555557
3 0.52578125 0.6236111111111111 0.05677083333333333 0.12129629629629629
3 0.6760416666666667 0.587037037037037 0.028125 0.06111111111111111
2 0.25546875 0.5976851851851852 0.09635416666666667 0.19537037037037036
3 0.37734375 0.6018518518518519 0.0390625 0.08888888888888889
3 0.42682291666666666 0.5685185185185185 0.03697916666666667 0.07407407407407407
2 0.09296875 0.6166666666666667 0.1765625 0.2222222222222222
2 0.425 0.5638888888888889 0.0375 0.07592592592592592
2 0.21328125 0.5953703703703703 0.17864583333333334 0.19814814814814816
0 0.18229166666666666 0.6347222222222222 0.09166666666666666 0.30648148148148147
0 0.5174479166666667 0.5791666666666667 0.043229166666666666 0.13055555555555556
0 0.30494791666666665 0.5731481481481482 0.030729166666666665 0.10925925925925926
0 0.8770833333333333 0.5680555555555555 0.015625 0.08055555555555556
0 0.6721354166666667 0.5791666666666667 0.0234375 0.06574074074074074
0 0.89296875 0.5703703703703704 0.016145833333333335 0.07407407407407407
0 0.5442708333333334 0.5791666666666667 0.028125 0.09351851851851851
0 0.5135416666666667 0.5601851851851852 0.0375 0.08888888888888889
