2 0.1984375 0.6074074074074074 0.196875 0.1685185185185185
2 0.47942708333333334 0.5851851851851851 0.07552083333333333 0.1037037037037037
3 0.38619791666666664 0.6486111111111111 0.0546875 0.125
3 0.9145833333333333 0.7615740740740741 0.06666666666666667 0.1638888888888889
2 0.5463541666666667 0.575462962962963 0.03229166666666667 0.049074074074074076
3 0.5791666666666667 0.6189814814814815 0.027083333333333334 0.0712962962962963
3 0.91875 0.7476851851851852 0.084375 0.18611111111111112
3 0.5763020833333333 0.6148148148148148 0.0359375 0.07222222222222222
2 0.7734375 0.6 0.05625 0.06111111111111111
2 0.7630208333333334 0.5981481481481481 0.07395833333333333 0.06111111111111111
0 0.9234375 0.6865740740740741 0.103125 0.287962962962963
0 0.3815104166666667 0.6111111111111112 0.043229166666666666 0.15925925925925927
0 0.5791666666666667 0.5972222222222222 0.027083333333333334 0.09259259259259259
0 0.8794270833333333 0.6018518518518519 0.022395833333333334 0.06666666666666667
0 0.8276041666666667 0.5962962962962963 0.015625 0.06666666666666667
