3 0.12630208333333334 0.7865740740740741 0.24947916666666667 0.3472222222222222
2 0.7984375 0.5833333333333334 0.078125 0.07592592592592592
3 0.37734375 0.612037037037037 0.04635416666666667 0.10740740740740741
2 0.49166666666666664 0.5592592592592592 0.05625 0.08333333333333333
2 0.43802083333333336 0.5527777777777778 0.04479166666666667 0.07037037037037037
3 0.5927083333333333 0.6171296296296296 0.03333333333333333 0.08796296296296297
3 0.6536458333333334 0.5986111111111111 0.020833333333333332 0.05462962962962963
3 0.5317708333333333 0.5962962962962963 0.023958333333333335 0.06481481481481481
2 0.31666666666666665 0.5342592592592592 0.028125 0.02962962962962963
3 0.5317708333333333 0.587037037037037 0.028125 0.08148148148148149
0 0.15 0.6662037037037037 0.10833333333333334 0.41574074074074074
0 0.37994791666666666 0.5731481481481482 0.04010416666666667 0.14444444444444443
0 0.20703125 0.6217592592592592 0.06614583333333333 0.30833333333333335
0 0.59375 0.5837962962962963 0.034375 0.13240740740740742
0 0.98046875 0.5888888888888889 0.0171875 0.08703703703703704
0 0.6536458333333334 0.5842592592592593 0.021875 0.07962962962962963
0 0.6536458333333334 0.5972222222222222 0.021875 0.05555555555555555
