3 0.04010416666666667 0.7398148148148148 0.08020833333333334 0.15555555555555556
2 0.78046875 0.6027777777777777 0.0765625 0.06481481481481481
3 0.5208333333333334 0.638425925925926 0.0375 0.11018518518518519
3 0.9276041666666667 0.7444444444444445 0.08854166666666667 0.17222222222222222
2 0.4109375 0.5935185185185186 0.121875 0.1388888888888889
3 0.9197916666666667 0.7541666666666667 0.065625 0.15462962962962962
2 0.39427083333333335 0.5986111111111111 0.08958333333333333 0.13240740740740742
2 0.35234375 0.5583333333333333 0.033854166666666664 0.03148148148148148
0 0.9283854166666666 0.675 0.09427083333333333 0.2759259259259259
0 0.010677083333333334 0.6194444444444445 0.021354166666666667 0.21296296296296297
0 0.86640625 0.5953703703703703 0.016145833333333335 0.06666666666666667
0 0.51953125 0.6087962962962963 0.03802083333333333 0.13240740740740742
0 0.5177083333333333 0.5814814814814815 0.03125 0.08518518518518518
0 0.6322916666666667 0.5791666666666667 0.017708333333333333 0.05092592592592592
0 0.5557291666666667 0.5828703703703704 0.029166666666666667 0.0824074074074074
0 0.884375 0.5912037037037037 0.014583333333333334 0.07314814814814814
0 0.528125 0.5925925925925926 0.03125 0.1
0 0.86796875 0.6018518518518519 0.0203125 0.07592592592592592
