2 0.7872395833333333 0.6476851851851851 0.0765625 0.075
3 0.30911458333333336 0.7268518518518519 0.10885416666666667 0.17777777777777778
3 0.4864583333333333 0.7773148148148148 0.09791666666666667 0.21944444444444444
7 0.13229166666666667 0.6652777777777777 0.2625 0.2564814814814815
2 0.4205729166666667 0.6222222222222222 0.0359375 0.05925925925925926
3 0.3921875 0.6513888888888889 0.029166666666666667 0.075
2 0.5533854166666666 0.6194444444444445 0.03697916666666667 0.04259259259259259
0 0.30833333333333335 0.663425925925926 0.051041666666666666 0.20092592592592592
0 0.6447916666666667 0.6444444444444445 0.01875 0.08148148148148149
0 0.5005208333333333 0.7180555555555556 0.065625 0.1675925925925926
0 0.5278645833333333 0.6398148148148148 0.024479166666666666 0.07222222222222222
0 0.4875 0.725 0.09375 0.17777777777777778
0 0.4700520833333333 0.625462962962963 0.06510416666666667 0.11203703703703703
0 0.48463541666666665 0.6884259259259259 0.09427083333333333 0.22870370370370371
0 0.4796875 0.6240740740740741 0.046875 0.10185185185185185
