2 0.35963541666666665 0.5953703703703703 0.15677083333333333 0.16111111111111112
2 0.24505208333333334 0.5907407407407408 0.16197916666666667 0.14814814814814814
2 0.8020833333333334 0.5814814814814815 0.078125 0.07222222222222222
3 0.5182291666666666 0.6513888888888889 0.05416666666666667 0.12314814814814815
3 0.46979166666666666 0.5949074074074074 0.026041666666666668 0.06944444444444445
3 0.5942708333333333 0.6037037037037037 0.025 0.06296296296296296
2 0.4421875 0.5597222222222222 0.035416666666666666 0.06018518518518518
0 0.5158854166666667 0.6013888888888889 0.0546875 0.18425925925925926
0 0.5932291666666667 0.5745370370370371 0.026041666666666668 0.11388888888888889
0 0.86953125 0.5717592592592593 0.019270833333333334 0.08796296296296297
0 0.8661458333333333 0.5703703703703704 0.016666666666666666 0.08518518518518518
0 0.5140625 0.5680555555555555 0.053125 0.11574074074074074
