3 0.928125 0.7430555555555556 0.0875 0.1712962962962963
3 0.47994791666666664 0.6523148148148148 0.044270833333333336 0.11574074074074074
2 0.7846354166666667 0.6023148148148149 0.07447916666666667 0.06759259259259259
2 0.371875 0.5949074074074074 0.14583333333333334 0.15833333333333333
7 0.371875 0.5967592592592592 0.14583333333333334 0.15648148148148147
2 0.3138020833333333 0.5527777777777778 0.027604166666666666 0.02962962962962963
3 0.553125 0.6046296296296296 0.019791666666666666 0.05555555555555555
3 0.5114583333333333 0.6222222222222222 0.025 0.07407407407407407
0 0.9255208333333333 0.6574074074074074 0.08854166666666667 0.2518518518518518
0 0.48020833333333335 0.6152777777777778 0.04479166666666667 0.1398148148148148
0 0.8611979166666667 0.6037037037037037 0.019270833333333334 0.07222222222222222
0 0.5328125 0.5837962962962963 0.019791666666666666 0.0712962962962963
