3 0.13020833333333334 0.7083333333333334 0.09375 0.12962962962962962
3 0.24453125 0.6717592592592593 0.043229166666666666 0.08796296296296297
2 0.7940104166666667 0.6439814814814815 0.0765625 0.06944444444444445
2 0.42734375 0.6240740740740741 0.0421875 0.06111111111111111
3 0.32109375 0.6736111111111112 0.0421875 0.0824074074074074
2 0.55625 0.6180555555555556 0.03229166666666667 0.04351851851851852
2 0.46145833333333336 0.6185185185185185 0.026041666666666668 0.03888888888888889
2 0.4934895833333333 0.6347222222222222 0.03802083333333333 0.049074074074074076
3 0.5109375 0.663425925925926 0.022916666666666665 0.06018518518518518
2 0.49635416666666665 0.625 0.041666666666666664 0.05925925925925926
3 0.60703125 0.6486111111111111 0.016145833333333335 0.058333333333333334
3 0.09270833333333334 0.6958333333333333 0.16145833333333334 0.16018518518518518
0 0.24479166666666666 0.6509259259259259 0.040625 0.11481481481481481
0 0.128125 0.6620370370370371 0.04791666666666667 0.14629629629629629
0 0.8453125 0.6351851851851852 0.013541666666666667 0.07037037037037037
0 0.6421875 0.6504629629629629 0.025 0.09351851851851851
0 0.865625 0.6310185185185185 0.011458333333333333 0.06388888888888888
0 0.3216145833333333 0.6546296296296297 0.0421875 0.10555555555555556
0 0.328125 0.6481481481481481 0.026041666666666668 0.1
0 0.6065104166666667 0.6462962962962963 0.0171875 0.06111111111111111
0 0.8690104166666667 0.6319444444444444 0.013020833333333334 0.06388888888888888
