2 0.2713541666666667 0.5907407407407408 0.14166666666666666 0.1425925925925926
2 0.80234375 0.5847222222222223 0.07864583333333333 0.0712962962962963
2 0.37916666666666665 0.5962962962962963 0.14479166666666668 0.1537037037037037
3 0.5442708333333334 0.6416666666666667 0.04791666666666667 0.10925925925925926
3 0.6002604166666666 0.6013888888888889 0.027604166666666666 0.062037037037037036
3 0.48125 0.5935185185185186 0.027083333333333334 0.06851851851851852
2 0.4661458333333333 0.5657407407407408 0.053125 0.07592592592592592
0 0.5395833333333333 0.6046296296296296 0.04375 0.16111111111111112
0 0.6541666666666667 0.5736111111111111 0.01875 0.05462962962962963
0 0.8731770833333333 0.5773148148148148 0.018229166666666668 0.08425925925925926
0 0.5361979166666667 0.5912037037037037 0.03697916666666667 0.13055555555555556
0 0.8763020833333334 0.575925925925926 0.0171875 0.08148148148148149
