2 0.5268229166666667 0.5976851851851852 0.13177083333333334 0.14722222222222223
3 0.11927083333333334 0.8004629629629629 0.23854166666666668 0.3787037037037037
2 0.8013020833333333 0.5745370370370371 0.07864583333333333 0.0712962962962963
2 0.45260416666666664 0.5671296296296297 0.07395833333333333 0.09907407407407408
3 0.30182291666666666 0.6162037037037037 0.0640625 0.11944444444444445
2 0.18645833333333334 0.5888888888888889 0.07916666666666666 0.14444444444444443
2 0.11302083333333333 0.5810185185185185 0.22604166666666667 0.18981481481481483
3 0.628125 0.6555555555555556 0.046875 0.12962962962962962
3 0.3807291666666667 0.5666666666666667 0.028125 0.07777777777777778
2 0.4161458333333333 0.5375 0.026041666666666668 0.028703703703703703
2 0.4119791666666667 0.5361111111111111 0.020833333333333332 0.027777777777777776
1 0.6286458333333333 0.6652777777777777 0.04583333333333333 0.11574074074074074
0 0.1203125 0.6967592592592593 0.11145833333333334 0.4601851851851852
0 0.6270833333333333 0.5907407407407408 0.051041666666666666 0.1648148148148148
0 0.3109375 0.575925925925926 0.035416666666666666 0.13703703703703704
0 0.3807291666666667 0.5555555555555556 0.029166666666666667 0.09259259259259259
