2 0.075 0.6277777777777778 0.15 0.3037037037037037
2 0.8572916666666667 0.5981481481481481 0.08645833333333333 0.11296296296296296
3 0.3489583333333333 0.6092592592592593 0.04895833333333333 0.08888888888888889
3 0.5544270833333333 0.6921296296296297 0.07447916666666667 0.1824074074074074
2 0.6356770833333333 0.5574074074074075 0.04114583333333333 0.05185185185185185
2 0.41354166666666664 0.5763888888888888 0.057291666666666664 0.08055555555555556
3 0.453125 0.6342592592592593 0.053125 0.11296296296296296
2 0.41510416666666666 0.562037037037037 0.05416666666666667 0.06111111111111111
3 0.5078125 0.5935185185185186 0.0375 0.09814814814814815
0 0.5513020833333333 0.6203703703703703 0.0734375 0.21851851851851853
0 0.35703125 0.5800925925925926 0.03177083333333333 0.11574074074074074
0 0.45703125 0.5856481481481481 0.0453125 0.1527777777777778
0 0.5901041666666667 0.5777777777777777 0.029166666666666667 0.10925925925925926
0 0.7453125 0.5689814814814815 0.013541666666666667 0.04537037037037037
