3 0.3809895833333333 0.7111111111111111 0.10677083333333333 0.1962962962962963
3 0.25390625 0.6527777777777778 0.0921875 0.1259259259259259
3 0.6143229166666667 0.6648148148148149 0.04010416666666667 0.11851851851851852
2 0.8020833333333334 0.5976851851851852 0.078125 0.06759259259259259
3 0.44192708333333336 0.6217592592592592 0.03697916666666667 0.08796296296296297
2 0.3184895833333333 0.55 0.03802083333333333 0.040740740740740744
0 0.3802083333333333 0.6416666666666667 0.09270833333333334 0.24814814814814815
0 0.25833333333333336 0.6097222222222223 0.042708333333333334 0.1712962962962963
0 0.6098958333333333 0.6203703703703703 0.04895833333333333 0.1537037037037037
0 0.94375 0.5925925925925926 0.019791666666666666 0.09444444444444444
0 0.9734375 0.6027777777777777 0.015625 0.0962962962962963
0 0.4440104166666667 0.5976851851851852 0.03697916666666667 0.125
