2 0.7984375 0.5837962962962963 0.078125 0.075
3 0.0796875 0.7712962962962963 0.159375 0.337037037037037
3 0.5859375 0.6217592592592592 0.03333333333333333 0.09166666666666666
2 0.43802083333333336 0.5527777777777778 0.04479166666666667 0.07222222222222222
2 0.490625 0.5606481481481481 0.05625 0.08796296296296297
3 0.3502604166666667 0.6148148148148148 0.0578125 0.11666666666666667
3 0.65390625 0.6 0.022395833333333334 0.05740740740740741
2 0.315625 0.5310185185185186 0.027083333333333334 0.025
3 0.16692708333333334 0.6888888888888889 0.06822916666666666 0.15
3 0.5223958333333333 0.5953703703703703 0.023958333333333335 0.07407407407407407
0 0.05 0.6777777777777778 0.1 0.46296296296296297
0 0.35598958333333336 0.5768518518518518 0.04114583333333333 0.13333333333333333
0 0.5854166666666667 0.5787037037037037 0.035416666666666666 0.10925925925925926
0 0.9809895833333333 0.5856481481481481 0.0171875 0.08425925925925926
0 0.10729166666666666 0.6476851851851851 0.078125 0.38425925925925924
0 0.6528645833333333 0.5773148148148148 0.024479166666666666 0.09351851851851851
0 0.14661458333333333 0.5453703703703704 0.0390625 0.1
0 0.9463541666666667 0.5856481481481481 0.016666666666666666 0.08055555555555556
0 0.13984375 0.6171296296296296 0.0578125 0.24722222222222223
