2 0.8627604166666667 0.5944444444444444 0.07864583333333333 0.1
3 0.29791666666666666 0.8175925925925925 0.22291666666666668 0.3537037037037037
3 0.6473958333333333 0.649074074074074 0.046875 0.11666666666666667
3 0.53125 0.612037037037037 0.035416666666666666 0.08888888888888889
2 0.17682291666666666 0.6189814814814815 0.28072916666666664 0.262037037037037
2 0.4549479166666667 0.5657407407407408 0.0515625 0.07407407407407407
3 0.42135416666666664 0.5995370370370371 0.03333333333333333 0.07685185185185185
2 0.3890625 0.537962962962963 0.035416666666666666 0.040740740740740744
3 0.023697916666666666 0.6444444444444445 0.04739583333333333 0.14074074074074075
0 0.32526041666666666 0.6976851851851852 0.10989583333333333 0.44166666666666665
0 0.6473958333333333 0.6013888888888889 0.04791666666666667 0.15648148148148147
0 0.421875 0.5712962962962963 0.034375 0.1
0 0.5299479166666666 0.5856481481481481 0.03697916666666667 0.10648148148148148
0 0.5223958333333333 0.5824074074074074 0.022916666666666665 0.1
0 0.5953125 0.5699074074074074 0.021875 0.08981481481481482
0 0.5950520833333334 0.5800925925925926 0.019270833333333334 0.0712962962962963
