3 0.24375 0.6620370370370371 0.09583333333333334 0.13148148148148148
2 0.34036458333333336 0.6055555555555555 0.15677083333333333 0.17592592592592593
2 0.8057291666666667 0.6023148148148149 0.08020833333333334 0.07314814814814814
2 0.5106770833333333 0.5694444444444444 0.03697916666666667 0.05555555555555555
3 0.4635416666666667 0.7597222222222222 0.10208333333333333 0.2361111111111111
1 0.465625 0.7592592592592593 0.1 0.2351851851851852
0 0.4557291666666667 0.6578703703703703 0.0875 0.27685185185185185
0 0.24453125 0.6180555555555556 0.04635416666666667 0.1712962962962963
0 0.9791666666666666 0.6074074074074074 0.01875 0.09259259259259259
0 0.9755208333333333 0.6083333333333333 0.022916666666666665 0.09814814814814815
0 0.546875 0.5824074074074074 0.023958333333333335 0.06481481481481481
