2 0.32890625 0.6069444444444444 0.16927083333333334 0.18055555555555555
3 0.22265625 0.6680555555555555 0.09739583333333333 0.13796296296296295
2 0.80546875 0.6032407407407407 0.0796875 0.07314814814814814
2 0.5104166666666666 0.5703703703703704 0.036458333333333336 0.05740740740740741
3 0.44427083333333334 0.7657407407407407 0.10833333333333334 0.25925925925925924
1 0.4421875 0.7763888888888889 0.10416666666666667 0.2361111111111111
0 0.43463541666666666 0.6671296296296296 0.0921875 0.30092592592592593
0 0.22473958333333333 0.6226851851851852 0.0484375 0.175
0 0.9791666666666666 0.6069444444444444 0.01875 0.09166666666666666
0 0.5466145833333333 0.5814814814814815 0.022395833333333334 0.06666666666666667
