7 0.3359375 0.6259259259259259 0.15 0.1685185185185185
3 0.6481770833333333 0.7106481481481481 0.034895833333333334 0.10833333333333334
3 0.5190104166666667 0.6736111111111112 0.04114583333333333 0.08796296296296297
2 0.4765625 0.6138888888888889 0.040625 0.05555555555555555
2 0.784375 0.6652777777777777 0.075 0.07685185185185185
3 0.228125 0.6476851851851851 0.05 0.08981481481481482
0 0.22604166666666667 0.6189814814814815 0.040625 0.12129629629629629
0 0.8260416666666667 0.662962962962963 0.019791666666666666 0.07407407407407407
0 0.6458333333333334 0.6606481481481481 0.041666666666666664 0.13240740740740742
0 0.43723958333333335 0.6273148148148148 0.0203125 0.0712962962962963
