3 0.16927083333333334 0.7384259259259259 0.11979166666666667 0.15462962962962962
2 0.41171875 0.625 0.06197916666666667 0.08518518518518518
2 0.80078125 0.6375 0.07864583333333333 0.07314814814814814
2 0.5747395833333333 0.6166666666666667 0.03802083333333333 0.05185185185185185
2 0.48098958333333336 0.638425925925926 0.049479166666666664 0.07314814814814814
3 0.5380208333333333 0.7379629629629629 0.06354166666666666 0.1388888888888889
2 0.3453125 0.6046296296296296 0.03125 0.03518518518518519
2 0.4830729166666667 0.6300925925925925 0.0578125 0.09537037037037037
2 0.35234375 0.6050925925925926 0.03802083333333333 0.03425925925925926
2 0.31614583333333335 0.6041666666666666 0.030208333333333334 0.028703703703703703
2 0.36614583333333334 0.6046296296296296 0.022916666666666665 0.03333333333333333
0 0.5265625 0.6810185185185185 0.06458333333333334 0.18611111111111112
0 0.171875 0.6967592592592593 0.042708333333333334 0.1527777777777778
0 0.8783854166666667 0.6273148148148148 0.013020833333333334 0.06944444444444445
0 0.64140625 0.6361111111111111 0.0203125 0.08518518518518518
