2 0.78984375 0.6069444444444444 0.07552083333333333 0.0712962962962963
3 0.31328125 0.663425925925926 0.0796875 0.14722222222222223
2 0.565625 0.5851851851851851 0.04583333333333333 0.07222222222222222
3 0.47552083333333334 0.6319444444444444 0.030208333333333334 0.08055555555555556
3 0.41822916666666665 0.6111111111111112 0.03854166666666667 0.07407407407407407
3 0.92265625 0.736574074074074 0.09739583333333333 0.18425925925925926
2 0.11432291666666666 0.6129629629629629 0.22864583333333333 0.2611111111111111
7 0.1140625 0.6129629629629629 0.228125 0.2611111111111111
3 0.2515625 0.6143518518518518 0.053125 0.10833333333333334
2 0.5213541666666667 0.5675925925925925 0.028125 0.05555555555555555
0 0.31015625 0.6134259259259259 0.05364583333333333 0.18055555555555555
0 0.9213541666666667 0.6694444444444444 0.09479166666666666 0.26851851851851855
0 0.478125 0.5898148148148148 0.025 0.09259259259259259
0 0.4739583333333333 0.600462962962963 0.03333333333333333 0.11203703703703703
0 0.41770833333333335 0.5912037037037037 0.03333333333333333 0.09907407407407408
0 0.66328125 0.600462962962963 0.015104166666666667 0.05277777777777778
