2 0.14010416666666667 0.6231481481481481 0.28020833333333334 0.22592592592592592
2 0.7986979166666667 0.5791666666666667 0.0765625 0.07314814814814814
3 0.43359375 0.6199074074074075 0.043229166666666666 0.09907407407407408
3 0.621875 0.5851851851851851 0.022916666666666665 0.07407407407407407
3 0.5427083333333333 0.6532407407407408 0.065625 0.14166666666666666
2 0.34791666666666665 0.5361111111111111 0.03333333333333333 0.03333333333333333
2 0.35442708333333334 0.5361111111111111 0.034895833333333334 0.03518518518518519
3 0.4395833333333333 0.6152777777777778 0.03125 0.10277777777777777
0 0.5440104166666667 0.5981481481481481 0.06197916666666667 0.18333333333333332
0 0.43203125 0.5875 0.0390625 0.12314814814814815
0 0.621875 0.5731481481481482 0.025 0.09074074074074075
0 0.9440104166666666 0.5791666666666667 0.015104166666666667 0.08425925925925926
0 0.5763020833333333 0.5583333333333333 0.021354166666666667 0.07407407407407407
0 0.44166666666666665 0.5916666666666667 0.027083333333333334 0.1111111111111111
0 0.49192708333333335 0.575925925925926 0.0234375 0.09074074074074075
