2 0.246875 0.6027777777777777 0.17083333333333334 0.15
2 0.48828125 0.5837962962962963 0.07239583333333334 0.09907407407407408
3 0.4231770833333333 0.637962962962963 0.04739583333333333 0.11481481481481481
3 0.9161458333333333 0.762962962962963 0.06875 0.1648148148148148
2 0.5447916666666667 0.5740740740740741 0.03333333333333333 0.044444444444444446
2 0.7572916666666667 0.5976851851851852 0.075 0.062037037037037036
2 0.33098958333333334 0.5574074074074075 0.028645833333333332 0.03518518518518519
3 0.9203125 0.736574074074074 0.0875 0.2064814814814815
3 0.58125 0.6143518518518518 0.03333333333333333 0.06759259259259259
2 0.36354166666666665 0.562037037037037 0.0375 0.03518518518518519
2 0.35833333333333334 0.5615740740740741 0.028125 0.03425925925925926
0 0.9265625 0.6837962962962963 0.109375 0.2898148148148148
0 0.828125 0.5944444444444444 0.016666666666666666 0.07592592592592592
0 0.5830729166666667 0.5893518518518519 0.028645833333333332 0.07685185185185185
0 0.4231770833333333 0.5981481481481481 0.0421875 0.13703703703703704
0 0.8815104166666666 0.6027777777777777 0.019270833333333334 0.06296296296296296
