2 0.14505208333333333 0.6199074074074075 0.29010416666666666 0.21944444444444444
2 0.7984375 0.5777777777777777 0.07708333333333334 0.07222222222222222
3 0.4395833333333333 0.6171296296296296 0.03958333333333333 0.09907407407407408
3 0.6221354166666667 0.5851851851851851 0.021354166666666667 0.06851851851851852
3 0.55 0.6472222222222223 0.06041666666666667 0.13703703703703704
2 0.3484375 0.5370370370370371 0.03229166666666667 0.03148148148148148
2 0.35520833333333335 0.5370370370370371 0.03333333333333333 0.03333333333333333
0 0.546875 0.5967592592592592 0.05 0.1712962962962963
0 0.4317708333333333 0.5773148148148148 0.027083333333333334 0.11574074074074074
0 0.44140625 0.5837962962962963 0.0328125 0.11574074074074074
0 0.9447916666666667 0.5791666666666667 0.015625 0.08425925925925926
0 0.43020833333333336 0.5504629629629629 0.023958333333333335 0.062037037037037036
0 0.6221354166666667 0.5731481481481482 0.024479166666666666 0.08333333333333333
