2 0.80078125 0.5745370370370371 0.07864583333333333 0.0712962962962963
3 0.37604166666666666 0.7662037037037037 0.15729166666666666 0.2953703703703704
3 0.6375 0.600462962962963 0.027083333333333334 0.07685185185185185
2 0.45677083333333335 0.6148148148148148 0.10208333333333333 0.18518518518518517
3 0.026822916666666665 0.6717592592592593 0.05364583333333333 0.15462962962962962
2 0.3854166666666667 0.625 0.2375 0.19074074074074074
3 0.5315104166666667 0.5907407407407408 0.021354166666666667 0.05185185185185185
2 0.5408854166666667 0.5375 0.0359375 0.04351851851851852
0 0.37838541666666664 0.6462962962962963 0.11197916666666667 0.362962962962963
0 0.02109375 0.5976851851851852 0.0421875 0.2064814814814815
0 0.6390625 0.5949074074074074 0.027083333333333334 0.0787037037037037
