2 0.7846354166666667 0.6074074074074074 0.0765625 0.07222222222222222
2 0.5091145833333334 0.6175925925925926 0.10677083333333333 0.13518518518518519
3 0.5903645833333333 0.6462962962962963 0.03802083333333333 0.10555555555555556
2 0.3997395833333333 0.5675925925925925 0.030729166666666665 0.02962962962962963
2 0.30416666666666664 0.5587962962962963 0.029166666666666667 0.032407407407407406
2 0.40208333333333335 0.5666666666666667 0.0375 0.03518518518518519
3 0.6942708333333333 0.6430555555555556 0.021875 0.06018518518518518
2 0.45807291666666666 0.5685185185185185 0.033854166666666664 0.04259259259259259
0 0.8669270833333333 0.5967592592592592 0.0171875 0.06944444444444445
0 0.6924479166666667 0.6185185185185185 0.028645833333333332 0.1037037037037037
