2 0.8018229166666667 0.5773148148148148 0.07760416666666667 0.07314814814814814
3 0.23255208333333333 0.7231481481481481 0.1546875 0.21851851851851853
2 0.6091145833333333 0.5657407407407408 0.0484375 0.07037037037037037
2 0.07239583333333334 0.600925925925926 0.14479166666666668 0.2111111111111111
2 0.18020833333333333 0.6083333333333333 0.27708333333333335 0.22592592592592592
3 0.5348958333333333 0.6203703703703703 0.053125 0.11851851851851852
2 0.13229166666666667 0.6083333333333333 0.18541666666666667 0.22777777777777777
2 0.48854166666666665 0.5550925925925926 0.021875 0.05462962962962963
3 0.6744791666666666 0.5851851851851851 0.027083333333333334 0.06111111111111111
2 0.28854166666666664 0.586574074074074 0.07916666666666666 0.1712962962962963
3 0.38697916666666665 0.600925925925926 0.03854166666666667 0.08333333333333333
2 0.35390625 0.5407407407407407 0.034895833333333334 0.03518518518518519
0 0.22473958333333333 0.6314814814814815 0.09635416666666667 0.2962962962962963
0 0.5302083333333333 0.5782407407407407 0.0375 0.125
0 0.5276041666666667 0.5666666666666667 0.03229166666666667 0.0962962962962963
0 0.38385416666666666 0.5958333333333333 0.03229166666666667 0.08611111111111111
0 0.8768229166666667 0.5680555555555555 0.015104166666666667 0.0824074074074074
0 0.6721354166666667 0.5796296296296296 0.025520833333333333 0.06481481481481481
0 0.5557291666666667 0.575462962962963 0.025 0.10277777777777777
