2 0.41510416666666666 0.6287037037037037 0.0625 0.08703703703703704
2 0.8005208333333333 0.6412037037037037 0.078125 0.0712962962962963
3 0.21302083333333333 0.7263888888888889 0.10625 0.15092592592592594
2 0.4890625 0.6319444444444444 0.0625 0.08981481481481482
2 0.5770833333333333 0.6212962962962963 0.03958333333333333 0.05
3 0.55546875 0.7333333333333333 0.05677083333333333 0.13518518518518519
2 0.31640625 0.6041666666666666 0.027604166666666666 0.030555555555555555
2 0.45729166666666665 0.6185185185185185 0.030208333333333334 0.044444444444444446
2 0.3489583333333333 0.6078703703703704 0.0375 0.03425925925925926
2 0.45859375 0.6111111111111112 0.030729166666666665 0.05
0 0.5486979166666667 0.6796296296296296 0.05572916666666667 0.18518518518518517
0 0.5125 0.674537037037037 0.030208333333333334 0.11574074074074074
0 0.21458333333333332 0.6824074074074075 0.03958333333333333 0.17037037037037037
0 0.22005208333333334 0.6796296296296296 0.05677083333333333 0.1685185185185185
0 0.8596354166666667 0.638425925925926 0.018229166666666668 0.08055555555555556
0 0.8765625 0.6287037037037037 0.013541666666666667 0.07407407407407407
0 0.8471354166666667 0.6347222222222222 0.013020833333333334 0.062037037037037036
