2 0.7828125 0.662962962962963 0.07916666666666666 0.07962962962962963
2 0.47604166666666664 0.6134259259259259 0.03958333333333333 0.05648148148148148
3 0.6546875 0.7 0.0375 0.10925925925925926
3 0.5317708333333333 0.6717592592592593 0.036458333333333336 0.08055555555555556
7 0.3541666666666667 0.6282407407407408 0.14270833333333333 0.15833333333333333
3 0.2596354166666667 0.6444444444444445 0.0453125 0.08703703703703704
2 0.56171875 0.6199074074074075 0.0265625 0.03611111111111111
0 0.8270833333333333 0.6569444444444444 0.023958333333333335 0.0824074074074074
0 0.25729166666666664 0.6268518518518519 0.0375 0.11851851851851852
0 0.6528645833333333 0.6675925925925926 0.044270833333333336 0.13703703703703704
