2 0.3731770833333333 0.5819444444444445 0.0984375 0.10092592592592593
3 0.2109375 0.7231481481481481 0.18645833333333334 0.3148148148148148
2 0.84453125 0.5888888888888889 0.07135416666666666 0.08148148148148149
2 0.5130208333333334 0.5731481481481482 0.06770833333333333 0.10185185185185185
3 0.7127604166666667 0.6055555555555555 0.025520833333333333 0.07037037037037037
2 0.47161458333333334 0.562037037037037 0.030729166666666665 0.046296296296296294
0 0.23541666666666666 0.6518518518518519 0.078125 0.3277777777777778
0 0.2747395833333333 0.6166666666666667 0.050520833333333334 0.24074074074074073
0 0.7122395833333334 0.5958333333333333 0.024479166666666666 0.06574074074074074
0 0.2752604166666667 0.5814814814814815 0.049479166666666664 0.1685185185185185
