2 0.303125 0.5986111111111111 0.13958333333333334 0.13240740740740742
3 0.12317708333333334 0.7310185185185185 0.15260416666666668 0.20462962962962963
3 0.4669270833333333 0.6361111111111111 0.0390625 0.08703703703703704
2 0.5015625 0.5805555555555556 0.06041666666666667 0.09259259259259259
3 0.9171875 0.7675925925925926 0.071875 0.17407407407407408
2 0.5447916666666667 0.5740740740740741 0.029166666666666667 0.040740740740740744
2 0.7606770833333333 0.5967592592592592 0.04739583333333333 0.062037037037037036
2 0.05364583333333333 0.6643518518518519 0.10729166666666666 0.2324074074074074
2 0.09244791666666667 0.6606481481481481 0.18489583333333334 0.24351851851851852
2 0.74765625 0.5953703703703703 0.07239583333333334 0.06111111111111111
2 0.037760416666666664 0.6643518518518519 0.07552083333333333 0.23055555555555557
3 0.9229166666666667 0.7347222222222223 0.09270833333333334 0.2175925925925926
2 0.7263020833333333 0.5944444444444444 0.0328125 0.05185185185185185
3 0.5890625 0.6060185185185185 0.027083333333333334 0.06574074074074074
0 0.9268229166666667 0.6810185185185185 0.10989583333333333 0.2916666666666667
0 0.12395833333333334 0.649074074074074 0.07604166666666666 0.26851851851851855
0 0.828125 0.5902777777777778 0.015625 0.06944444444444445
0 0.8833333333333333 0.6074074074074074 0.01875 0.07037037037037037
0 0.5916666666666667 0.5944444444444444 0.025 0.07777777777777778
0 0.46770833333333334 0.5800925925925926 0.03958333333333333 0.08981481481481482
