2 0.7942708333333334 0.6458333333333334 0.07604166666666666 0.0712962962962963
3 0.12734375 0.6944444444444444 0.06822916666666666 0.1037037037037037
2 0.50078125 0.6305555555555555 0.04739583333333333 0.07037037037037037
3 0.23515625 0.6925925925925925 0.0578125 0.10185185185185185
2 0.42916666666666664 0.6310185185185185 0.04375 0.06388888888888888
3 0.4796875 0.6717592592592593 0.030208333333333334 0.0787037037037037
2 0.55625 0.6226851851851852 0.029166666666666667 0.04351851851851852
3 0.63671875 0.6865740740740741 0.022395833333333334 0.06759259259259259
3 0.596875 0.663425925925926 0.019791666666666666 0.062037037037037036
0 0.13359375 0.6625 0.04010416666666667 0.13425925925925927
0 0.6354166666666666 0.6574074074074074 0.028125 0.1111111111111111
0 0.8518229166666667 0.6365740740740741 0.0171875 0.075
0 0.23177083333333334 0.6592592592592592 0.05 0.13333333333333333
0 0.5963541666666666 0.6509259259259259 0.022916666666666665 0.08148148148148149
0 0.8697916666666666 0.6328703703703704 0.013541666666666667 0.06388888888888888
0 0.24114583333333334 0.6527777777777778 0.06666666666666667 0.12222222222222222
