2 0.2859375 0.5995370370370371 0.203125 0.18981481481481483
2 0.15234375 0.5930555555555556 0.2078125 0.175
2 0.8015625 0.5796296296296296 0.07708333333333334 0.07222222222222222
2 0.6088541666666667 0.5643518518518519 0.041666666666666664 0.06574074074074074
3 0.4200520833333333 0.6722222222222223 0.08385416666666666 0.15555555555555556
2 0.4953125 0.5527777777777778 0.03333333333333333 0.053703703703703705
3 0.57734375 0.6129629629629629 0.033854166666666664 0.07962962962962963
3 0.521875 0.5768518518518518 0.027083333333333334 0.05555555555555555
0 0.6653645833333334 0.5777777777777777 0.016145833333333335 0.05925925925925926
0 0.41692708333333334 0.6083333333333333 0.0703125 0.2074074074074074
0 0.5729166666666666 0.5824074074074074 0.026041666666666668 0.10740740740740741
0 0.87890625 0.5699074074074074 0.015104166666666667 0.07685185185185185
0 0.5755208333333334 0.5712962962962963 0.028125 0.09259259259259259
0 0.8932291666666666 0.575925925925926 0.015625 0.06481481481481481
