2 0.13489583333333333 0.6268518518518519 0.26979166666666665 0.23148148148148148
2 0.79921875 0.5796296296296296 0.0765625 0.07222222222222222
3 0.4270833333333333 0.6203703703703703 0.04479166666666667 0.10555555555555556
3 0.53359375 0.6587962962962963 0.06302083333333333 0.1398148148148148
3 0.6216145833333333 0.587037037037037 0.0234375 0.07222222222222222
2 0.35442708333333334 0.5356481481481481 0.033854166666666664 0.03611111111111111
2 0.34765625 0.5356481481481481 0.03177083333333333 0.03425925925925926
0 0.534375 0.5995370370370371 0.065625 0.1935185185185185
0 0.42890625 0.5851851851851851 0.03697916666666667 0.11851851851851852
0 0.94453125 0.5796296296296296 0.015104166666666667 0.07962962962962963
0 0.6208333333333333 0.575462962962963 0.025 0.08796296296296297
0 0.44947916666666665 0.5606481481481481 0.019791666666666666 0.0712962962962963
