2 0.11614583333333334 0.6351851851851852 0.23229166666666667 0.25
2 0.7986979166666667 0.5805555555555556 0.07760416666666667 0.07592592592592592
3 0.40520833333333334 0.6277777777777778 0.04791666666666667 0.10925925925925926
3 0.5057291666666667 0.6671296296296296 0.07291666666666667 0.1638888888888889
3 0.6197916666666666 0.5949074074074074 0.025 0.06759259259259259
2 0.34791666666666665 0.5375 0.035416666666666666 0.03425925925925926
2 0.31692708333333336 0.5337962962962963 0.0296875 0.028703703703703703
3 0.4940104166666667 0.674537037037037 0.04739583333333333 0.1527777777777778
0 0.5065104166666666 0.6083333333333333 0.06822916666666666 0.20555555555555555
0 0.9447916666666667 0.5814814814814815 0.015625 0.08333333333333333
0 0.40859375 0.5851851851851851 0.0390625 0.13518518518518519
0 0.4140625 0.5805555555555556 0.029166666666666667 0.12407407407407407
0 0.5166666666666667 0.6050925925925926 0.05520833333333333 0.18796296296296297
0 0.4393229166666667 0.5671296296296297 0.021354166666666667 0.07685185185185185
