2 0.14010416666666667 0.5916666666666667 0.21875 0.1648148148148148
3 0.24869791666666666 0.7708333333333334 0.1984375 0.3138888888888889
2 0.5380208333333333 0.5958333333333333 0.12395833333333334 0.14166666666666666
2 0.8020833333333334 0.575462962962963 0.07916666666666666 0.07314814814814814
2 0.45989583333333334 0.5638888888888889 0.07395833333333333 0.1
3 0.6411458333333333 0.6532407407407408 0.04583333333333333 0.13425925925925927
2 0.41770833333333335 0.5375 0.03125 0.03425925925925926
3 0.3893229166666667 0.5638888888888889 0.027604166666666666 0.07777777777777778
1 0.6434895833333333 0.662962962962963 0.0390625 0.12037037037037036
0 0.2604166666666667 0.6671296296296296 0.08125 0.3712962962962963
0 0.6393229166666666 0.5958333333333333 0.04635416666666667 0.1712962962962963
0 0.31302083333333336 0.6074074074074074 0.028125 0.11481481481481481
