2 0.521875 0.5986111111111111 0.134375 0.14907407407407408
2 0.8015625 0.575925925925926 0.078125 0.07222222222222222
2 0.4473958333333333 0.5662037037037037 0.07395833333333333 0.10277777777777777
2 0.14765625 0.5879629629629629 0.1359375 0.15185185185185185
3 0.0921875 0.8194444444444444 0.184375 0.3055555555555556
3 0.2903645833333333 0.6217592592592592 0.0703125 0.1175925925925926
3 0.6203125 0.6523148148148148 0.05416666666666667 0.13240740740740742
3 0.3770833333333333 0.5666666666666667 0.027083333333333334 0.07592592592592592
2 0.10729166666666666 0.5824074074074074 0.21354166666666666 0.17037037037037037
2 0.3515625 0.5333333333333333 0.029166666666666667 0.03888888888888889
3 0.6205729166666667 0.6662037037037037 0.0421875 0.11944444444444445
2 0.321875 0.5226851851851851 0.03229166666666667 0.04351851851851852
0 0.05677083333333333 0.6921296296296297 0.11354166666666667 0.4675925925925926
0 0.6190104166666667 0.6 0.05572916666666667 0.18333333333333332
0 0.29765625 0.5689814814814815 0.0421875 0.14537037037037037
0 0.29140625 0.5745370370370371 0.05572916666666667 0.15833333333333333
