3 0.17239583333333333 0.6162037037037037 0.08020833333333334 0.11018518518518519
2 0.80234375 0.5740740740740741 0.07864583333333333 0.07037037037037037
3 0.2921875 0.6625 0.09166666666666666 0.16203703703703703
3 0.05677083333333333 0.6458333333333334 0.11354166666666667 0.1361111111111111
2 0.5861979166666667 0.5768518518518518 0.06302083333333333 0.1
2 0.4908854166666667 0.5564814814814815 0.05364583333333333 0.07777777777777778
3 0.35625 0.6027777777777777 0.04583333333333333 0.12037037037037036
3 0.4546875 0.5851851851851851 0.029166666666666667 0.07962962962962963
3 0.6895833333333333 0.6018518518518519 0.026041666666666668 0.06296296296296296
2 0.41484375 0.5370370370370371 0.024479166666666666 0.03148148148148148
3 0.6223958333333334 0.6273148148148148 0.03854166666666667 0.11388888888888889
3 0.35989583333333336 0.612037037037037 0.036458333333333336 0.1037037037037037
2 0.60703125 0.5763888888888888 0.1046875 0.10092592592592593
0 0.6200520833333333 0.5986111111111111 0.03697916666666667 0.14537037037037037
0 0.3015625 0.5972222222222222 0.065625 0.2111111111111111
0 0.05416666666666667 0.5990740740740741 0.0625 0.18333333333333332
0 0.17864583333333334 0.5726851851851852 0.04895833333333333 0.13425925925925927
0 0.6895833333333333 0.5800925925925926 0.027083333333333334 0.09166666666666666
0 0.06197916666666667 0.5944444444444444 0.04479166666666667 0.17222222222222222
0 0.8911458333333333 0.5666666666666667 0.021875 0.08518518518518518
0 0.4546875 0.5856481481481481 0.030208333333333334 0.0787037037037037
