2 0.33255208333333336 0.5944444444444444 0.17447916666666666 0.17222222222222222
2 0.8018229166666667 0.5796296296296296 0.07760416666666667 0.07222222222222222
2 0.21171875 0.5916666666666667 0.17760416666666667 0.1574074074074074
3 0.4825520833333333 0.6587962962962963 0.06927083333333334 0.1287037037037037
2 0.6109375 0.5657407407407408 0.03333333333333333 0.06111111111111111
2 0.43723958333333335 0.5634259259259259 0.0453125 0.06574074074074074
3 0.5901041666666667 0.6037037037037037 0.028125 0.07222222222222222
0 0.47578125 0.6097222222222223 0.05572916666666667 0.175
0 0.5890625 0.5833333333333334 0.030208333333333334 0.10740740740740741
0 0.66171875 0.575925925925926 0.015104166666666667 0.05185185185185185
0 0.59140625 0.5726851851851852 0.0328125 0.08981481481481482
0 0.8796875 0.5717592592592593 0.0125 0.0712962962962963
0 0.8682291666666667 0.5712962962962963 0.01875 0.08518518518518518
