2 0.8010416666666667 0.6185185185185185 0.07708333333333334 0.07037037037037037
3 0.440625 0.7541666666666667 0.1 0.18796296296296297
2 0.39427083333333335 0.6097222222222223 0.06354166666666666 0.09722222222222222
2 0.4861979166666667 0.612037037037037 0.06614583333333333 0.10185185185185185
2 0.5778645833333333 0.5958333333333333 0.034895833333333334 0.05277777777777778
3 0.6356770833333333 0.6356481481481482 0.021354166666666667 0.06018518518518518
2 0.3177083333333333 0.5791666666666667 0.029166666666666667 0.028703703703703703
2 0.3515625 0.5828703703703704 0.029166666666666667 0.03611111111111111
0 0.4328125 0.674074074074074 0.06770833333333333 0.22777777777777777
0 0.8802083333333334 0.6074074074074074 0.0125 0.06851851851851852
0 0.5408854166666667 0.6083333333333333 0.0140625 0.06296296296296296
0 0.8578125 0.6069444444444444 0.0125 0.06944444444444445
0 0.8627604166666667 0.6097222222222223 0.0140625 0.075
