2 0.81796875 0.6023148148148149 0.07239583333333334 0.0787037037037037
2 0.51953125 0.5731481481481482 0.0421875 0.06481481481481481
3 0.234375 0.6435185185185185 0.08333333333333333 0.1259259259259259
3 0.48020833333333335 0.6166666666666667 0.03333333333333333 0.08333333333333333
2 0.44427083333333334 0.5782407407407407 0.03854166666666667 0.05648148148148148
2 0.14739583333333334 0.5976851851851852 0.2125 0.1935185185185185
7 0.14921875 0.5995370370370371 0.21510416666666668 0.19537037037037036
2 0.3578125 0.5569444444444445 0.03333333333333333 0.03611111111111111
7 0.6033854166666667 0.6268518518518519 0.13177083333333334 0.27037037037037037
2 0.3658854166666667 0.5569444444444445 0.03802083333333333 0.03796296296296296
2 0.3255208333333333 0.5546296296296296 0.03125 0.03518518518518519
0 0.9911458333333333 0.6046296296296296 0.016666666666666666 0.1
0 0.96796875 0.6087962962962963 0.0265625 0.11203703703703703
0 0.9752604166666666 0.6060185185185185 0.0203125 0.10648148148148148
0 0.98125 0.6078703703703704 0.01875 0.10833333333333334
