2 0.3640625 0.5851851851851851 0.10625 0.10740740740740741
3 0.13541666666666666 0.7564814814814815 0.225 0.32407407407407407
2 0.8466145833333333 0.5875 0.0703125 0.08425925925925926
2 0.5104166666666666 0.575925925925926 0.06979166666666667 0.10740740740740741
3 0.71328125 0.6064814814814815 0.025520833333333333 0.07037037037037037
2 0.47109375 0.5615740740740741 0.028645833333333332 0.049074074074074076
2 0.5846354166666666 0.5712962962962963 0.027604166666666666 0.04814814814814815
2 0.46770833333333334 0.5652777777777778 0.022916666666666665 0.041666666666666664
3 0.7135416666666666 0.6208333333333333 0.023958333333333335 0.05462962962962963
0 0.16432291666666668 0.6611111111111111 0.08177083333333333 0.35185185185185186
0 0.21536458333333333 0.5921296296296297 0.05677083333333333 0.19537037037037036
0 0.21510416666666668 0.6333333333333333 0.057291666666666664 0.2796296296296296
0 0.7122395833333334 0.5976851851851852 0.0234375 0.05648148148148148
