2 0.41744791666666664 0.5791666666666667 0.06510416666666667 0.0787037037037037
2 0.8333333333333334 0.5972222222222222 0.06979166666666667 0.08148148148148149
3 0.49114583333333334 0.6652777777777777 0.0625 0.14907407407407408
3 0.2947916666666667 0.6097222222222223 0.040625 0.07685185185185185
2 0.07604166666666666 0.7976851851851852 0.15208333333333332 0.38425925925925924
3 0.70078125 0.6 0.021354166666666667 0.05555555555555555
2 0.5276041666666667 0.5740740740740741 0.041666666666666664 0.08888888888888889
2 0.5770833333333333 0.5657407407407408 0.035416666666666666 0.04814814814814815
2 0.36484375 0.55 0.030729166666666665 0.03333333333333333
2 0.6229166666666667 0.5652777777777778 0.026041666666666668 0.03611111111111111
0 0.49453125 0.6143518518518518 0.0640625 0.17314814814814813
0 0.07942708333333333 0.5763888888888888 0.07447916666666667 0.13425925925925927
0 0.08854166666666667 0.5708333333333333 0.05625 0.12129629629629629
0 0.7002604166666667 0.5958333333333333 0.021354166666666667 0.05648148148148148
0 0.9893229166666667 0.5972222222222222 0.0203125 0.1037037037037037
