2 0.8598958333333333 0.5976851851851852 0.084375 0.11203703703703703
2 0.1109375 0.6212962962962963 0.221875 0.2814814814814815
2 0.4276041666666667 0.5685185185185185 0.06354166666666666 0.08518518518518518
3 0.5932291666666667 0.6828703703703703 0.059375 0.14166666666666666
3 0.37552083333333336 0.6041666666666666 0.04479166666666667 0.08796296296296297
3 0.48385416666666664 0.625 0.04895833333333333 0.10555555555555556
2 0.6359375 0.5569444444444445 0.035416666666666666 0.049074074074074076
2 0.353125 0.5347222222222222 0.029166666666666667 0.030555555555555555
3 0.5171875 0.6041666666666666 0.027083333333333334 0.07314814814814814
0 0.5893229166666667 0.6152777777777778 0.06197916666666667 0.19722222222222222
0 0.3807291666666667 0.5791666666666667 0.035416666666666666 0.11203703703703703
0 0.5479166666666667 0.5666666666666667 0.020833333333333332 0.08148148148148149
0 0.48125 0.5875 0.04479166666666667 0.13240740740740742
0 0.5919270833333333 0.6166666666666667 0.0546875 0.1388888888888889
0 0.47421875 0.5902777777777778 0.03177083333333333 0.125
