2 0.7984375 0.6537037037037037 0.078125 0.07407407407407407
3 0.33203125 0.7097222222222223 0.06927083333333334 0.13425925925925927
2 0.49583333333333335 0.6449074074074074 0.05625 0.08611111111111111
2 0.42265625 0.6407407407407407 0.0546875 0.07777777777777778
3 0.5963541666666666 0.7236111111111111 0.040625 0.11574074074074074
3 0.5481770833333334 0.6925925925925925 0.024479166666666666 0.07777777777777778
2 0.4591145833333333 0.6259259259259259 0.027604166666666666 0.05
3 0.33307291666666666 0.7282407407407407 0.0671875 0.09907407407407408
0 0.59140625 0.6773148148148148 0.043229166666666666 0.1398148148148148
0 0.5486979166666667 0.6768518518518518 0.027604166666666666 0.10555555555555556
0 0.8424479166666666 0.6467592592592593 0.015104166666666667 0.06388888888888888
0 0.85859375 0.6504629629629629 0.016145833333333335 0.075
0 0.8705729166666667 0.6458333333333334 0.013020833333333334 0.07314814814814814
0 0.33515625 0.6856481481481481 0.027604166666666666 0.11574074074074074
