3 0.38567708333333334 0.7175925925925926 0.10989583333333333 0.22777777777777777
2 0.3736979166666667 0.6407407407407407 0.1921875 0.20185185185185187
2 0.7815104166666667 0.6175925925925926 0.07760416666666667 0.07222222222222222
3 0.6677083333333333 0.6708333333333333 0.046875 0.11944444444444445
2 0.4875 0.5921296296296297 0.04583333333333333 0.06944444444444445
2 0.44427083333333334 0.6402777777777777 0.06145833333333333 0.175
2 0.30442708333333335 0.5587962962962963 0.028645833333333332 0.030555555555555555
0 0.39505208333333336 0.6513888888888889 0.07135416666666666 0.24166666666666667
0 0.6640625 0.6333333333333333 0.046875 0.14444444444444443
0 0.3776041666666667 0.6430555555555556 0.090625 0.22870370370370371
