2 0.8005208333333333 0.5745370370370371 0.08020833333333334 0.06944444444444445
2 0.42864583333333334 0.611574074074074 0.134375 0.17685185185185184
2 0.03958333333333333 0.6032407407407407 0.07916666666666666 0.18611111111111112
3 0.5140625 0.7069444444444445 0.08958333333333333 0.20277777777777778
3 0.13541666666666666 0.6375 0.1125 0.1712962962962963
3 0.3296875 0.575 0.034375 0.09074074074074075
3 0.6419270833333334 0.5930555555555556 0.022395833333333334 0.06944444444444445
2 0.36354166666666665 0.5328703703703703 0.036458333333333336 0.03796296296296296
2 0.5544270833333333 0.5430555555555555 0.018229166666666668 0.032407407407407406
0 0.5135416666666667 0.612037037037037 0.07395833333333333 0.2537037037037037
0 0.15182291666666667 0.5861111111111111 0.06302083333333333 0.17777777777777778
0 0.16302083333333334 0.5796296296296296 0.03958333333333333 0.16111111111111112
0 0.3299479166666667 0.5592592592592592 0.034895833333333334 0.0962962962962963
0 0.5127604166666667 0.5592592592592592 0.0734375 0.15
0 0.13958333333333334 0.5847222222222223 0.036458333333333336 0.17685185185185184
0 0.6411458333333333 0.587037037037037 0.026041666666666668 0.07962962962962963
