3 0.20494791666666667 0.7597222222222222 0.1890625 0.2972222222222222
2 0.8033854166666666 0.5962962962962963 0.07760416666666667 0.07037037037037037
3 0.06510416666666667 0.6791666666666667 0.13020833333333334 0.1787037037037037
3 0.5697916666666667 0.7041666666666667 0.05520833333333333 0.14722222222222223
2 0.4153645833333333 0.5930555555555556 0.0921875 0.14722222222222223
2 0.5109375 0.5652777777777778 0.03333333333333333 0.05277777777777778
3 0.36354166666666665 0.6365740740740741 0.06145833333333333 0.11574074074074074
2 0.6588541666666666 0.5958333333333333 0.040625 0.08611111111111111
0 0.22552083333333334 0.6601851851851852 0.08125 0.3111111111111111
0 0.07421875 0.6268518518518519 0.05364583333333333 0.2111111111111111
0 0.56484375 0.6370370370370371 0.0640625 0.19814814814814816
0 0.97734375 0.5990740740740741 0.018229166666666668 0.09259259259259259
0 0.3729166666666667 0.6069444444444444 0.03854166666666667 0.15462962962962962
0 0.11119791666666666 0.6023148148148149 0.03802083333333333 0.1675925925925926
0 0.97421875 0.5986111111111111 0.021354166666666667 0.10092592592592593
0 0.9515625 0.5916666666666667 0.015625 0.09444444444444444
0 0.9541666666666667 0.5916666666666667 0.014583333333333334 0.09259259259259259
