3 0.13151041666666666 0.6652777777777777 0.11822916666666666 0.16574074074074074
2 0.7989583333333333 0.5856481481481481 0.07708333333333334 0.075
3 0.52734375 0.6462962962962963 0.05572916666666667 0.12777777777777777
3 0.4393229166666667 0.6129629629629629 0.044270833333333336 0.10185185185185185
3 0.20572916666666666 0.6162037037037037 0.04375 0.08981481481481482
2 0.4778645833333333 0.5652777777777778 0.0515625 0.09351851851851851
3 0.6497395833333334 0.624537037037037 0.028645833333333332 0.07314814814814814
2 0.42265625 0.5601851851851852 0.04010416666666667 0.07962962962962963
0 0.44244791666666666 0.5861111111111111 0.04010416666666667 0.13148148148148148
0 0.5263020833333333 0.6013888888888889 0.05364583333333333 0.15648148148148147
0 0.1421875 0.6060185185185185 0.051041666666666666 0.21944444444444444
0 0.19635416666666666 0.5745370370370371 0.03125 0.13055555555555556
0 0.64765625 0.5828703703703704 0.0234375 0.10092592592592593
0 0.9416666666666667 0.5805555555555556 0.019791666666666666 0.09444444444444444
0 0.9640625 0.5930555555555556 0.014583333333333334 0.09722222222222222
0 0.20416666666666666 0.587037037037037 0.04583333333333333 0.14444444444444443
0 0.98984375 0.587037037037037 0.018229166666666668 0.08333333333333333
0 0.52265625 0.5824074074074074 0.04635416666666667 0.11666666666666667
0 0.65 0.6157407407407407 0.028125 0.06296296296296296
