2 0.125 0.6314814814814815 0.25 0.24074074074074073
2 0.7986979166666667 0.5805555555555556 0.0765625 0.07222222222222222
3 0.41744791666666664 0.6212962962962963 0.04739583333333333 0.10925925925925926
3 0.51796875 0.6606481481481481 0.07239583333333334 0.15462962962962962
3 0.6203125 0.5902777777777778 0.022916666666666665 0.0712962962962963
2 0.3541666666666667 0.537962962962963 0.0375 0.03518518518518519
3 0.5734375 0.575 0.017708333333333333 0.05925925925925926
2 0.34791666666666665 0.5370370370370371 0.035416666666666666 0.03518518518518519
2 0.31640625 0.5342592592592592 0.0296875 0.02962962962962963
0 0.5203125 0.6032407407407407 0.06666666666666667 0.19722222222222222
0 0.9447916666666667 0.5819444444444445 0.016666666666666666 0.08425925925925926
0 0.41822916666666665 0.5819444444444445 0.046875 0.1361111111111111
0 0.48385416666666664 0.575462962962963 0.026041666666666668 0.11018518518518519
0 0.6200520833333333 0.575 0.0265625 0.0962962962962963
