3 0.5856770833333333 0.7384259259259259 0.05572916666666667 0.15833333333333333
3 0.04791666666666667 0.6791666666666667 0.09583333333333334 0.12129629629629629
3 0.4354166666666667 0.7 0.0625 0.11666666666666667
7 0.24192708333333332 0.6444444444444445 0.20572916666666666 0.20925925925925926
2 0.7859375 0.6546296296296297 0.07604166666666666 0.07407407407407407
2 0.48463541666666665 0.6175925925925926 0.0421875 0.06111111111111111
3 0.3484375 0.6578703703703703 0.03854166666666667 0.09166666666666666
0 0.6455729166666667 0.6449074074074074 0.016145833333333335 0.07685185185185185
0 0.43385416666666665 0.6504629629629629 0.05 0.16018518518518518
0 0.03671875 0.6398148148148148 0.06302083333333333 0.16111111111111112
0 0.58359375 0.6699074074074074 0.0640625 0.175
0 0.051041666666666666 0.6370370370370371 0.03333333333333333 0.1537037037037037
