3 0.09270833333333334 0.7101851851851851 0.15520833333333334 0.2111111111111111
3 0.5354166666666667 0.6361111111111111 0.034375 0.1
3 0.9276041666666667 0.7541666666666667 0.08645833333333333 0.1527777777777778
2 0.03723958333333333 0.6259259259259259 0.07447916666666667 0.20925925925925926
2 0.78671875 0.5990740740740741 0.058854166666666666 0.06666666666666667
7 0.42578125 0.5939814814814814 0.1109375 0.13425925925925927
2 0.7763020833333333 0.5976851851851852 0.07239583333333334 0.06018518518518518
2 0.42604166666666665 0.5921296296296297 0.11145833333333334 0.13055555555555556
0 0.9236979166666667 0.6712962962962963 0.09114583333333333 0.26666666666666666
0 0.09192708333333334 0.6333333333333333 0.0640625 0.24259259259259258
0 0.55859375 0.5875 0.025520833333333333 0.08425925925925926
0 0.8682291666666667 0.5953703703703703 0.017708333333333333 0.06481481481481481
0 0.8278645833333333 0.5912037037037037 0.0140625 0.0712962962962963
0 0.5325520833333334 0.5833333333333334 0.030729166666666665 0.08703703703703704
0 0.5580729166666667 0.5810185185185185 0.0203125 0.07685185185185185
