2 0.20598958333333334 0.6708333333333333 0.4036458333333333 0.32314814814814813
2 0.8005208333333333 0.5736111111111111 0.07916666666666666 0.0712962962962963
2 0.43802083333333336 0.538425925925926 0.03229166666666667 0.05092592592592592
3 0.5072916666666667 0.6013888888888889 0.022916666666666665 0.05648148148148148
2 0.3815104166666667 0.5638888888888889 0.0546875 0.09444444444444444
3 0.6213541666666667 0.6157407407407407 0.036458333333333336 0.09259259259259259
2 0.044270833333333336 0.8402777777777778 0.08854166666666667 0.30648148148148147
2 0.5307291666666667 0.5449074074074074 0.035416666666666666 0.06018518518518518
2 0.48489583333333336 0.5449074074074074 0.0375 0.06944444444444445
3 0.04479166666666667 0.8430555555555556 0.08958333333333333 0.30092592592592593
2 0.528125 0.5541666666666667 0.030208333333333334 0.075
2 0.38203125 0.5449074074074074 0.05260416666666667 0.06018518518518518
0 0.9403645833333333 0.5722222222222222 0.015104166666666667 0.07962962962962963
0 0.6205729166666667 0.5944444444444444 0.03697916666666667 0.09814814814814815
0 0.62890625 0.5953703703703703 0.022395833333333334 0.08148148148148149
