2 0.8002604166666667 0.6240740740740741 0.0765625 0.07222222222222222
3 0.47161458333333334 0.7509259259259259 0.08802083333333334 0.16666666666666666
2 0.403125 0.6134259259259259 0.06770833333333333 0.09166666666666666
2 0.5768229166666666 0.6032407407407407 0.033854166666666664 0.04722222222222222
2 0.4890625 0.6148148148148148 0.06145833333333333 0.09444444444444444
3 0.04192708333333333 0.7462962962962963 0.08385416666666666 0.14814814814814814
3 0.63828125 0.6402777777777777 0.019270833333333334 0.06018518518518518
2 0.47682291666666665 0.6162037037037037 0.08177083333333333 0.09537037037037037
2 0.4947916666666667 0.6199074074074075 0.04375 0.08981481481481482
0 0.46380208333333334 0.6768518518518518 0.06302083333333333 0.2111111111111111
0 0.8572916666666667 0.611574074074074 0.014583333333333334 0.075
0 0.5434895833333333 0.612037037037037 0.0171875 0.06666666666666667
0 0.86171875 0.6143518518518518 0.015104166666666667 0.0787037037037037
0 0.6127604166666667 0.6074074074074074 0.015104166666666667 0.05185185185185185
0 0.6380208333333334 0.6333333333333333 0.01875 0.06851851851851852
