2 0.7953125 0.6472222222222223 0.07604166666666666 0.07407407407407407
2 0.503125 0.6328703703703704 0.04479166666666667 0.0712962962962963
2 0.42916666666666664 0.6314814814814815 0.04479166666666667 0.06851851851851852
3 0.08697916666666666 0.7046296296296296 0.08229166666666667 0.10740740740740741
3 0.20338541666666668 0.6981481481481482 0.0671875 0.10555555555555556
3 0.46822916666666664 0.6773148148148148 0.034375 0.08425925925925926
3 0.634375 0.6888888888888889 0.022916666666666665 0.07592592592592592
2 0.5546875 0.6268518518518519 0.030208333333333334 0.03888888888888889
3 0.5934895833333333 0.6685185185185185 0.019270833333333334 0.05925925925925926
2 0.34348958333333335 0.6203703703703703 0.030729166666666665 0.03333333333333333
0 0.6333333333333333 0.6611111111111111 0.03125 0.12037037037037036
0 0.20989583333333334 0.6611111111111111 0.035416666666666666 0.13703703703703704
0 0.09322916666666667 0.6680555555555555 0.041666666666666664 0.13425925925925927
0 0.8528645833333334 0.6388888888888888 0.018229166666666668 0.07777777777777778
0 0.5932291666666667 0.6587962962962963 0.020833333333333332 0.0712962962962963
0 0.46848958333333335 0.6712962962962963 0.0359375 0.09259259259259259
