2 0.865625 0.5930555555555556 0.075 0.09537037037037037
2 0.29453125 0.6064814814814815 0.21927083333333333 0.22037037037037038
3 0.48463541666666665 0.7347222222222223 0.1234375 0.27314814814814814
3 0.5580729166666667 0.6013888888888889 0.028645833333333332 0.0824074074074074
2 0.6192708333333333 0.5537037037037037 0.03229166666666667 0.046296296296296294
3 0.17291666666666666 0.6143518518518518 0.059375 0.14537037037037037
3 0.5934895833333333 0.5768518518518518 0.0171875 0.06481481481481481
0 0.5057291666666667 0.6425925925925926 0.0875 0.2814814814814815
0 0.18151041666666667 0.5944444444444444 0.043229166666666666 0.15
0 0.44635416666666666 0.5773148148148148 0.03333333333333333 0.10462962962962963
0 0.184375 0.5740740740740741 0.0375 0.11296296296296296
