2 0.08125 0.7134259259259259 0.1625 0.35833333333333334
3 0.5184895833333333 0.7736111111111111 0.10052083333333334 0.21388888888888888
2 0.7822916666666667 0.638425925925926 0.078125 0.0712962962962963
2 0.4161458333333333 0.5939814814814814 0.028125 0.041666666666666664
2 0.4510416666666667 0.6101851851851852 0.04895833333333333 0.09074074074074075
0 0.5203125 0.6939814814814815 0.0625 0.25092592592592594
0 0.5091145833333334 0.6967592592592593 0.08072916666666667 0.2324074074074074
0 0.6705729166666666 0.6351851851851852 0.018229166666666668 0.07222222222222222
0 0.62890625 0.6134259259259259 0.013020833333333334 0.05462962962962963
0 0.671875 0.6430555555555556 0.017708333333333333 0.058333333333333334
0 0.58203125 0.6273148148148148 0.0171875 0.04722222222222222
0 0.8286458333333333 0.6291666666666667 0.01875 0.07314814814814814
