2 0.8013020833333333 0.6129629629629629 0.07760416666666667 0.07407407407407407
2 0.475 0.6060185185185185 0.07604166666666666 0.10833333333333334
3 0.3841145833333333 0.7416666666666667 0.12864583333333332 0.25925925925925924
2 0.578125 0.5925925925925926 0.03229166666666667 0.053703703703703705
3 0.6317708333333333 0.6342592592592593 0.023958333333333335 0.06296296296296296
3 0.6299479166666667 0.6277777777777778 0.030729166666666665 0.07407407407407407
2 0.34869791666666666 0.5745370370370371 0.03697916666666667 0.03981481481481482
0 0.37734375 0.6777777777777778 0.0640625 0.2574074074074074
0 0.8802083333333334 0.6046296296296296 0.0125 0.06666666666666667
0 0.8627604166666667 0.6027777777777777 0.0171875 0.07592592592592592
0 0.8828125 0.6046296296296296 0.0125 0.06666666666666667
