3 0.1375 0.7078703703703704 0.13958333333333334 0.1712962962962963
2 0.5578125 0.5976851851851852 0.06354166666666666 0.09537037037037037
2 0.7861979166666667 0.6069444444444444 0.0765625 0.07314814814814814
3 0.03046875 0.6546296296296297 0.0609375 0.10925925925925926
3 0.62734375 0.6212962962962963 0.021354166666666667 0.05
2 0.30520833333333336 0.5574074074074075 0.028125 0.027777777777777776
3 0.9591145833333333 0.7472222222222222 0.07864583333333333 0.14074074074074075
2 0.5140625 0.5851851851851851 0.027083333333333334 0.03333333333333333
2 0.48385416666666664 0.5736111111111111 0.029166666666666667 0.026851851851851852
0 0.13880208333333333 0.6305555555555555 0.09010416666666667 0.24259259259259258
0 0.95703125 0.6666666666666666 0.07239583333333334 0.24814814814814815
0 0.014322916666666666 0.5986111111111111 0.028645833333333332 0.15462962962962962
0 0.984375 0.6717592592592593 0.030208333333333334 0.2490740740740741
0 0.6888020833333334 0.6060185185185185 0.019270833333333334 0.0712962962962963
0 0.6864583333333333 0.5875 0.020833333333333332 0.06018518518518518
