2 0.8580729166666666 0.5981481481481481 0.08489583333333334 0.11296296296296296
2 0.08619791666666667 0.6282407407407408 0.17239583333333333 0.30648148148148147
3 0.35651041666666666 0.6064814814814815 0.04635416666666667 0.09259259259259259
2 0.42135416666666664 0.5717592592592593 0.07083333333333333 0.09166666666666666
3 0.5674479166666667 0.6907407407407408 0.06822916666666666 0.16296296296296298
2 0.6354166666666666 0.5578703703703703 0.0375 0.05277777777777778
3 0.46380208333333334 0.6314814814814815 0.0515625 0.1111111111111111
3 0.5091145833333334 0.6069444444444444 0.028645833333333332 0.075
0 0.5674479166666667 0.6203703703703703 0.0703125 0.21296296296296297
0 0.4661458333333333 0.586574074074074 0.04895833333333333 0.14537037037037037
0 0.36015625 0.5833333333333334 0.0359375 0.11481481481481481
