2 0.34036458333333336 0.5949074074074074 0.17239583333333333 0.1675925925925926
2 0.22083333333333333 0.5898148148148148 0.16875 0.1537037037037037
2 0.8020833333333334 0.5805555555555556 0.07708333333333334 0.07222222222222222
3 0.49505208333333334 0.6574074074074074 0.06197916666666667 0.12222222222222222
2 0.61328125 0.5712962962962963 0.027604166666666666 0.05555555555555555
2 0.43645833333333334 0.5606481481481481 0.040625 0.06574074074074074
3 0.5927083333333333 0.6018518518518519 0.028125 0.07222222222222222
0 0.49114583333333334 0.6041666666666666 0.059375 0.18611111111111112
0 0.5924479166666666 0.5842592592592593 0.027604166666666666 0.1
0 0.6606770833333333 0.5768518518518518 0.0140625 0.05185185185185185
0 0.4856770833333333 0.5824074074074074 0.0484375 0.13703703703703704
0 0.59140625 0.5726851851851852 0.0234375 0.08981481481481482
0 0.8794270833333333 0.5712962962962963 0.013020833333333334 0.07222222222222222
