2 0.7986979166666667 0.5842592592592593 0.07864583333333333 0.07592592592592592
3 0.55 0.6398148148148148 0.04791666666666667 0.10740740740740741
2 0.43333333333333335 0.5574074074074075 0.04895833333333333 0.07962962962962963
3 0.22213541666666667 0.6476851851851851 0.1046875 0.14722222222222223
3 0.6510416666666666 0.6152777777777778 0.027083333333333334 0.06944444444444445
3 0.46901041666666665 0.6111111111111112 0.0359375 0.07962962962962963
2 0.3182291666666667 0.5388888888888889 0.03125 0.03333333333333333
0 0.4700520833333333 0.5837962962962963 0.0328125 0.12314814814814815
0 0.22005208333333334 0.5925925925925926 0.0453125 0.19444444444444445
0 0.5458333333333333 0.575462962962963 0.036458333333333336 0.09907407407407408
0 0.6502604166666667 0.5842592592592593 0.027604166666666666 0.1
0 0.546875 0.5944444444444444 0.040625 0.13703703703703704
0 0.9880208333333333 0.5902777777777778 0.019791666666666666 0.08796296296296297
0 0.9440104166666666 0.5828703703703704 0.015104166666666667 0.08611111111111111
