2 0.375 0.5949074074074074 0.14791666666666667 0.16018518518518518
2 0.2643229166666667 0.5898148148148148 0.1453125 0.1425925925925926
2 0.8026041666666667 0.5842592592592593 0.078125 0.07222222222222222
3 0.6 0.6013888888888889 0.029166666666666667 0.062037037037037036
3 0.5377604166666666 0.6462962962962963 0.050520833333333334 0.10925925925925926
2 0.4903645833333333 0.5550925925925926 0.049479166666666664 0.05462962962962963
2 0.5 0.5601851851851852 0.029166666666666667 0.03888888888888889
2 0.44973958333333336 0.5638888888888889 0.0328125 0.06111111111111111
3 0.4778645833333333 0.5912037037037037 0.030729166666666665 0.0712962962962963
0 0.53515625 0.6018518518518519 0.0453125 0.15555555555555556
0 0.6546875 0.575 0.017708333333333333 0.05740740740740741
0 0.8731770833333333 0.5773148148148148 0.021354166666666667 0.08981481481481482
0 0.8763020833333334 0.575 0.018229166666666668 0.08333333333333333
0 0.89453125 0.5791666666666667 0.013020833333333334 0.06759259259259259
