2 0.10729166666666666 0.6449074074074074 0.21458333333333332 0.2898148148148148
2 0.81171875 0.6069444444444444 0.0765625 0.07685185185185185
3 0.37838541666666664 0.6291666666666667 0.043229166666666666 0.08981481481481482
2 0.28203125 0.5962962962962963 0.15572916666666667 0.1537037037037037
2 0.44557291666666665 0.5819444444444445 0.03697916666666667 0.05277777777777778
3 0.525 0.6074074074074074 0.025 0.07037037037037037
2 0.4734375 0.5726851851851852 0.027083333333333334 0.041666666666666664
0 0.3809895833333333 0.5907407407407408 0.0359375 0.1259259259259259
0 0.984375 0.6152777777777778 0.014583333333333334 0.0824074074074074
0 0.3770833333333333 0.6037037037037037 0.04375 0.12777777777777777
0 0.9559895833333333 0.6111111111111112 0.016145833333333335 0.08518518518518518
