3 0.15052083333333333 0.8166666666666667 0.3 0.35
2 0.86171875 0.5972222222222222 0.08072916666666667 0.10925925925925926
2 0.44609375 0.5671296296296297 0.0578125 0.0787037037037037
2 0.14921875 0.6060185185185185 0.2984375 0.2601851851851852
3 0.6278645833333333 0.663425925925926 0.049479166666666664 0.12685185185185185
3 0.51484375 0.6148148148148148 0.04010416666666667 0.1
3 0.40260416666666665 0.600925925925926 0.0375 0.08148148148148149
2 0.3546875 0.5361111111111111 0.027083333333333334 0.03333333333333333
2 0.07864583333333333 0.6166666666666667 0.15729166666666666 0.2388888888888889
0 0.18229166666666666 0.7263888888888889 0.13958333333333334 0.5342592592592592
0 0.625 0.6092592592592593 0.053125 0.16296296296296298
0 0.403125 0.5828703703703704 0.03958333333333333 0.11203703703703703
0 0.5950520833333334 0.5708333333333333 0.0234375 0.09351851851851851
0 0.621875 0.5731481481481482 0.04479166666666667 0.08703703703703704
