2 0.4778645833333333 0.6060185185185185 0.14322916666666666 0.1712962962962963
2 0.80078125 0.5745370370370371 0.0796875 0.0712962962962963
2 0.07083333333333333 0.5976851851851852 0.14166666666666666 0.175
2 0.4203125 0.575462962962963 0.06770833333333333 0.10092592592592593
3 0.5684895833333333 0.687962962962963 0.0640625 0.1574074074074074
3 0.20833333333333334 0.6370370370370371 0.09166666666666666 0.13333333333333333
3 0.35104166666666664 0.575462962962963 0.03229166666666667 0.08055555555555556
2 0.32135416666666666 0.5263888888888889 0.035416666666666666 0.03611111111111111
0 0.5653645833333333 0.6018518518518519 0.06614583333333333 0.20925925925925926
0 0.22265625 0.5773148148148148 0.0484375 0.16203703703703703
0 0.19114583333333332 0.6143518518518518 0.04375 0.13055555555555556
0 0.6424479166666667 0.5791666666666667 0.0265625 0.08611111111111111
