3 0.08567708333333333 0.6430555555555556 0.11197916666666667 0.13240740740740742
2 0.8015625 0.5736111111111111 0.07708333333333334 0.0712962962962963
2 0.5877604166666667 0.575462962962963 0.06302083333333333 0.09537037037037037
3 0.19427083333333334 0.6138888888888889 0.07395833333333333 0.10925925925925926
2 0.4921875 0.5564814814814815 0.052083333333333336 0.07592592592592592
3 0.3221354166666667 0.6532407407407408 0.08697916666666666 0.15462962962962962
3 0.33541666666666664 0.6407407407407407 0.1125 0.17777777777777778
3 0.63203125 0.6268518518518519 0.030729166666666665 0.1
3 0.009895833333333333 0.6393518518518518 0.019791666666666666 0.11574074074074074
3 0.690625 0.6 0.025 0.05925925925925926
3 0.45859375 0.5856481481481481 0.0265625 0.075
2 0.41510416666666666 0.5370370370370371 0.025 0.03148148148148148
0 0.08645833333333333 0.5962962962962963 0.058333333333333334 0.17962962962962964
0 0.2015625 0.5722222222222222 0.046875 0.14629629629629629
0 0.6299479166666667 0.6027777777777777 0.0359375 0.14629629629629629
0 0.3302083333333333 0.5995370370370371 0.046875 0.20277777777777778
0 0.6903645833333333 0.5796296296296296 0.0265625 0.08888888888888889
0 0.37161458333333336 0.5740740740740741 0.03802083333333333 0.14629629629629629
0 0.8901041666666667 0.5675925925925925 0.019791666666666666 0.08333333333333333
0 0.32473958333333336 0.5972222222222222 0.0671875 0.20925925925925926
