3 0.3346354166666667 0.8199074074074074 0.1984375 0.3398148148148148
2 0.8630208333333333 0.5935185185185186 0.078125 0.09814814814814815
2 0.19791666666666666 0.6157407407407407 0.27708333333333335 0.2518518518518518
3 0.6533854166666667 0.6467592592592593 0.04635416666666667 0.11574074074074074
2 0.45625 0.5657407407407408 0.051041666666666666 0.07407407407407407
3 0.5361979166666667 0.6125 0.0296875 0.08425925925925926
3 0.42604166666666665 0.600462962962963 0.03229166666666667 0.07314814814814814
2 0.6244791666666667 0.5541666666666667 0.029166666666666667 0.049074074074074076
3 0.036458333333333336 0.6356481481481482 0.07291666666666667 0.1287037037037037
0 0.3614583333333333 0.6773148148148148 0.09791666666666667 0.3861111111111111
0 0.6513020833333333 0.6023148148148149 0.04635416666666667 0.16018518518518518
0 0.42630208333333336 0.5796296296296296 0.03177083333333333 0.10925925925925926
0 0.5950520833333334 0.5773148148148148 0.019270833333333334 0.075
0 0.59609375 0.5680555555555555 0.0234375 0.08981481481481482
