2 0.19609375 0.6180555555555556 0.24010416666666667 0.21388888888888888
3 0.09791666666666667 0.8407407407407408 0.19479166666666667 0.30925925925925923
2 0.8104166666666667 0.6050925925925926 0.078125 0.075
2 0.34375 0.5902777777777778 0.09895833333333333 0.13240740740740742
3 0.42421875 0.6240740740740741 0.034895833333333334 0.08518518518518518
2 0.4471354166666667 0.5763888888888888 0.0296875 0.04722222222222222
2 0.5109375 0.5736111111111111 0.0375 0.05648148148148148
2 0.4734375 0.5689814814814815 0.029166666666666667 0.03981481481481482
7 0.6559895833333333 0.6027777777777777 0.0671875 0.16666666666666666
0 0.0453125 0.7291666666666666 0.090625 0.525
0 0.9565104166666667 0.6097222222222223 0.018229166666666668 0.09166666666666666
0 0.9825520833333333 0.6097222222222223 0.018229166666666668 0.08796296296296297
0 0.42421875 0.5986111111111111 0.0359375 0.12314814814814815
