2 0.8661458333333333 0.5921296296296297 0.07291666666666667 0.09722222222222222
2 0.3184895833333333 0.5990740740740741 0.2171875 0.2037037037037037
3 0.5325520833333334 0.7245370370370371 0.0953125 0.225
2 0.6171875 0.5541666666666667 0.03125 0.04537037037037037
3 0.4583333333333333 0.5875 0.023958333333333335 0.0787037037037037
3 0.22526041666666666 0.6037037037037037 0.0515625 0.1425925925925926
3 0.45625 0.5814814814814815 0.034375 0.09259259259259259
2 0.61015625 0.5527777777777778 0.0453125 0.053703703703703705
0 0.5388020833333333 0.6356481481481482 0.0859375 0.25833333333333336
0 0.2265625 0.5930555555555556 0.04791666666666667 0.1361111111111111
0 0.46015625 0.5773148148148148 0.024479166666666666 0.09907407407407408
