3 0.16614583333333333 0.8342592592592593 0.284375 0.31666666666666665
2 0.35989583333333336 0.587037037037037 0.08333333333333333 0.12962962962962962
2 0.8083333333333333 0.6050925925925926 0.078125 0.075
3 0.04765625 0.6888888888888889 0.0953125 0.1425925925925926
2 0.27421875 0.6092592592592593 0.13489583333333333 0.19444444444444445
2 0.5119791666666667 0.5740740740740741 0.03958333333333333 0.05925925925925926
3 0.43671875 0.6189814814814815 0.03177083333333333 0.08055555555555556
2 0.20494791666666667 0.6046296296296296 0.27447916666666666 0.19444444444444445
2 0.4739583333333333 0.5722222222222222 0.029166666666666667 0.03518518518518519
2 0.4739583333333333 0.5643518518518519 0.03333333333333333 0.049074074074074076
0 0.16640625 0.7263888888888889 0.14739583333333334 0.4787037037037037
0 0.03046875 0.6407407407407407 0.0609375 0.22777777777777777
0 0.98203125 0.6087962962962963 0.0171875 0.08796296296296297
0 0.9557291666666666 0.6074074074074074 0.017708333333333333 0.09074074074074075
0 0.43671875 0.5935185185185186 0.0296875 0.09444444444444444
