3 0.05807291666666667 0.7208333333333333 0.11614583333333334 0.19907407407407407
3 0.9427083333333334 0.7402777777777778 0.11354166666666667 0.18611111111111112
3 0.29661458333333335 0.6194444444444445 0.05677083333333333 0.09814814814814815
2 0.5682291666666667 0.5902777777777778 0.05 0.08055555555555556
3 0.3890625 0.6513888888888889 0.05416666666666667 0.10833333333333334
2 0.79140625 0.6074074074074074 0.0796875 0.07407407407407407
2 0.51640625 0.575 0.0296875 0.044444444444444446
0 0.03619791666666667 0.6398148148148148 0.06822916666666666 0.28888888888888886
0 0.38776041666666666 0.6050925925925926 0.0515625 0.15648148148148147
0 0.9268229166666667 0.663425925925926 0.08489583333333334 0.2490740740740741
0 0.30104166666666665 0.5837962962962963 0.026041666666666668 0.09722222222222222
0 0.9424479166666667 0.6708333333333333 0.09010416666666667 0.2657407407407407
0 0.83046875 0.6041666666666666 0.016145833333333335 0.06388888888888888
0 0.38645833333333335 0.5851851851851851 0.04895833333333333 0.1111111111111111
0 0.67578125 0.5949074074074074 0.018229166666666668 0.06759259259259259
0 0.9598958333333333 0.6703703703703704 0.06770833333333333 0.26296296296296295
