2 0.8013020833333333 0.5939814814814814 0.07760416666666667 0.0712962962962963
3 0.421875 0.6986111111111111 0.090625 0.16574074074074074
3 0.6252604166666667 0.6560185185185186 0.04010416666666667 0.10648148148148148
3 0.3028645833333333 0.6435185185185185 0.07864583333333333 0.11851851851851852
2 0.6526041666666667 0.5916666666666667 0.029166666666666667 0.06666666666666667
0 0.9442708333333333 0.5907407407407408 0.021875 0.09074074074074075
0 0.3067708333333333 0.6018518518518519 0.04375 0.15925925925925927
0 0.4322916666666667 0.6226851851851852 0.05520833333333333 0.2101851851851852
0 0.6200520833333333 0.6087962962962963 0.043229166666666666 0.14722222222222223
0 0.9700520833333334 0.5967592592592592 0.013020833333333334 0.09351851851851851
0 0.9674479166666666 0.5953703703703703 0.013020833333333334 0.09259259259259259
0 0.4192708333333333 0.6222222222222222 0.07708333333333334 0.20925925925925926
0 0.42864583333333334 0.5611111111111111 0.042708333333333334 0.08888888888888889
0 0.4674479166666667 0.5995370370370371 0.0265625 0.10648148148148148
