2 0.7986979166666667 0.5842592592592593 0.07864583333333333 0.07592592592592592
2 0.4361979166666667 0.5541666666666667 0.0453125 0.07685185185185185
3 0.04921875 0.7083333333333334 0.0984375 0.17407407407407408
3 0.571875 0.6282407407407408 0.03854166666666667 0.10092592592592593
3 0.3026041666666667 0.6310185185185185 0.06770833333333333 0.13055555555555556
3 0.5044270833333333 0.6023148148148149 0.034895833333333334 0.08055555555555556
2 0.48125 0.562037037037037 0.046875 0.08333333333333333
3 0.6541666666666667 0.6074074074074074 0.025 0.06296296296296296
2 0.48932291666666666 0.5662037037037037 0.06197916666666667 0.09537037037037037
0 0.02421875 0.6287037037037037 0.0484375 0.2833333333333333
0 0.3059895833333333 0.587037037037037 0.049479166666666664 0.1685185185185185
0 0.5049479166666667 0.5777777777777777 0.03697916666666667 0.11481481481481481
0 0.5692708333333333 0.575 0.034375 0.10185185185185185
0 0.6528645833333333 0.5810185185185185 0.024479166666666666 0.09537037037037037
