3 0.17395833333333333 0.8180555555555555 0.29375 0.3509259259259259
2 0.7822916666666667 0.6486111111111111 0.07708333333333334 0.07314814814814814
2 0.425 0.625 0.07708333333333334 0.11481481481481481
2 0.50625 0.6055555555555555 0.03125 0.02962962962962963
2 0.46927083333333336 0.6212962962962963 0.030208333333333334 0.08148148148148149
2 0.33151041666666664 0.5916666666666667 0.0328125 0.03518518518518519
2 0.5802083333333333 0.6430555555555556 0.025 0.05648148148148148
0 0.20338541666666668 0.7509259259259259 0.09635416666666667 0.48333333333333334
0 0.8299479166666667 0.6398148148148148 0.018229166666666668 0.07777777777777778
0 0.6354166666666666 0.6273148148148148 0.013541666666666667 0.062037037037037036
