3 0.21276041666666667 0.6865740740740741 0.11197916666666667 0.18055555555555555
2 0.5682291666666667 0.5875 0.04895833333333333 0.075
2 0.7895833333333333 0.6078703703703704 0.07604166666666666 0.0712962962962963
7 0.05625 0.6259259259259259 0.1125 0.3
3 0.44244791666666666 0.6361111111111111 0.0390625 0.09444444444444444
3 0.9315104166666667 0.7407407407407407 0.1078125 0.17592592592592593
3 0.371875 0.6162037037037037 0.04583333333333333 0.08055555555555556
3 0.16041666666666668 0.6305555555555555 0.04791666666666667 0.10185185185185185
2 0.33984375 0.5606481481481481 0.030729166666666665 0.032407407407407406
0 0.215625 0.6268518518518519 0.057291666666666664 0.22037037037037038
0 0.44166666666666665 0.5851851851851851 0.036458333333333336 0.09814814814814815
0 0.3690104166666667 0.5847222222222223 0.03697916666666667 0.11944444444444445
0 0.9145833333333333 0.6675925925925926 0.075 0.26296296296296295
0 0.6697916666666667 0.600925925925926 0.015625 0.05925925925925926
0 0.8346354166666666 0.6138888888888889 0.018229166666666668 0.07037037037037037
0 0.6682291666666667 0.5939814814814814 0.016666666666666666 0.06018518518518518
0 0.9494791666666667 0.687037037037037 0.04895833333333333 0.2074074074074074
0 0.16015625 0.6083333333333333 0.04739583333333333 0.14444444444444443
