2 0.25833333333333336 0.6027777777777777 0.21145833333333333 0.1962962962962963
3 0.37942708333333336 0.6782407407407407 0.09947916666666666 0.18425925925925926
2 0.1171875 0.5962962962962963 0.22916666666666666 0.1814814814814815
2 0.6091145833333333 0.5643518518518519 0.044270833333333336 0.06574074074074074
2 0.4947916666666667 0.5541666666666667 0.03229166666666667 0.05277777777777778
2 0.8010416666666667 0.5787037037037037 0.07708333333333334 0.07222222222222222
3 0.5682291666666667 0.6180555555555556 0.040625 0.08425925925925926
0 0.37447916666666664 0.6097222222222223 0.07604166666666666 0.2324074074074074
0 0.5645833333333333 0.5810185185185185 0.03333333333333333 0.1175925925925926
0 0.6682291666666667 0.5745370370370371 0.019791666666666666 0.05648148148148148
0 0.5669270833333333 0.5949074074074074 0.0390625 0.125
0 0.87890625 0.5699074074074074 0.015104166666666667 0.0787037037037037
