2 0.7984375 0.5842592592592593 0.078125 0.07592592592592592
3 0.5768229166666666 0.6231481481481481 0.0359375 0.10185185185185185
3 0.32083333333333336 0.625462962962963 0.06145833333333333 0.11944444444444445
2 0.43671875 0.5546296296296296 0.044270833333333336 0.07592592592592592
3 0.0703125 0.6967592592592593 0.140625 0.19537037037037036
2 0.48489583333333336 0.5611111111111111 0.04791666666666667 0.08518518518518518
3 0.5104166666666666 0.5995370370370371 0.028125 0.075
3 0.65390625 0.6060185185185185 0.0265625 0.062037037037037036
0 0.051041666666666666 0.6231481481481481 0.08333333333333333 0.26666666666666666
0 0.5125 0.5782407407407407 0.030208333333333334 0.10462962962962963
0 0.31927083333333334 0.575462962962963 0.04583333333333333 0.14537037037037037
0 0.65234375 0.5777777777777777 0.025520833333333333 0.0962962962962963
0 0.5763020833333333 0.5791666666666667 0.0359375 0.10462962962962963
0 0.9822916666666667 0.5893518518518519 0.017708333333333333 0.08055555555555556
