2 0.8231770833333333 0.6018518518518519 0.0703125 0.07777777777777778
3 0.5700520833333333 0.6375 0.0390625 0.11018518518518519
7 0.05963541666666667 0.5995370370370371 0.11927083333333334 0.23055555555555557
3 0.39036458333333335 0.6976851851851852 0.2984375 0.475
2 0.5203125 0.5652777777777778 0.041666666666666664 0.06944444444444445
7 0.390625 0.6907407407407408 0.2989583333333333 0.48703703703703705
0 0.5697916666666667 0.5995370370370371 0.040625 0.13425925925925927
0 0.6859375 0.5916666666666667 0.017708333333333333 0.053703703703703705
0 0.5760416666666667 0.5958333333333333 0.028125 0.12129629629629629
0 0.9796875 0.6018518518518519 0.021875 0.1111111111111111
