2 0.18541666666666667 0.6935185185185185 0.35833333333333334 0.30925925925925923
2 0.7817708333333333 0.6273148148148148 0.07708333333333334 0.0712962962962963
3 0.61796875 0.7138888888888889 0.06614583333333333 0.16666666666666666
3 0.027864583333333335 0.8314814814814815 0.05572916666666667 0.31666666666666665
2 0.42291666666666666 0.5847222222222223 0.028125 0.03425925925925926
2 0.396875 0.5819444444444445 0.027083333333333334 0.03425925925925926
2 0.47265625 0.5990740740740741 0.0546875 0.09074074074074075
3 0.6611979166666667 0.6268518518518519 0.018229166666666668 0.05740740740740741
0 0.6153645833333333 0.6504629629629629 0.059895833333333336 0.1935185185185185
0 0.8421875 0.6129629629629629 0.014583333333333334 0.06851851851851852
