2 0.5236979166666667 0.5981481481481481 0.13177083333333334 0.14629629629629629
3 0.10677083333333333 0.8055555555555556 0.21354166666666666 0.37222222222222223
2 0.45026041666666666 0.5666666666666667 0.07552083333333333 0.10185185185185185
2 0.8013020833333333 0.575 0.07864583333333333 0.07222222222222222
3 0.2953125 0.6152777777777778 0.06458333333333334 0.1175925925925926
2 0.11015625 0.575 0.21927083333333333 0.17962962962962964
2 0.16614583333333333 0.587037037037037 0.109375 0.14814814814814814
3 0.37890625 0.5657407407407408 0.027604166666666666 0.07777777777777778
3 0.62421875 0.663425925925926 0.04635416666666667 0.11944444444444445
2 0.4119791666666667 0.5361111111111111 0.020833333333333332 0.02962962962962963
0 0.07395833333333333 0.6944444444444444 0.13854166666666667 0.46296296296296297
0 0.6229166666666667 0.5981481481481481 0.05520833333333333 0.19074074074074074
0 0.30390625 0.5731481481481482 0.04114583333333333 0.1425925925925926
0 0.29713541666666665 0.5777777777777777 0.05572916666666667 0.1537037037037037
