3 0.1203125 0.8393518518518519 0.23958333333333334 0.30833333333333335
2 0.13723958333333333 0.6046296296296296 0.27239583333333334 0.2574074074074074
2 0.86015625 0.5976851851851852 0.0828125 0.10833333333333334
2 0.44244791666666666 0.5680555555555555 0.06302083333333333 0.0787037037037037
3 0.6169270833333333 0.6671296296296296 0.05677083333333333 0.1361111111111111
3 0.39427083333333335 0.5995370370370371 0.03958333333333333 0.08796296296296297
2 0.18723958333333332 0.6097222222222223 0.17239583333333333 0.2490740740740741
3 0.5033854166666667 0.6199074074074075 0.04010416666666667 0.09722222222222222
2 0.3541666666666667 0.5356481481481481 0.027083333333333334 0.032407407407407406
2 0.35 0.5333333333333333 0.034375 0.02962962962962963
3 0.5317708333333333 0.6 0.021875 0.06851851851851852
0 0.08958333333333333 0.7231481481481481 0.178125 0.5351851851851852
0 0.3971354166666667 0.5800925925925926 0.03697916666666667 0.10277777777777777
0 0.615625 0.6134259259259259 0.058333333333333334 0.15833333333333333
0 0.6109375 0.5981481481481481 0.053125 0.13148148148148148
0 0.50078125 0.5916666666666667 0.043229166666666666 0.12037037037037036
0 0.5072916666666667 0.5837962962962963 0.041666666666666664 0.12129629629629629
0 0.54921875 0.5731481481481482 0.018229166666666668 0.06481481481481481
