2 0.7971354166666667 0.6560185185185186 0.0796875 0.07685185185185185
2 0.49947916666666664 0.6449074074074074 0.053125 0.08055555555555556
3 0.40286458333333336 0.7027777777777777 0.050520833333333334 0.1037037037037037
2 0.4270833333333333 0.6444444444444445 0.05 0.07222222222222222
3 0.5713541666666667 0.6856481481481481 0.022916666666666665 0.07314814814814814
2 0.46041666666666664 0.6273148148148148 0.028125 0.049074074074074076
2 0.3450520833333333 0.624537037037037 0.033854166666666664 0.03611111111111111
2 0.46041666666666664 0.6333333333333333 0.026041666666666668 0.037037037037037035
3 0.03958333333333333 0.7305555555555555 0.07916666666666666 0.12962962962962962
3 0.6171875 0.7106481481481481 0.029166666666666667 0.09907407407407408
2 0.3140625 0.6217592592592592 0.030208333333333334 0.032407407407407406
0 0.030729166666666665 0.6810185185185185 0.059375 0.18055555555555555
0 0.6143229166666667 0.6782407407407407 0.0359375 0.1175925925925926
0 0.85546875 0.6481481481481481 0.0171875 0.07592592592592592
0 0.5708333333333333 0.6768518518518518 0.026041666666666668 0.08148148148148149
0 0.86953125 0.6467592592592593 0.013020833333333334 0.06759259259259259
