2 0.11588541666666667 0.6175925925925926 0.23072916666666668 0.19074074074074074
3 0.3078125 0.6675925925925926 0.07708333333333334 0.1425925925925926
2 0.4622395833333333 0.5879629629629629 0.08697916666666666 0.1111111111111111
3 0.9114583333333334 0.7574074074074074 0.071875 0.16296296296296298
3 0.5651041666666666 0.6231481481481481 0.03333333333333333 0.08148148148148149
2 0.7705729166666667 0.6018518518518519 0.0703125 0.06296296296296296
2 0.7479166666666667 0.5967592592592592 0.035416666666666666 0.05648148148148148
2 0.5434895833333333 0.575925925925926 0.0296875 0.053703703703703705
2 0.7822916666666667 0.6018518518518519 0.046875 0.06296296296296296
0 0.92109375 0.6847222222222222 0.09635416666666667 0.2861111111111111
0 0.30703125 0.6180555555555556 0.03697916666666667 0.16944444444444445
0 0.5671875 0.5925925925925926 0.03333333333333333 0.09074074074074075
0 0.8276041666666667 0.5944444444444444 0.017708333333333333 0.06666666666666667
