2 0.7940104166666667 0.6439814814814815 0.0765625 0.06944444444444445
3 0.06640625 0.725462962962963 0.11510416666666666 0.1398148148148148
2 0.428125 0.625462962962963 0.04375 0.06574074074074074
3 0.20885416666666667 0.6805555555555556 0.052083333333333336 0.09259259259259259
3 0.5013020833333334 0.6675925925925926 0.0265625 0.06296296296296296
3 0.2942708333333333 0.6814814814814815 0.04479166666666667 0.08518518518518518
2 0.5572916666666666 0.6180555555555556 0.03229166666666667 0.04722222222222222
2 0.46145833333333336 0.6189814814814815 0.028125 0.03611111111111111
3 0.6049479166666667 0.6504629629629629 0.018229166666666668 0.06388888888888888
3 0.303125 0.6777777777777778 0.028125 0.08333333333333333
0 0.8682291666666667 0.6314814814814815 0.013541666666666667 0.06296296296296296
0 0.20989583333333334 0.6537037037037037 0.0375 0.11851851851851852
0 0.640625 0.6504629629629629 0.026041666666666668 0.10462962962962963
0 0.06953125 0.6736111111111112 0.0484375 0.16018518518518518
0 0.8484375 0.6328703703703704 0.014583333333333334 0.0712962962962963
0 0.29375 0.649074074074074 0.04479166666666667 0.1259259259259259
0 0.6044270833333333 0.649074074074074 0.019270833333333334 0.06481481481481481
