2 0.0859375 0.6152777777777778 0.171875 0.2657407407407407
2 0.6059895833333333 0.5685185185185185 0.05677083333333333 0.08148148148148149
2 0.8018229166666667 0.5745370370370371 0.07760416666666667 0.06944444444444445
3 0.2140625 0.6152777777777778 0.06041666666666667 0.09166666666666666
3 0.40572916666666664 0.6666666666666666 0.0875 0.15
3 0.30078125 0.611574074074074 0.06302083333333333 0.10462962962962963
3 0.6671875 0.5939814814814814 0.022916666666666665 0.075
3 0.6908854166666667 0.5884259259259259 0.0171875 0.04537037037037037
3 0.49921875 0.6083333333333333 0.03802083333333333 0.0962962962962963
0 0.40651041666666665 0.5925925925925926 0.0515625 0.18888888888888888
0 0.20755208333333333 0.5787037037037037 0.0421875 0.13148148148148148
0 0.3109375 0.5805555555555556 0.042708333333333334 0.13148148148148148
0 0.4921875 0.5805555555555556 0.03125 0.11296296296296296
0 0.39921875 0.5810185185185185 0.06614583333333333 0.16944444444444445
0 0.5015625 0.5805555555555556 0.04895833333333333 0.11296296296296296
0 0.8809895833333333 0.5657407407407408 0.0171875 0.07962962962962963
