2 0.30182291666666666 0.5902777777777778 0.1296875 0.13240740740740742
3 0.5684895833333333 0.6398148148148148 0.0421875 0.1
2 0.8015625 0.5879629629629629 0.078125 0.07037037037037037
2 0.4015625 0.5962962962962963 0.12708333333333333 0.1425925925925926
5 0.5385416666666667 0.5370370370370371 0.08020833333333334 0.11666666666666667
3 0.6036458333333333 0.5990740740740741 0.021875 0.05555555555555555
3 0.49713541666666666 0.5944444444444444 0.0234375 0.06481481481481481
0 0.89296875 0.5824074074074074 0.0140625 0.06851851851851852
0 0.5625 0.5921296296296297 0.034375 0.13796296296296295
0 0.4947916666666667 0.5921296296296297 0.025 0.06759259259259259
