3 0.05651041666666667 0.6666666666666666 0.11302083333333333 0.16296296296296298
2 0.8216145833333334 0.6023148148148149 0.0703125 0.0787037037037037
7 0.5234375 0.6481481481481481 0.184375 0.3592592592592593
7 0.10625 0.5912037037037037 0.2125 0.20092592592592592
3 0.42161458333333335 0.6175925925925926 0.034895833333333334 0.11481481481481481
3 0.38255208333333335 0.5972222222222222 0.0234375 0.05740740740740741
3 0.384375 0.5898148148148148 0.030208333333333334 0.07777777777777778
2 0.32864583333333336 0.5509259259259259 0.030208333333333334 0.03518518518518519
2 0.3575520833333333 0.5537037037037037 0.030729166666666665 0.03333333333333333
0 0.6778645833333333 0.5907407407407408 0.016145833333333335 0.053703703703703705
0 0.978125 0.6023148148148149 0.020833333333333332 0.10648148148148148
0 0.9934895833333334 0.6050925925925926 0.011979166666666667 0.08981481481481482
