3 0.14010416666666667 0.8273148148148148 0.28020833333333334 0.3287037037037037
2 0.8614583333333333 0.5962962962962963 0.08125 0.10740740740740741
2 0.4434895833333333 0.5680555555555555 0.058854166666666666 0.07685185185185185
3 0.625 0.662962962962963 0.052083333333333336 0.13148148148148148
2 0.1453125 0.5986111111111111 0.290625 0.25462962962962965
3 0.51171875 0.6134259259259259 0.04010416666666667 0.10462962962962963
3 0.4 0.6 0.036458333333333336 0.08333333333333333
2 0.35442708333333334 0.5361111111111111 0.027604166666666666 0.03333333333333333
3 0.5075520833333333 0.6208333333333333 0.0359375 0.08796296296296297
2 0.3494791666666667 0.5337962962962963 0.036458333333333336 0.030555555555555555
0 0.15104166666666666 0.7236111111111111 0.15833333333333333 0.5342592592592592
0 0.4036458333333333 0.5787037037037037 0.035416666666666666 0.1111111111111111
0 0.61875 0.6087962962962963 0.06145833333333333 0.15833333333333333
0 0.51640625 0.5787037037037037 0.0421875 0.10555555555555556
0 0.5221354166666666 0.5745370370370371 0.034895833333333334 0.10462962962962963
0 0.6197916666666666 0.5745370370370371 0.05520833333333333 0.08981481481481482
0 0.40078125 0.5912037037037037 0.03802083333333333 0.10092592592592593
0 0.5078125 0.5837962962962963 0.035416666666666666 0.10462962962962963
