2 0.31927083333333334 0.6532407407407408 0.265625 0.28425925925925927
2 0.80078125 0.5740740740740741 0.0796875 0.07037037037037037
3 0.13151041666666666 0.8087962962962963 0.2630208333333333 0.3638888888888889
2 0.4375 0.5398148148148149 0.036458333333333336 0.04814814814814815
3 0.628125 0.6092592592592593 0.025 0.08518518518518518
2 0.58984375 0.5569444444444445 0.0203125 0.04722222222222222
0 0.11041666666666666 0.7055555555555556 0.17395833333333333 0.562962962962963
0 0.6239583333333333 0.5958333333333333 0.020833333333333332 0.09907407407407408
0 0.9403645833333333 0.5740740740740741 0.015104166666666667 0.07777777777777778
0 0.6385416666666667 0.5916666666666667 0.014583333333333334 0.08703703703703704
