7 0.34270833333333334 0.6273148148148148 0.14479166666666668 0.1638888888888889
3 0.5252604166666667 0.6694444444444444 0.04114583333333333 0.09259259259259259
3 0.24244791666666668 0.65 0.0484375 0.08148148148148149
3 0.6502604166666667 0.7060185185185185 0.03697916666666667 0.11203703703703703
2 0.47552083333333334 0.6138888888888889 0.03854166666666667 0.05555555555555555
2 0.78125 0.6638888888888889 0.078125 0.07592592592592592
2 0.5598958333333334 0.6208333333333333 0.030208333333333334 0.03611111111111111
0 0.8278645833333333 0.6601851851851852 0.0234375 0.07777777777777778
0 0.6486979166666667 0.6652777777777777 0.0421875 0.13425925925925927
0 0.51484375 0.6162037037037037 0.0171875 0.06574074074074074
0 0.23776041666666667 0.6180555555555556 0.034895833333333334 0.09166666666666666
0 0.24140625 0.6291666666666667 0.0453125 0.11018518518518519
