2 0.4234375 0.6444444444444445 0.053125 0.07592592592592592
3 0.3494791666666667 0.7092592592592593 0.06354166666666666 0.1259259259259259
2 0.7963541666666667 0.6569444444444444 0.07708333333333334 0.075
2 0.49635416666666665 0.6467592592592593 0.05625 0.08425925925925926
3 0.6013020833333333 0.7217592592592592 0.03802083333333333 0.11388888888888889
2 0.4591145833333333 0.6314814814814815 0.0265625 0.044444444444444446
3 0.55546875 0.6944444444444444 0.024479166666666666 0.07592592592592592
0 0.5966145833333333 0.6759259259259259 0.04114583333333333 0.13148148148148148
0 0.859375 0.65 0.015625 0.07407407407407407
0 0.8416666666666667 0.6481481481481481 0.014583333333333334 0.06111111111111111
0 0.8674479166666667 0.649537037037037 0.0140625 0.06759259259259259
0 0.55625 0.6712962962962963 0.029166666666666667 0.1111111111111111
0 0.8708333333333333 0.65 0.0125 0.06851851851851852
