2 0.10807291666666667 0.6199074074074075 0.21614583333333334 0.19537037037037036
2 0.45859375 0.5875 0.0890625 0.11388888888888889
3 0.290625 0.6699074074074074 0.08125 0.14537037037037037
3 0.9119791666666667 0.7569444444444444 0.07083333333333333 0.16018518518518518
3 0.5630208333333333 0.6231481481481481 0.034375 0.08703703703703704
2 0.7481770833333333 0.5967592592592592 0.0359375 0.05648148148148148
2 0.78203125 0.6018518518518519 0.049479166666666664 0.06296296296296296
2 0.32708333333333334 0.562037037037037 0.029166666666666667 0.03518518518518519
2 0.7684895833333333 0.5995370370370371 0.07760416666666667 0.06388888888888888
2 0.35833333333333334 0.562962962962963 0.035416666666666666 0.037037037037037035
2 0.3640625 0.5611111111111111 0.029166666666666667 0.03888888888888889
0 0.9203125 0.6814814814814815 0.09270833333333334 0.2759259259259259
0 0.2859375 0.6175925925925926 0.04791666666666667 0.17592592592592593
0 0.8708333333333333 0.5953703703703703 0.01875 0.06296296296296296
0 0.5596354166666667 0.5805555555555556 0.0234375 0.05740740740740741
0 0.8283854166666667 0.5930555555555556 0.015104166666666667 0.062037037037037036
