2 0.7963541666666667 0.6541666666666667 0.08020833333333334 0.07314814814814814
2 0.49973958333333335 0.6421296296296296 0.05260416666666667 0.08055555555555556
3 0.062239583333333334 0.7282407407407407 0.1046875 0.13425925925925927
3 0.41744791666666664 0.7018518518518518 0.0453125 0.09814814814814815
2 0.42942708333333335 0.6393518518518518 0.04739583333333333 0.0712962962962963
2 0.46171875 0.6263888888888889 0.025520833333333333 0.04537037037037037
3 0.57421875 0.6819444444444445 0.024479166666666666 0.075
3 0.6216145833333333 0.7078703703703704 0.028645833333333332 0.09351851851851851
2 0.34296875 0.624537037037037 0.03177083333333333 0.03425925925925926
3 0.5572916666666666 0.6351851851851852 0.022916666666666665 0.044444444444444446
0 0.06588541666666667 0.675 0.050520833333333334 0.16666666666666666
0 0.61796875 0.6699074074074074 0.0359375 0.12685185185185185
0 0.5744791666666667 0.6708333333333333 0.027083333333333334 0.09166666666666666
0 0.85546875 0.6458333333333334 0.0171875 0.0787037037037037
