2 0.20416666666666666 0.586574074074074 0.184375 0.14722222222222223
2 0.5572916666666666 0.5898148148148148 0.103125 0.1259259259259259
2 0.8015625 0.575925925925926 0.078125 0.07222222222222222
3 0.43802083333333336 0.7055555555555556 0.10208333333333333 0.21851851851851853
3 0.6643229166666667 0.625 0.03697916666666667 0.10925925925925926
3 0.046875 0.6837962962962963 0.09375 0.14351851851851852
2 0.47604166666666664 0.5634259259259259 0.06458333333333334 0.09351851851851851
3 0.3731770833333333 0.600462962962963 0.0453125 0.10462962962962963
2 0.3484375 0.5296296296296297 0.0375 0.040740740740740744
0 0.4393229166666667 0.6263888888888889 0.0703125 0.2675925925925926
0 0.03046875 0.5925925925925926 0.0609375 0.21851851851851853
0 0.6588541666666666 0.5796296296296296 0.030208333333333334 0.10185185185185185
0 0.6578125 0.5680555555555555 0.025 0.08055555555555556
0 0.37526041666666665 0.5884259259259259 0.0484375 0.12685185185185185
