2 0.32317708333333334 0.5953703703703703 0.18177083333333333 0.17592592592592593
2 0.20026041666666666 0.5902777777777778 0.17864583333333334 0.15833333333333333
3 0.4734375 0.663425925925926 0.06875 0.13055555555555556
2 0.8018229166666667 0.5796296296296296 0.0765625 0.07222222222222222
2 0.43072916666666666 0.5638888888888889 0.040625 0.07222222222222222
3 0.5877604166666667 0.6060185185185185 0.0296875 0.0712962962962963
2 0.6106770833333334 0.5648148148148148 0.033854166666666664 0.06296296296296296
2 0.49921875 0.5564814814814815 0.033854166666666664 0.05185185185185185
3 0.6625 0.575925925925926 0.016666666666666666 0.05555555555555555
0 0.4708333333333333 0.6023148148148149 0.06354166666666666 0.18981481481481483
0 0.5869791666666667 0.5833333333333334 0.034375 0.10925925925925926
0 0.6630208333333333 0.5768518518518518 0.015625 0.053703703703703705
0 0.5838541666666667 0.5685185185185185 0.030208333333333334 0.08518518518518518
0 0.8940104166666667 0.575462962962963 0.015104166666666667 0.06388888888888888
0 0.87890625 0.5712962962962963 0.011979166666666667 0.07037037037037037
