2 0.09088541666666666 0.600925925925926 0.18177083333333333 0.18888888888888888
2 0.5020833333333333 0.6023148148148149 0.13854166666666667 0.16203703703703703
2 0.8010416666666667 0.5745370370370371 0.078125 0.0712962962962963
2 0.43671875 0.5708333333333333 0.07447916666666667 0.10092592592592593
3 0.5971354166666667 0.6671296296296296 0.0578125 0.15462962962962962
3 0.25234375 0.625 0.07864583333333333 0.13703703703703704
3 0.36484375 0.5740740740740741 0.0296875 0.07037037037037037
2 0.32005208333333335 0.5268518518518519 0.0328125 0.037037037037037035
0 0.5958333333333333 0.6 0.059375 0.18888888888888888
0 0.2630208333333333 0.5773148148148148 0.04479166666666667 0.16944444444444445
0 0.5927083333333333 0.5907407407407408 0.05520833333333333 0.1388888888888889
0 0.64296875 0.5805555555555556 0.024479166666666666 0.07037037037037037
0 0.3653645833333333 0.5662037037037037 0.0296875 0.0824074074074074
