2 0.7963541666666667 0.6513888888888889 0.075 0.0712962962962963
2 0.5010416666666667 0.6365740740740741 0.051041666666666666 0.07685185185185185
3 0.033854166666666664 0.7106481481481481 0.06770833333333333 0.11203703703703703
3 0.15260416666666668 0.7157407407407408 0.07708333333333334 0.1111111111111111
2 0.42526041666666664 0.6351851851851852 0.0421875 0.06851851851851852
3 0.6309895833333333 0.6972222222222222 0.025520833333333333 0.08518518518518518
2 0.34348958333333335 0.6240740740740741 0.0328125 0.03333333333333333
3 0.45 0.6865740740740741 0.03854166666666667 0.09537037037037037
2 0.5559895833333334 0.6287037037037037 0.0234375 0.03888888888888889
3 0.5875 0.6796296296296296 0.022916666666666665 0.05925925925925926
3 0.6302083333333334 0.6902777777777778 0.03229166666666667 0.08796296296296297
0 0.15859375 0.6662037037037037 0.03802083333333333 0.14166666666666666
0 0.023958333333333335 0.6708333333333333 0.04791666666666667 0.14351851851851852
0 0.628125 0.6648148148148149 0.03229166666666667 0.12222222222222222
0 0.44921875 0.6819444444444445 0.0390625 0.09537037037037037
0 0.8536458333333333 0.6416666666666667 0.017708333333333333 0.08148148148148149
0 0.8802083333333334 0.6402777777777777 0.015625 0.06944444444444445
0 0.4578125 0.6675925925925926 0.03229166666666667 0.1037037037037037
