2 0.48541666666666666 0.6027777777777777 0.140625 0.1685185185185185
2 0.8013020833333333 0.5736111111111111 0.07760416666666667 0.0712962962962963
2 0.07786458333333333 0.5967592592592592 0.15572916666666667 0.18055555555555555
2 0.42630208333333336 0.5722222222222222 0.07135416666666666 0.1037037037037037
3 0.5796875 0.6833333333333333 0.06041666666666667 0.15185185185185185
3 0.35520833333333335 0.575925925925926 0.03125 0.07222222222222222
3 0.22421875 0.6319444444444444 0.0859375 0.13240740740740742
3 0.6434895833333333 0.586574074074074 0.0234375 0.06944444444444445
2 0.32083333333333336 0.5273148148148148 0.03333333333333333 0.03611111111111111
2 0.3268229166666667 0.5300925925925926 0.0234375 0.030555555555555555
3 0.62109375 0.5574074074074075 0.0203125 0.05925925925925926
0 0.5755208333333334 0.6069444444444444 0.06041666666666667 0.21203703703703702
0 0.23776041666666667 0.5796296296296296 0.0453125 0.15555555555555556
0 0.20390625 0.6217592592592592 0.03802083333333333 0.1361111111111111
