2 0.24192708333333332 0.6125 0.27239583333333334 0.23981481481481481
3 0.3984375 0.7731481481481481 0.16041666666666668 0.337037037037037
2 0.8640625 0.5944444444444444 0.07708333333333334 0.09814814814814815
3 0.07604166666666666 0.6412037037037037 0.08958333333333333 0.13425925925925927
2 0.46145833333333336 0.5638888888888889 0.04895833333333333 0.07592592592592592
3 0.6625 0.6421296296296296 0.041666666666666664 0.10833333333333334
3 0.5411458333333333 0.6078703703703704 0.03229166666666667 0.08425925925925926
2 0.62265625 0.5546296296296296 0.034895833333333334 0.046296296296296294
0 0.41953125 0.6736111111111112 0.09010416666666667 0.3712962962962963
0 0.08125 0.6023148148148149 0.06041666666666667 0.1638888888888889
0 0.65625 0.5634259259259259 0.034375 0.06759259259259259
0 0.5416666666666666 0.5898148148148148 0.03229166666666667 0.10925925925925926
0 0.6575520833333334 0.5717592592592593 0.03802083333333333 0.09166666666666666
