2 0.31666666666666665 0.5902777777777778 0.12291666666666666 0.125
3 0.5815104166666667 0.6356481481481482 0.0390625 0.09722222222222222
2 0.8015625 0.5884259259259259 0.07708333333333334 0.0712962962962963
3 0.040364583333333336 0.7435185185185185 0.08072916666666667 0.1962962962962963
2 0.41302083333333334 0.5953703703703703 0.12291666666666666 0.13703703703703704
5 0.53984375 0.5370370370370371 0.08072916666666667 0.11481481481481481
3 0.5033854166666667 0.5953703703703703 0.019270833333333334 0.06111111111111111
0 0.865625 0.5791666666666667 0.016666666666666666 0.07685185185185185
0 0.5765625 0.5810185185185185 0.023958333333333335 0.10277777777777777
0 0.59921875 0.575462962962963 0.0296875 0.08981481481481482
0 0.8921875 0.5814814814814815 0.013541666666666667 0.07222222222222222
0 0.5760416666666667 0.5680555555555555 0.019791666666666666 0.0787037037037037
0 0.59609375 0.5643518518518519 0.021354166666666667 0.07314814814814814
0 0.6072916666666667 0.5824074074074074 0.022916666666666665 0.07407407407407407
