3 0.05625 0.7282407407407407 0.1125 0.15648148148148147
3 0.5255208333333333 0.637962962962963 0.036458333333333336 0.10740740740740741
2 0.7794270833333333 0.600462962962963 0.07760416666666667 0.06574074074074074
3 0.91796875 0.7546296296296297 0.0640625 0.1537037037037037
3 0.9268229166666667 0.7486111111111111 0.0890625 0.1638888888888889
2 0.4015625 0.6013888888888889 0.08958333333333333 0.11944444444444445
2 0.4239583333333333 0.5879629629629629 0.10520833333333333 0.12407407407407407
0 0.9299479166666667 0.6796296296296296 0.09947916666666666 0.2833333333333333
0 0.02890625 0.6444444444444445 0.0578125 0.26666666666666666
0 0.8666666666666667 0.5986111111111111 0.017708333333333333 0.07314814814814814
0 0.55546875 0.5824074074074074 0.0265625 0.08333333333333333
0 0.8276041666666667 0.5944444444444444 0.014583333333333334 0.07037037037037037
0 0.52734375 0.586574074074074 0.033854166666666664 0.07685185185185185
