2 0.8578125 0.5981481481481481 0.08541666666666667 0.11296296296296296
2 0.08072916666666667 0.6291666666666667 0.16145833333333334 0.30648148148148147
3 0.35260416666666666 0.6083333333333333 0.046875 0.09074074074074075
3 0.5609375 0.6898148148148148 0.07291666666666667 0.17777777777777778
2 0.6356770833333333 0.5574074074074075 0.03802083333333333 0.05185185185185185
2 0.41796875 0.5745370370370371 0.0640625 0.08611111111111111
3 0.45859375 0.6337962962962963 0.050520833333333334 0.11018518518518519
3 0.5080729166666667 0.6083333333333333 0.027604166666666666 0.07407407407407407
2 0.43854166666666666 0.5763888888888888 0.10416666666666667 0.08611111111111111
2 0.41119791666666666 0.586574074074074 0.0515625 0.062037037037037036
0 0.55546875 0.6203703703703703 0.0671875 0.21296296296296297
0 0.359375 0.5828703703703704 0.034375 0.11574074074074074
0 0.4627604166666667 0.5851851851851851 0.0546875 0.14074074074074075
0 0.5901041666666667 0.5777777777777777 0.029166666666666667 0.10740740740740741
0 0.46432291666666664 0.5893518518518519 0.03802083333333333 0.14166666666666666
