3 0.06692708333333333 0.6759259259259259 0.13385416666666666 0.18703703703703703
2 0.8005208333333333 0.5875 0.078125 0.07314814814814814
2 0.47161458333333334 0.5717592592592593 0.059895833333333336 0.10092592592592593
3 0.41848958333333336 0.6138888888888889 0.049479166666666664 0.1111111111111111
3 0.1625 0.6166666666666667 0.06041666666666667 0.10555555555555556
3 0.51171875 0.6597222222222222 0.059895833333333336 0.12314814814814815
3 0.6471354166666666 0.6314814814814815 0.027604166666666666 0.07962962962962963
0 0.07838541666666667 0.6111111111111112 0.05364583333333333 0.23333333333333334
0 0.15546875 0.5851851851851851 0.03697916666666667 0.13148148148148148
0 0.4200520833333333 0.5837962962962963 0.0421875 0.13240740740740742
0 0.9419270833333333 0.5833333333333334 0.019270833333333334 0.0962962962962963
0 0.9908854166666666 0.5907407407407408 0.0171875 0.09444444444444444
0 0.9661458333333334 0.5949074074074074 0.016666666666666666 0.09351851851851851
0 0.5109375 0.6050925925925926 0.059375 0.1638888888888889
0 0.6440104166666667 0.5773148148148148 0.024479166666666666 0.08425925925925926
0 0.5203125 0.6064814814814815 0.040625 0.14814814814814814
