2 0.5419270833333333 0.6064814814814815 0.07552083333333333 0.10925925925925926
2 0.7838541666666666 0.6060185185185185 0.075 0.0712962962962963
3 0.6190104166666667 0.6268518518518519 0.0265625 0.07777777777777778
2 0.5033854166666667 0.5814814814814815 0.025520833333333333 0.044444444444444446
2 0.3033854166666667 0.5597222222222222 0.030729166666666665 0.032407407407407406
2 0.4010416666666667 0.5675925925925925 0.03125 0.02962962962962963
2 0.9846354166666667 0.7342592592592593 0.0296875 0.2722222222222222
2 0.5059895833333333 0.5731481481481482 0.0328125 0.05555555555555555
2 0.403125 0.5666666666666667 0.0375 0.03518518518518519
2 0.4739583333333333 0.5722222222222222 0.029166666666666667 0.03333333333333333
0 0.6911458333333333 0.6064814814814815 0.022916666666666665 0.09074074074074075
0 0.984375 0.7333333333333333 0.030208333333333334 0.2759259259259259
