2 0.5919270833333333 0.575 0.0640625 0.09444444444444444
2 0.8018229166666667 0.5736111111111111 0.07760416666666667 0.0712962962962963
3 0.11458333333333333 0.6356481481481482 0.103125 0.13240740740740742
3 0.215625 0.6134259259259259 0.06875 0.10277777777777777
2 0.4947916666666667 0.5560185185185185 0.04791666666666667 0.07314814814814814
2 0.315625 0.5777777777777777 0.06666666666666667 0.10555555555555556
3 0.037760416666666664 0.7458333333333333 0.07552083333333333 0.2638888888888889
3 0.35833333333333334 0.6462962962962963 0.08125 0.14629629629629629
3 0.46458333333333335 0.5833333333333334 0.030208333333333334 0.07777777777777778
3 0.6916666666666667 0.5972222222222222 0.022916666666666665 0.05555555555555555
3 0.35442708333333334 0.6564814814814814 0.06927083333333334 0.12037037037037036
2 0.4153645833333333 0.5370370370370371 0.025520833333333333 0.03148148148148148
0 0.11510416666666666 0.5944444444444444 0.057291666666666664 0.1685185185185185
0 0.6348958333333333 0.5976851851851852 0.03125 0.13796296296296295
0 0.21692708333333333 0.5763888888888888 0.05364583333333333 0.14351851851851852
0 0.36015625 0.5986111111111111 0.04114583333333333 0.18611111111111112
0 0.3875 0.5703703703703704 0.03125 0.15185185185185185
0 0.009635416666666667 0.5986111111111111 0.019270833333333334 0.20833333333333334
0 0.6908854166666667 0.5828703703703704 0.025520833333333333 0.0787037037037037
0 0.88984375 0.5666666666666667 0.019270833333333334 0.08148148148148149
0 0.8864583333333333 0.5689814814814815 0.017708333333333333 0.0787037037037037
