3 0.9296875 0.7425925925925926 0.090625 0.17407407407407408
2 0.7833333333333333 0.6027777777777777 0.07916666666666666 0.06666666666666667
7 0.38671875 0.5953703703703703 0.1359375 0.15
2 0.3859375 0.5953703703703703 0.13541666666666666 0.15
3 0.496875 0.6486111111111111 0.04583333333333333 0.11388888888888889
2 0.315625 0.5555555555555556 0.029166666666666667 0.027777777777777776
3 0.5549479166666667 0.6046296296296296 0.0203125 0.05185185185185185
0 0.9263020833333333 0.6606481481481481 0.08802083333333334 0.25277777777777777
0 0.6328125 0.5796296296296296 0.016666666666666666 0.053703703703703705
0 0.49322916666666666 0.6143518518518518 0.03958333333333333 0.15092592592592594
0 0.8802083333333334 0.5879629629629629 0.014583333333333334 0.07962962962962963
0 0.8643229166666667 0.5976851851851852 0.0171875 0.06574074074074074
0 0.5044270833333333 0.6092592592592593 0.04635416666666667 0.1259259259259259
0 0.8630208333333333 0.6037037037037037 0.020833333333333332 0.07592592592592592
