3 0.13723958333333333 0.8245370370370371 0.24635416666666668 0.325
3 0.30572916666666666 0.6810185185185185 0.09895833333333333 0.18055555555555555
2 0.3736979166666667 0.5893518518518519 0.08489583333333334 0.10092592592592593
2 0.8018229166666667 0.5981481481481481 0.07864583333333333 0.07037037037037037
2 0.4546875 0.5981481481481481 0.09583333333333334 0.12037037037037036
3 0.6205729166666667 0.6282407407407408 0.030729166666666665 0.075
2 0.5809895833333333 0.5768518518518518 0.034895833333333334 0.05555555555555555
3 0.615625 0.6199074074074075 0.03958333333333333 0.08981481481481482
0 0.14375 0.7087962962962963 0.09375 0.3712962962962963
0 0.52421875 0.5907407407407408 0.019270833333333334 0.07407407407407407
0 0.8651041666666667 0.5921296296296297 0.015625 0.0712962962962963
0 0.8822916666666667 0.5912037037037037 0.013541666666666667 0.06388888888888888
0 0.6328125 0.5787037037037037 0.015625 0.044444444444444446
