2 0.053385416666666664 0.6231481481481481 0.10677083333333333 0.2777777777777778
2 0.6041666666666666 0.5689814814814815 0.059375 0.0824074074074074
3 0.171875 0.6152777777777778 0.07083333333333333 0.10648148148148148
3 0.334375 0.6837962962962963 0.11145833333333334 0.18055555555555555
2 0.8020833333333334 0.575462962962963 0.078125 0.0712962962962963
2 0.3875 0.5703703703703704 0.06770833333333333 0.09074074074074075
3 0.26119791666666664 0.6162037037037037 0.059895833333333336 0.11388888888888889
3 0.6630208333333333 0.5986111111111111 0.023958333333333335 0.0824074074074074
2 0.5080729166666667 0.5592592592592592 0.0265625 0.053703703703703705
3 0.46822916666666664 0.6101851851851852 0.065625 0.12037037037037036
3 0.69296875 0.5902777777777778 0.018229166666666668 0.05462962962962963
0 0.3375 0.6032407407407407 0.0625 0.22314814814814815
0 0.48333333333333334 0.575 0.03958333333333333 0.12962962962962962
0 0.17135416666666667 0.5689814814814815 0.035416666666666666 0.1287037037037037
0 0.88125 0.5638888888888889 0.014583333333333334 0.08518518518518518
0 0.2546875 0.5944444444444444 0.04791666666666667 0.12962962962962962
0 0.165625 0.5773148148148148 0.04479166666666667 0.14351851851851852
0 0.6606770833333333 0.5907407407407408 0.0203125 0.07962962962962963
0 0.46875 0.575 0.06041666666666667 0.13333333333333333
