3 0.3809895833333333 0.6143518518518518 0.043229166666666666 0.08055555555555556
3 0.23515625 0.6805555555555556 0.1015625 0.17407407407407408
2 0.5669270833333333 0.5875 0.04739583333333333 0.07314814814814814
2 0.7895833333333333 0.6078703703703704 0.075 0.0712962962962963
7 0.06875 0.6222222222222222 0.1375 0.29444444444444445
3 0.9309895833333334 0.7412037037037037 0.1078125 0.175
3 0.44947916666666665 0.6365740740740741 0.036458333333333336 0.08796296296296297
2 0.5182291666666666 0.5768518518518518 0.03333333333333333 0.037037037037037035
2 0.34375 0.5601851851851852 0.036458333333333336 0.03333333333333333
3 0.17942708333333332 0.6083333333333333 0.050520833333333334 0.14814814814814814
0 0.23255208333333333 0.6171296296296296 0.05572916666666667 0.2064814814814815
0 0.4473958333333333 0.6032407407407407 0.0375 0.13240740740740742
0 0.9268229166666667 0.6712962962962963 0.09739583333333333 0.27037037037037037
0 0.37864583333333335 0.586574074074074 0.0375 0.10462962962962963
0 0.45026041666666666 0.5837962962962963 0.03177083333333333 0.09537037037037037
0 0.6692708333333334 0.6050925925925926 0.014583333333333334 0.049074074074074076
0 0.8356770833333333 0.611574074074074 0.019270833333333334 0.0712962962962963
0 0.6674479166666667 0.5949074074074074 0.0171875 0.06018518518518518
0 0.94609375 0.6888888888888889 0.043229166666666666 0.21481481481481482
0 0.18020833333333333 0.6064814814814815 0.05 0.15
