2 0.8239583333333333 0.600462962962963 0.06979166666666667 0.0787037037037037
7 0.35052083333333334 0.7032407407407407 0.3375 0.5268518518518519
3 0.5622395833333333 0.6439814814814815 0.0359375 0.10462962962962963
7 0.04869791666666667 0.6277777777777778 0.09739583333333333 0.18518518518518517
2 0.5260416666666666 0.5675925925925925 0.0375 0.07222222222222222
2 0.47239583333333335 0.5625 0.03854166666666667 0.05462962962962963
2 0.5174479166666667 0.5703703703703704 0.0515625 0.07777777777777778
3 0.68828125 0.5972222222222222 0.0171875 0.053703703703703705
0 0.5619791666666667 0.5976851851851852 0.03958333333333333 0.1361111111111111
0 0.68828125 0.5949074074074074 0.018229166666666668 0.05277777777777778
