3 0.24088541666666666 0.8319444444444445 0.23802083333333332 0.3194444444444444
3 0.06276041666666667 0.7962962962962963 0.12552083333333333 0.22777777777777777
2 0.790625 0.6439814814814815 0.078125 0.07314814814814814
2 0.42473958333333334 0.6240740740740741 0.0390625 0.05555555555555555
2 0.5541666666666667 0.6185185185185185 0.035416666666666666 0.04259259259259259
2 0.49166666666666664 0.625462962962963 0.041666666666666664 0.06018518518518518
2 0.46067708333333335 0.6180555555555556 0.025520833333333333 0.03611111111111111
3 0.35651041666666666 0.6620370370370371 0.034895833333333334 0.08518518518518518
2 0.30546875 0.6069444444444444 0.03697916666666667 0.03796296296296296
0 0.25625 0.7347222222222223 0.12916666666666668 0.38055555555555554
0 0.030729166666666665 0.674074074074074 0.06145833333333333 0.26481481481481484
0 0.6447916666666667 0.6481481481481481 0.019791666666666666 0.08703703703703704
0 0.8419270833333333 0.6370370370370371 0.0171875 0.06851851851851852
0 0.60859375 0.6430555555555556 0.016145833333333335 0.05092592592592592
0 0.08307291666666666 0.6305555555555555 0.050520833333333334 0.13148148148148148
0 0.030208333333333334 0.6328703703703704 0.06041666666666667 0.175
0 0.1296875 0.5921296296296297 0.028125 0.06018518518518518
