3 0.29244791666666664 0.6370370370370371 0.0640625 0.11296296296296296
2 0.8171875 0.6046296296296296 0.07604166666666666 0.07777777777777778
2 0.19010416666666666 0.5972222222222222 0.18020833333333333 0.17962962962962964
2 0.44635416666666666 0.5796296296296296 0.03854166666666667 0.05555555555555555
3 0.49973958333333335 0.6185185185185185 0.0296875 0.07037037037037037
2 0.5213541666666667 0.5722222222222222 0.036458333333333336 0.05925925925925926
7 0.19114583333333332 0.5976851851851852 0.18125 0.17685185185185184
2 0.3578125 0.5592592592592592 0.03333333333333333 0.03333333333333333
2 0.36380208333333336 0.5597222222222222 0.034895833333333334 0.03425925925925926
2 0.4734375 0.5634259259259259 0.028125 0.049074074074074076
2 0.33046875 0.5574074074074075 0.027604166666666666 0.03148148148148148
7 0.6216145833333333 0.6208333333333333 0.10260416666666666 0.22870370370370371
0 0.9911458333333333 0.6064814814814815 0.016666666666666666 0.1
0 0.0140625 0.6287037037037037 0.028125 0.3055555555555556
0 0.29973958333333334 0.5944444444444444 0.0421875 0.13518518518518519
0 0.9677083333333333 0.612037037037037 0.025 0.10925925925925926
0 0.2942708333333333 0.6083333333333333 0.059375 0.16296296296296298
0 0.9765625 0.6092592592592593 0.017708333333333333 0.1
