2 0.80078125 0.5740740740740741 0.0796875 0.07222222222222222
3 0.2674479166666667 0.8208333333333333 0.22135416666666666 0.3398148148148148
2 0.4 0.6342592592592593 0.16979166666666667 0.2351851851851852
2 0.32838541666666665 0.6347222222222222 0.3140625 0.23981481481481481
3 0.5255208333333333 0.5893518518518519 0.023958333333333335 0.06388888888888888
2 0.4817708333333333 0.5407407407407407 0.03854166666666667 0.06296296296296296
3 0.6328125 0.6064814814814815 0.023958333333333335 0.08518518518518518
0 0.2791666666666667 0.675 0.14166666666666666 0.44814814814814813
0 0.6403645833333333 0.5962962962962963 0.0171875 0.08333333333333333
0 0.62421875 0.575462962962963 0.019270833333333334 0.10462962962962963
