2 0.19322916666666667 0.6814814814814815 0.38645833333333335 0.3388888888888889
2 0.8005208333333333 0.5740740740740741 0.08020833333333334 0.07037037037037037
2 0.43776041666666665 0.5388888888888889 0.03177083333333333 0.05
2 0.36666666666666664 0.5828703703703704 0.06979166666666667 0.13055555555555556
3 0.5033854166666667 0.6027777777777777 0.025520833333333333 0.05925925925925926
3 0.6174479166666667 0.6180555555555556 0.0328125 0.09537037037037037
2 0.48515625 0.5449074074074074 0.0359375 0.06944444444444445
3 0.5036458333333333 0.5958333333333333 0.029166666666666667 0.075
2 0.36770833333333336 0.5439814814814815 0.06458333333333334 0.05277777777777778
2 0.3299479166666667 0.5078703703703704 0.04739583333333333 0.030555555555555555
0 0.6174479166666667 0.5833333333333334 0.03697916666666667 0.1259259259259259
0 0.9411458333333333 0.5717592592592593 0.014583333333333334 0.08055555555555556
0 0.61328125 0.587037037037037 0.028645833333333332 0.10555555555555556
0 0.6239583333333333 0.5777777777777777 0.029166666666666667 0.11666666666666667
0 0.96953125 0.5773148148148148 0.0171875 0.08981481481481482
