2 0.78359375 0.6513888888888889 0.07760416666666667 0.07314814814814814
2 0.4140625 0.625462962962963 0.08125 0.1175925925925926
2 0.5763020833333333 0.6476851851851851 0.0265625 0.058333333333333334
2 0.6046875 0.625 0.021875 0.03148148148148148
2 0.5044270833333333 0.6060185185185185 0.0328125 0.032407407407407406
7 0.4158854166666667 0.625 0.08177083333333333 0.12222222222222222
0 0.05520833333333333 0.7388888888888889 0.11041666666666666 0.4962962962962963
0 0.8307291666666666 0.6449074074074074 0.019791666666666666 0.07314814814814814
0 0.6794270833333333 0.6449074074074074 0.027604166666666666 0.10277777777777777
0 0.6377604166666667 0.6296296296296297 0.0140625 0.05925925925925926
