3 0.07682291666666667 0.7180555555555556 0.1046875 0.14537037037037037
2 0.7940104166666667 0.6439814814814815 0.0765625 0.06944444444444445
3 0.2989583333333333 0.6777777777777778 0.04791666666666667 0.08888888888888889
2 0.4278645833333333 0.625 0.043229166666666666 0.06481481481481481
3 0.503125 0.6652777777777777 0.025 0.06759259259259259
3 0.2140625 0.6796296296296296 0.052083333333333336 0.08888888888888889
2 0.55703125 0.6171296296296296 0.0328125 0.04722222222222222
2 0.46145833333333336 0.6199074074074075 0.027083333333333334 0.03796296296296296
3 0.6057291666666667 0.6518518518518519 0.016666666666666666 0.06111111111111111
0 0.640625 0.649537037037037 0.026041666666666668 0.10462962962962963
0 0.07604166666666666 0.6657407407407407 0.052083333333333336 0.16296296296296298
0 0.86796875 0.6314814814814815 0.013020833333333334 0.06296296296296296
0 0.21848958333333332 0.6546296296296297 0.0359375 0.10925925925925926
0 0.8471354166666667 0.6328703703703704 0.0140625 0.0712962962962963
0 0.29765625 0.6518518518518519 0.0453125 0.12407407407407407
0 0.3033854166666667 0.6481481481481481 0.03177083333333333 0.11851851851851852
0 0.0203125 0.6805555555555556 0.040625 0.16111111111111112
0 0.8505208333333333 0.6324074074074074 0.015625 0.07037037037037037
0 0.60546875 0.6504629629629629 0.0171875 0.062037037037037036
0 0.5013020833333334 0.6574074074074074 0.025520833333333333 0.07407407407407407
