3 0.18958333333333333 0.763425925925926 0.19791666666666666 0.3138888888888889
2 0.8036458333333333 0.5967592592592592 0.07708333333333334 0.06944444444444445
3 0.059895833333333336 0.6851851851851852 0.11979166666666667 0.18333333333333332
3 0.5640625 0.6981481481481482 0.05625 0.1685185185185185
2 0.409375 0.5930555555555556 0.10104166666666667 0.1527777777777778
2 0.5106770833333333 0.5657407407407408 0.033854166666666664 0.05
3 0.35859375 0.638425925925926 0.06510416666666667 0.1175925925925926
0 0.20963541666666666 0.6583333333333333 0.08489583333333334 0.30925925925925923
0 0.5611979166666666 0.6356481481481482 0.0640625 0.20277777777777778
0 0.09661458333333334 0.5976851851851852 0.0359375 0.15833333333333333
0 0.9778645833333334 0.5986111111111111 0.018229166666666668 0.09166666666666666
0 0.06380208333333333 0.6194444444444445 0.0453125 0.1925925925925926
0 0.3625 0.6046296296296296 0.0375 0.15185185185185185
0 0.0546875 0.6314814814814815 0.06458333333333334 0.21666666666666667
0 0.9744791666666667 0.5981481481481481 0.020833333333333332 0.09814814814814815
0 0.06510416666666667 0.5726851851851852 0.03958333333333333 0.09907407407407408
0 0.9510416666666667 0.5935185185185186 0.015625 0.0962962962962963
