2 0.28567708333333336 0.600925925925926 0.1484375 0.1388888888888889
3 0.06692708333333333 0.7194444444444444 0.13385416666666666 0.2537037037037037
3 0.45260416666666664 0.6333333333333333 0.03854166666666667 0.10185185185185185
3 0.91640625 0.7643518518518518 0.0703125 0.16944444444444445
2 0.4984375 0.5810185185185185 0.06041666666666667 0.09166666666666666
2 0.7622395833333333 0.5981481481481481 0.0515625 0.06296296296296296
2 0.5453125 0.5740740740740741 0.030208333333333334 0.040740740740740744
2 0.7505208333333333 0.5962962962962963 0.075 0.06111111111111111
3 0.92265625 0.7379629629629629 0.09010416666666667 0.20925925925925926
2 0.54296875 0.5685185185185185 0.03802083333333333 0.05185185185185185
2 0.7276041666666667 0.5953703703703703 0.03125 0.04814814814814815
3 0.5880208333333333 0.6092592592592593 0.027083333333333334 0.06296296296296296
0 0.9263020833333333 0.6810185185185185 0.1078125 0.2898148148148148
0 0.0453125 0.6560185185185186 0.084375 0.2972222222222222
0 0.8283854166666667 0.5912037037037037 0.015104166666666667 0.06759259259259259
0 0.45286458333333335 0.5898148148148148 0.034895833333333334 0.10740740740740741
0 0.88203125 0.6050925925925926 0.0171875 0.06759259259259259
