2 0.7986979166666667 0.5805555555555556 0.07760416666666667 0.07407407407407407
2 0.08151041666666667 0.6277777777777778 0.16302083333333334 0.24259259259259258
3 0.44869791666666664 0.687962962962963 0.09322916666666667 0.18518518518518517
2 0.5015625 0.5574074074074075 0.05 0.07777777777777778
3 0.3651041666666667 0.6347222222222222 0.058333333333333334 0.125
3 0.6145833333333334 0.5935185185185186 0.029166666666666667 0.08148148148148149
3 0.5638020833333334 0.5805555555555556 0.0234375 0.06481481481481481
0 0.44947916666666665 0.6212962962962963 0.07916666666666666 0.25
0 0.9466145833333334 0.5819444444444445 0.018229166666666668 0.08055555555555556
0 0.36328125 0.6023148148148149 0.05260416666666667 0.16944444444444445
0 0.6140625 0.5842592592592593 0.030208333333333334 0.0962962962962963
0 0.9776041666666667 0.5842592592592593 0.01875 0.08333333333333333
