3 0.09609375 0.725 0.1796875 0.2351851851851852
2 0.33541666666666664 0.5916666666666667 0.11145833333333334 0.12037037037037036
2 0.42916666666666664 0.5962962962962963 0.1125 0.12962962962962962
2 0.8020833333333334 0.5907407407407408 0.078125 0.07222222222222222
3 0.5950520833333334 0.6370370370370371 0.0328125 0.09259259259259259
0 0.10807291666666667 0.6578703703703703 0.06614583333333333 0.2675925925925926
0 0.51953125 0.5875 0.0171875 0.0787037037037037
0 0.8916666666666667 0.5842592592592593 0.015625 0.07222222222222222
0 0.59453125 0.6111111111111112 0.034895833333333334 0.12962962962962962
0 0.61015625 0.575462962962963 0.018229166666666668 0.07314814814814814
0 0.8661458333333333 0.5837962962962963 0.015625 0.06759259259259259
