3 0.06354166666666666 0.6717592592592593 0.12708333333333333 0.20462962962962963
2 0.8013020833333333 0.5875 0.0796875 0.07314814814814814
2 0.46796875 0.5717592592592593 0.0640625 0.10092592592592593
3 0.41171875 0.6171296296296296 0.049479166666666664 0.10833333333333334
3 0.5083333333333333 0.663425925925926 0.06041666666666667 0.125
3 0.153125 0.6101851851851852 0.06458333333333334 0.12407407407407407
3 0.6463541666666667 0.6305555555555555 0.029166666666666667 0.07592592592592592
0 0.06380208333333333 0.6097222222222223 0.0546875 0.23981481481481481
0 0.4140625 0.5847222222222223 0.04375 0.13425925925925927
0 0.64296875 0.5856481481481481 0.0265625 0.09907407407407408
0 0.9424479166666667 0.5837962962962963 0.019270833333333334 0.09351851851851851
0 0.14609375 0.5745370370370371 0.03697916666666667 0.14537037037037037
0 0.5065104166666666 0.6078703703703704 0.059895833333333336 0.16574074074074074
0 0.9671875 0.5944444444444444 0.016666666666666666 0.09259259259259259
0 0.9908854166666666 0.5907407407407408 0.0171875 0.09444444444444444
0 0.6440104166666667 0.5972222222222222 0.030729166666666665 0.12407407407407407
0 0.6421875 0.5768518518518518 0.03333333333333333 0.08703703703703704
