2 0.3606770833333333 0.5893518518518519 0.0984375 0.11203703703703703
3 0.08177083333333333 0.8430555555555556 0.16354166666666667 0.2675925925925926
2 0.8018229166666667 0.5967592592592592 0.07760416666666667 0.06944444444444445
3 0.25703125 0.6944444444444444 0.1171875 0.1925925925925926
2 0.4479166666666667 0.5953703703703703 0.09895833333333333 0.12037037037037036
3 0.6125 0.6324074074074074 0.030208333333333334 0.08518518518518518
2 0.3151041666666667 0.5541666666666667 0.028125 0.026851851851851852
2 0.5828125 0.575 0.03229166666666667 0.053703703703703705
5 0.5372395833333333 0.5398148148148149 0.07864583333333333 0.10740740740740741
0 0.037760416666666664 0.7236111111111111 0.07552083333333333 0.425
0 0.521875 0.5884259259259259 0.017708333333333333 0.07685185185185185
0 0.2578125 0.6583333333333333 0.05625 0.1814814814814815
0 0.86484375 0.5912037037037037 0.015104166666666667 0.075
0 0.6127604166666667 0.5902777777777778 0.0265625 0.10833333333333334
0 0.8817708333333333 0.5902777777777778 0.014583333333333334 0.06388888888888888
0 0.609375 0.5796296296296296 0.028125 0.09444444444444444
0 0.890625 0.5893518518518519 0.0125 0.06759259259259259
