2 0.79609375 0.6550925925925926 0.07864583333333333 0.07314814814814814
2 0.49973958333333335 0.6425925925925926 0.05260416666666667 0.08148148148148149
3 0.4119791666666667 0.7018518518518518 0.04791666666666667 0.1037037037037037
3 0.05364583333333333 0.7134259259259259 0.10729166666666666 0.16944444444444445
2 0.4309895833333333 0.6425925925925926 0.0421875 0.06666666666666667
3 0.5731770833333333 0.6824074074074075 0.0234375 0.07407407407407407
3 0.6200520833333333 0.7074074074074074 0.028645833333333332 0.0962962962962963
2 0.46041666666666664 0.6277777777777778 0.026041666666666668 0.04259259259259259
2 0.34270833333333334 0.625462962962963 0.03229166666666667 0.03425925925925926
3 0.6197916666666666 0.6949074074074074 0.034375 0.11203703703703703
0 0.61796875 0.6708333333333333 0.0359375 0.1287037037037037
0 0.04895833333333333 0.6763888888888889 0.06458333333333334 0.1712962962962963
0 0.0578125 0.6722222222222223 0.04375 0.16296296296296298
0 0.8546875 0.6467592592592593 0.016666666666666666 0.07314814814814814
0 0.41015625 0.687962962962963 0.044270833333333336 0.09444444444444444
0 0.5734375 0.6726851851851852 0.026041666666666668 0.08611111111111111
