3 0.190625 0.6856481481481481 0.11875 0.19722222222222222
3 0.3609375 0.6157407407407407 0.046875 0.08333333333333333
3 0.4354166666666667 0.6393518518518518 0.040625 0.09537037037037037
2 0.56796875 0.587037037037037 0.0484375 0.07407407407407407
2 0.7895833333333333 0.6078703703703704 0.07604166666666666 0.0712962962962963
3 0.9330729166666667 0.7421296296296296 0.10677083333333333 0.17314814814814813
3 0.14010416666666667 0.625 0.05416666666666667 0.11666666666666667
2 0.04296875 0.6574074074074074 0.0859375 0.25
2 0.04296875 0.6069444444444444 0.0859375 0.14537037037037037
7 0.043229166666666666 0.6587962962962963 0.08645833333333333 0.25833333333333336
0 0.1953125 0.6259259259259259 0.05416666666666667 0.21851851851851853
0 0.9291666666666667 0.6722222222222223 0.10104166666666667 0.2740740740740741
0 0.36223958333333334 0.5847222222222223 0.0296875 0.10833333333333334
0 0.43385416666666665 0.587037037037037 0.03854166666666667 0.09259259259259259
0 0.6705729166666666 0.6023148148148149 0.015104166666666667 0.05648148148148148
0 0.8341145833333333 0.6111111111111112 0.018229166666666668 0.07222222222222222
0 0.6690104166666667 0.5921296296296297 0.015104166666666667 0.05277777777777778
0 0.95078125 0.6773148148148148 0.0703125 0.27685185185185185
0 0.9536458333333333 0.6958333333333333 0.052083333333333336 0.22870370370370371
