3 0.3072916666666667 0.774074074074074 0.16145833333333334 0.26481481481481484
2 0.8010416666666667 0.6069444444444444 0.07708333333333334 0.0712962962962963
2 0.46796875 0.6023148148148149 0.08697916666666666 0.11018518518518519
2 0.5799479166666667 0.5893518518518519 0.033854166666666664 0.05092592592592592
2 0.38645833333333335 0.5879629629629629 0.08020833333333334 0.0962962962962963
2 0.3984375 0.587037037037037 0.06041666666666667 0.09074074074074075
0 0.3078125 0.6837962962962963 0.065625 0.2916666666666667
0 0.865625 0.6013888888888889 0.016666666666666666 0.07314814814814814
0 0.88125 0.5990740740740741 0.013541666666666667 0.06666666666666667
0 0.37864583333333335 0.6527777777777778 0.071875 0.1685185185185185
