2 0.7989583333333333 0.5810185185185185 0.07916666666666666 0.07685185185185185
3 0.36796875 0.7101851851851851 0.1265625 0.23703703703703705
2 0.03828125 0.6439814814814815 0.0765625 0.24351851851851852
2 0.496875 0.5578703703703703 0.05 0.0787037037037037
3 0.6098958333333333 0.6055555555555555 0.030208333333333334 0.07407407407407407
3 0.5567708333333333 0.5888888888888889 0.021875 0.05740740740740741
3 0.3033854166666667 0.6560185185185186 0.04635416666666667 0.125
3 0.6484375 0.5884259259259259 0.017708333333333333 0.05648148148148148
0 0.37109375 0.6291666666666667 0.09947916666666666 0.2824074074074074
0 0.30911458333333336 0.6032407407407407 0.05260416666666667 0.19166666666666668
0 0.9466145833333334 0.5814814814814815 0.019270833333333334 0.08148148148148149
0 0.9786458333333333 0.586574074074074 0.016666666666666666 0.0824074074074074
0 0.30885416666666665 0.5675925925925925 0.051041666666666666 0.11851851851851852
0 0.95 0.5898148148148148 0.020833333333333332 0.09814814814814815
0 0.4375 0.5791666666666667 0.03125 0.11944444444444445
