2 0.7825520833333334 0.6166666666666667 0.08072916666666667 0.07222222222222222
3 0.6783854166666666 0.6657407407407407 0.034895833333333334 0.1037037037037037
2 0.39427083333333335 0.638425925925926 0.140625 0.18611111111111112
3 0.45598958333333334 0.6958333333333333 0.08489583333333334 0.19907407407407407
2 0.3033854166666667 0.5606481481481481 0.0296875 0.03425925925925926
3 0.4583333333333333 0.7217592592592592 0.078125 0.14351851851851852
2 0.33229166666666665 0.5634259259259259 0.03125 0.03425925925925926
0 0.6752604166666667 0.6166666666666667 0.03802083333333333 0.12962962962962962
0 0.4552083333333333 0.6319444444444444 0.07916666666666666 0.1824074074074074
0 0.8533854166666667 0.600462962962963 0.018229166666666668 0.06944444444444445
