2 0.78671875 0.6023148148148149 0.0765625 0.06944444444444445
3 0.9270833333333334 0.7398148148148148 0.09166666666666666 0.17777777777777778
2 0.30364583333333334 0.6023148148148149 0.18229166666666666 0.18425925925925926
2 0.5627604166666667 0.5768518518518518 0.034895833333333334 0.05925925925925926
3 0.47317708333333336 0.6319444444444444 0.0359375 0.08425925925925926
3 0.4044270833333333 0.674537037037037 0.06510416666666667 0.14537037037037037
3 0.509375 0.5944444444444444 0.019791666666666666 0.06481481481481481
0 0.9239583333333333 0.6638888888888889 0.096875 0.26296296296296295
0 0.403125 0.6166666666666667 0.059375 0.17962962962962964
0 0.8565104166666667 0.5972222222222222 0.018229166666666668 0.06666666666666667
0 0.5104166666666666 0.5861111111111111 0.021875 0.07777777777777778
0 0.5364583333333334 0.5912037037037037 0.028125 0.09537037037037037
