2 0.7830729166666667 0.6101851851851852 0.07864583333333333 0.07407407407407407
2 0.4544270833333333 0.6300925925925925 0.13072916666666667 0.1712962962962963
3 0.53046875 0.6824074074074075 0.06302083333333333 0.12777777777777777
3 0.6880208333333333 0.6583333333333333 0.028125 0.07777777777777778
2 0.30390625 0.5587962962962963 0.028645833333333332 0.032407407407407406
2 0.39947916666666666 0.5680555555555555 0.030208333333333334 0.030555555555555555
0 0.6854166666666667 0.6180555555555556 0.03229166666666667 0.14351851851851852
0 0.528125 0.6263888888888889 0.051041666666666666 0.175
0 0.6322916666666667 0.5912037037037037 0.017708333333333333 0.06018518518518518
0 0.6169270833333333 0.587037037037037 0.0109375 0.05
0 0.8208333333333333 0.5986111111111111 0.016666666666666666 0.06759259259259259
0 0.8580729166666666 0.5981481481481481 0.016145833333333335 0.06481481481481481
0 0.6190104166666667 0.5898148148148148 0.013020833333333334 0.05
