2 0.2421875 0.5893518518518519 0.1625 0.14907407407407408
2 0.8015625 0.5814814814814815 0.078125 0.07222222222222222
2 0.35494791666666664 0.5949074074074074 0.15989583333333332 0.1638888888888889
3 0.5143229166666666 0.6486111111111111 0.0546875 0.1287037037037037
3 0.5942708333333333 0.6032407407407407 0.025 0.06574074074074074
2 0.44166666666666665 0.5606481481481481 0.0375 0.06018518518518518
2 0.47604166666666664 0.5763888888888888 0.046875 0.10092592592592593
0 0.51171875 0.5953703703703703 0.05677083333333333 0.17777777777777778
0 0.59296875 0.5773148148148148 0.0265625 0.11018518518518519
0 0.5921875 0.5527777777777778 0.022916666666666665 0.06851851851851852
