2 0.8013020833333333 0.5745370370370371 0.0796875 0.0712962962962963
2 0.47239583333333335 0.6074074074074074 0.14583333333333334 0.17222222222222222
2 0.06692708333333333 0.5967592592592592 0.13385416666666666 0.175
3 0.5627604166666667 0.6875 0.06927083333333334 0.16944444444444445
2 0.41822916666666665 0.575 0.06875 0.10185185185185185
3 0.20078125 0.6393518518518518 0.0921875 0.13240740740740742
1 0.34869791666666666 0.5787037037037037 0.03177083333333333 0.07407407407407407
3 0.3484375 0.5763888888888888 0.034375 0.0787037037037037
0 0.56015625 0.6087962962962963 0.0640625 0.23055555555555557
0 0.22291666666666668 0.5708333333333333 0.034375 0.15092592592592594
0 0.17942708333333332 0.6180555555555556 0.04114583333333333 0.13240740740740742
0 0.21536458333333333 0.5763888888888888 0.0453125 0.16574074074074074
0 0.34739583333333335 0.5546296296296296 0.03333333333333333 0.09444444444444444
0 0.6427083333333333 0.5805555555555556 0.027083333333333334 0.08333333333333333
0 0.20859375 0.587037037037037 0.03697916666666667 0.17037037037037037
0 0.19322916666666667 0.6240740740740741 0.06979166666666667 0.14814814814814814
