2 0.8296875 0.5995370370370371 0.06979166666666667 0.08055555555555556
2 0.4244791666666667 0.5796296296296296 0.06458333333333334 0.07962962962962963
2 0.14583333333333334 0.7921296296296296 0.2916666666666667 0.4083333333333333
3 0.5127604166666667 0.6555555555555556 0.058854166666666666 0.1388888888888889
2 0.4708333333333333 0.5671296296296297 0.03125 0.03796296296296296
3 0.3106770833333333 0.6027777777777777 0.03697916666666667 0.07962962962962963
7 0.14479166666666668 0.7925925925925926 0.28958333333333336 0.40370370370370373
2 0.36354166666666665 0.5513888888888889 0.028125 0.032407407407407406
3 0.69765625 0.5981481481481481 0.019270833333333334 0.05740740740740741
2 0.33229166666666665 0.5476851851851852 0.0375 0.03796296296296296
0 0.16692708333333334 0.5587962962962963 0.0484375 0.08611111111111111
0 0.5151041666666667 0.6078703703703704 0.058333333333333334 0.16203703703703703
0 0.6979166666666666 0.5967592592592592 0.019791666666666666 0.05648148148148148
