2 0.20729166666666668 0.6013888888888889 0.196875 0.14722222222222223
2 0.8588541666666667 0.586574074074074 0.071875 0.08796296296296297
2 0.46979166666666666 0.5814814814814815 0.10625 0.1388888888888889
2 0.34348958333333335 0.5342592592592592 0.03697916666666667 0.02962962962962963
3 0.69609375 0.6416666666666667 0.0390625 0.10555555555555556
2 0.3828125 0.5416666666666666 0.03229166666666667 0.037037037037037035
2 0.6044270833333333 0.5523148148148148 0.021354166666666667 0.04351851851851852
2 0.38125 0.5439814814814815 0.026041666666666668 0.030555555555555555
2 0.3497395833333333 0.5365740740740741 0.0296875 0.03425925925925926
3 0.590625 0.5847222222222223 0.020833333333333332 0.041666666666666664
0 0.69453125 0.6060185185185185 0.04114583333333333 0.12129629629629629
0 0.7002604166666667 0.5907407407407408 0.030729166666666665 0.08703703703703704
