3 0.55546875 0.6361111111111111 0.04635416666666667 0.10740740740740741
2 0.79921875 0.5847222222222223 0.0796875 0.075
2 0.43307291666666664 0.5560185185185185 0.04635416666666667 0.08055555555555556
3 0.24557291666666667 0.6388888888888888 0.08802083333333334 0.1425925925925926
3 0.47578125 0.6087962962962963 0.0359375 0.0824074074074074
3 0.6520833333333333 0.6152777777777778 0.025 0.06759259259259259
2 0.3182291666666667 0.5365740740740741 0.030208333333333334 0.030555555555555555
2 0.3541666666666667 0.5430555555555555 0.027083333333333334 0.030555555555555555
0 0.47760416666666666 0.5810185185185185 0.035416666666666666 0.1175925925925926
0 0.24270833333333333 0.5962962962962963 0.05625 0.19074074074074074
0 0.5518229166666667 0.5768518518518518 0.04010416666666667 0.1
0 0.5528645833333333 0.5958333333333333 0.0421875 0.13796296296296295
0 0.65078125 0.5814814814814815 0.025520833333333333 0.09814814814814815
0 0.47630208333333335 0.5981481481481481 0.03802083333333333 0.09814814814814815
0 0.64921875 0.5712962962962963 0.022395833333333334 0.07777777777777778
0 0.9606770833333333 0.5953703703703703 0.0171875 0.0962962962962963
