2 0.7848958333333333 0.6064814814814815 0.07708333333333334 0.07222222222222222
2 0.5466145833333333 0.6037037037037037 0.0734375 0.1037037037037037
2 0.5057291666666667 0.5805555555555556 0.027083333333333334 0.05
2 0.30416666666666664 0.5574074074074075 0.028125 0.03333333333333333
2 0.5075520833333333 0.5736111111111111 0.03177083333333333 0.058333333333333334
3 0.9783854166666667 0.7444444444444445 0.04114583333333333 0.13518518518518519
3 0.6223958333333334 0.6305555555555555 0.023958333333333335 0.05925925925925926
2 0.40078125 0.5675925925925925 0.0296875 0.02962962962962963
2 0.4765625 0.5708333333333333 0.027083333333333334 0.03425925925925926
2 0.403125 0.5671296296296297 0.036458333333333336 0.03425925925925926
0 0.9794270833333333 0.6726851851851852 0.04010416666666667 0.27685185185185185
0 0.68984375 0.6041666666666666 0.022395833333333334 0.08796296296296297
