2 0.1390625 0.6143518518518518 0.23229166666666667 0.18611111111111112
2 0.46848958333333335 0.5875 0.08489583333333334 0.11018518518518519
3 0.33697916666666666 0.6597222222222222 0.071875 0.13796296296296295
3 0.9127604166666666 0.7587962962962963 0.0671875 0.1638888888888889
3 0.5697916666666667 0.6222222222222222 0.03125 0.07777777777777778
2 0.5447916666666667 0.575462962962963 0.030208333333333334 0.05092592592592592
2 0.7674479166666667 0.600925925925926 0.07447916666666667 0.06481481481481481
2 0.421875 0.5648148148148148 0.029166666666666667 0.03518518518518519
2 0.7471354166666667 0.5958333333333333 0.0359375 0.058333333333333334
0 0.9208333333333333 0.6856481481481481 0.09791666666666667 0.287962962962963
0 0.3338541666666667 0.6143518518518518 0.03958333333333333 0.16574074074074074
0 0.8768229166666667 0.6018518518518519 0.022395833333333334 0.06481481481481481
