2 0.7997395833333333 0.6282407407407408 0.07552083333333333 0.07314814814814814
2 0.4080729166666667 0.6189814814814815 0.06822916666666666 0.08981481481481482
3 0.07057291666666667 0.736574074074074 0.14114583333333333 0.2064814814814815
3 0.49661458333333336 0.7388888888888889 0.07760416666666667 0.17037037037037037
2 0.5765625 0.6111111111111112 0.040625 0.05
3 0.6395833333333333 0.6421296296296296 0.019791666666666666 0.058333333333333334
2 0.3515625 0.5962962962962963 0.03229166666666667 0.03518518518518519
2 0.31744791666666666 0.5879629629629629 0.027604166666666666 0.027777777777777776
2 0.34609375 0.5958333333333333 0.027604166666666666 0.03425925925925926
0 0.49244791666666665 0.6768518518518518 0.06302083333333333 0.20185185185185187
0 0.8606770833333334 0.6189814814814815 0.018229166666666668 0.075
0 0.8640625 0.6199074074074075 0.019791666666666666 0.07685185185185185
0 0.8578125 0.6171296296296296 0.015625 0.0787037037037037
0 0.8838541666666667 0.6194444444444445 0.013541666666666667 0.06851851851851852
