3 0.34739583333333335 0.6523148148148148 0.06666666666666667 0.14351851851851852
3 0.054947916666666666 0.7356481481481482 0.10989583333333333 0.2916666666666667
2 0.7890625 0.6055555555555555 0.075 0.07222222222222222
2 0.14166666666666666 0.6074074074074074 0.2375 0.2388888888888889
2 0.5651041666666666 0.5837962962962963 0.04375 0.06944444444444445
3 0.48723958333333334 0.6203703703703703 0.0296875 0.08888888888888889
3 0.9221354166666667 0.7430555555555556 0.09635416666666667 0.16944444444444445
3 0.28151041666666665 0.6194444444444445 0.044270833333333336 0.08333333333333333
3 0.43671875 0.6097222222222223 0.0328125 0.06759259259259259
3 0.28125 0.6 0.04479166666666667 0.12037037037037036
2 0.3067708333333333 0.5597222222222222 0.040625 0.03796296296296296
0 0.028385416666666666 0.6481481481481481 0.05677083333333333 0.32592592592592595
0 0.48671875 0.5893518518518519 0.0296875 0.09907407407407408
0 0.9190104166666667 0.6675925925925926 0.09010416666666667 0.25925925925925924
0 0.3494791666666667 0.6097222222222223 0.04895833333333333 0.1675925925925926
0 0.28151041666666665 0.5944444444444444 0.04010416666666667 0.12037037037037036
0 0.8440104166666667 0.6078703703703704 0.0171875 0.058333333333333334
0 0.4361979166666667 0.5916666666666667 0.033854166666666664 0.09074074074074075
0 0.48723958333333334 0.6064814814814815 0.030729166666666665 0.09814814814814815
0 0.6611979166666667 0.6018518518518519 0.0140625 0.04259259259259259
