3 0.17578125 0.6467592592592593 0.0953125 0.13425925925925927
2 0.8205729166666667 0.6023148148148149 0.07239583333333334 0.0787037037037037
7 0.13125 0.5981481481481481 0.2625 0.2037037037037037
3 0.46432291666666664 0.6231481481481481 0.033854166666666664 0.08333333333333333
2 0.13203125 0.5981481481481481 0.2640625 0.2037037037037037
2 0.4421875 0.575925925925926 0.036458333333333336 0.05740740740740741
2 0.5096354166666667 0.5740740740740741 0.0265625 0.06296296296296296
2 0.3575520833333333 0.5550925925925926 0.0328125 0.03796296296296296
7 0.5796875 0.6319444444444444 0.140625 0.2916666666666667
2 0.4515625 0.575 0.05625 0.06111111111111111
2 0.3653645833333333 0.5550925925925926 0.034895833333333334 0.03611111111111111
0 0.9916666666666667 0.6050925925925926 0.015625 0.09537037037037037
0 0.67109375 0.5884259259259259 0.0140625 0.049074074074074076
0 0.9692708333333333 0.6074074074074074 0.022916666666666665 0.11296296296296296
0 0.4661458333333333 0.5907407407407408 0.036458333333333336 0.1
