2 0.7841145833333333 0.6671296296296296 0.0765625 0.07685185185185185
3 0.15677083333333333 0.6569444444444444 0.06770833333333333 0.09351851851851851
3 0.6252604166666667 0.7222222222222222 0.0421875 0.13148148148148148
7 0.30052083333333335 0.6314814814814815 0.18333333333333332 0.1814814814814815
3 0.4875 0.6814814814814815 0.04791666666666667 0.09814814814814815
0 0.15208333333333332 0.6231481481481481 0.046875 0.13518518518518519
0 0.6182291666666667 0.6675925925925926 0.06145833333333333 0.15
0 0.4278645833333333 0.6375 0.0203125 0.062037037037037036
0 0.8276041666666667 0.663425925925926 0.017708333333333333 0.06759259259259259
0 0.5380208333333333 0.6370370370370371 0.017708333333333333 0.05555555555555555
