3 0.18671875 0.7296296296296296 0.15572916666666667 0.22777777777777777
2 0.78828125 0.6027777777777777 0.07552083333333333 0.07407407407407407
3 0.3997395833333333 0.6458333333333334 0.05364583333333333 0.11944444444444445
2 0.5645833333333333 0.5824074074074074 0.04479166666666667 0.06851851851851852
3 0.92109375 0.7407407407407407 0.09114583333333333 0.17592592592592593
7 0.17239583333333333 0.6097222222222223 0.30416666666666664 0.2324074074074074
2 0.17161458333333332 0.6092592592592593 0.3015625 0.2388888888888889
3 0.5075520833333333 0.6180555555555556 0.024479166666666666 0.07314814814814814
3 0.46484375 0.6083333333333333 0.0296875 0.06111111111111111
0 0.19791666666666666 0.6523148148148148 0.06145833333333333 0.275
0 0.9169270833333333 0.6671296296296296 0.09322916666666667 0.262037037037037
0 0.5059895833333333 0.5925925925925926 0.025520833333333333 0.11296296296296296
0 0.46458333333333335 0.586574074074074 0.029166666666666667 0.09166666666666666
0 0.40182291666666664 0.6037037037037037 0.0453125 0.15185185185185185
0 0.8479166666666667 0.6013888888888889 0.01875 0.05277777777777778
0 0.6067708333333334 0.5884259259259259 0.016666666666666666 0.04722222222222222
