3 0.27317708333333335 0.7060185185185185 0.1390625 0.2175925925925926
2 0.8018229166666667 0.5768518518518518 0.0765625 0.07222222222222222
2 0.08229166666666667 0.6032407407407407 0.16458333333333333 0.20277777777777778
2 0.6083333333333333 0.5648148148148148 0.04791666666666667 0.06851851851851852
3 0.5458333333333333 0.6171296296296296 0.04895833333333333 0.11574074074074074
2 0.16614583333333333 0.6083333333333333 0.18854166666666666 0.21666666666666667
2 0.20572916666666666 0.6101851851851852 0.26666666666666666 0.22037037037037038
2 0.4903645833333333 0.5560185185185185 0.024479166666666666 0.05092592592592592
3 0.39557291666666666 0.6023148148148149 0.0359375 0.08055555555555556
3 0.6731770833333334 0.5837962962962963 0.0234375 0.06574074074074074
2 0.35572916666666665 0.5402777777777777 0.034375 0.03796296296296296
0 0.2682291666666667 0.6236111111111111 0.09270833333333334 0.27314814814814814
0 0.6716145833333333 0.5782407407407407 0.0234375 0.0712962962962963
0 0.5322916666666667 0.562037037037037 0.030208333333333334 0.09259259259259259
0 0.5424479166666667 0.5722222222222222 0.0484375 0.11296296296296296
0 0.8776041666666666 0.5671296296296297 0.016666666666666666 0.0824074074074074
0 0.55859375 0.5731481481481482 0.027604166666666666 0.10555555555555556
