2 0.8002604166666667 0.575 0.07864583333333333 0.07037037037037037
3 0.40286458333333336 0.7476851851851852 0.14427083333333332 0.2916666666666667
3 0.6380208333333334 0.5995370370370371 0.029166666666666667 0.075
2 0.4783854166666667 0.6125 0.07760416666666667 0.17314814814814813
2 0.39869791666666665 0.6259259259259259 0.2328125 0.18703703703703703
3 0.5328125 0.5888888888888889 0.020833333333333332 0.05740740740740741
3 0.04010416666666667 0.6699074074074074 0.08020833333333334 0.14351851851851852
0 0.40390625 0.6425925925925926 0.1046875 0.35
0 0.02578125 0.5953703703703703 0.0515625 0.24074074074074073
0 0.04791666666666667 0.5912037037037037 0.042708333333333334 0.1824074074074074
0 0.04114583333333333 0.5884259259259259 0.059375 0.20462962962962963
0 0.63828125 0.5949074074074074 0.0296875 0.07685185185185185
