2 0.090625 0.6310185185185185 0.18125 0.26944444444444443
2 0.8130208333333333 0.6074074074074074 0.075 0.07592592592592592
2 0.2596354166666667 0.5967592592592592 0.1703125 0.15833333333333333
3 0.35833333333333334 0.6287037037037037 0.05416666666666667 0.09814814814814815
2 0.44609375 0.5814814814814815 0.03697916666666667 0.05185185185185185
3 0.52109375 0.6064814814814815 0.027604166666666666 0.07407407407407407
2 0.4734375 0.5736111111111111 0.026041666666666668 0.03796296296296296
0 0.9565104166666667 0.6101851851851852 0.018229166666666668 0.09074074074074075
0 0.36302083333333335 0.5944444444444444 0.03229166666666667 0.10925925925925926
0 0.9841145833333333 0.6157407407407407 0.0140625 0.08888888888888889
