2 0.4153645833333333 0.5787037037037037 0.0640625 0.07962962962962963
2 0.8333333333333334 0.5976851851851852 0.06979166666666667 0.08055555555555556
3 0.4869791666666667 0.6666666666666666 0.06041666666666667 0.15
3 0.29140625 0.6087962962962963 0.0421875 0.0824074074074074
2 0.52421875 0.5731481481481482 0.0484375 0.09259259259259259
3 0.06822916666666666 0.6837962962962963 0.13333333333333333 0.1675925925925926
3 0.7010416666666667 0.600925925925926 0.020833333333333332 0.05555555555555555
2 0.5765625 0.5662037037037037 0.034375 0.049074074074074076
3 0.11354166666666667 0.6925925925925925 0.04583333333333333 0.14074074074074075
2 0.3651041666666667 0.549537037037037 0.03125 0.03425925925925926
2 0.6216145833333333 0.5648148148148148 0.0234375 0.037037037037037035
0 0.49322916666666666 0.6152777777777778 0.053125 0.175
0 0.06197916666666667 0.6069444444444444 0.07708333333333334 0.20277777777777778
0 0.7005208333333334 0.5986111111111111 0.020833333333333332 0.05648148148148148
