2 0.8 0.6305555555555555 0.07708333333333334 0.07407407407407407
2 0.40911458333333334 0.6194444444444445 0.0671875 0.08888888888888889
3 0.09427083333333333 0.7162037037037037 0.14791666666666667 0.22870370370370371
2 0.5778645833333333 0.6129629629629629 0.0390625 0.05
3 0.5059895833333333 0.7425925925925926 0.0796875 0.15555555555555556
2 0.35078125 0.5981481481481481 0.0296875 0.03518518518518519
3 0.63984375 0.6435185185185185 0.0203125 0.05740740740740741
2 0.4661458333333333 0.6296296296296297 0.0375 0.08333333333333333
2 0.36484375 0.5953703703703703 0.019270833333333334 0.03333333333333333
2 0.4596354166666667 0.6199074074074075 0.03177083333333333 0.0787037037037037
0 0.4986979166666667 0.6754629629629629 0.059895833333333336 0.19907407407407407
0 0.08880208333333334 0.6685185185185185 0.05260416666666667 0.21851851851851853
0 0.8828125 0.6236111111111111 0.013541666666666667 0.06759259259259259
