2 0.7966145833333333 0.6564814814814814 0.07760416666666667 0.07592592592592592
3 0.3541666666666667 0.7101851851851851 0.06354166666666666 0.12222222222222222
2 0.42291666666666666 0.6439814814814815 0.05416666666666667 0.075
2 0.49713541666666666 0.6462962962962963 0.05572916666666667 0.08333333333333333
3 0.6033854166666667 0.7175925925925926 0.03802083333333333 0.11666666666666667
2 0.459375 0.6305555555555555 0.026041666666666668 0.046296296296296294
3 0.55703125 0.6902777777777778 0.024479166666666666 0.0787037037037037
0 0.59921875 0.6736111111111112 0.03802083333333333 0.13240740740740742
0 0.85859375 0.65 0.016145833333333335 0.07407407407407407
0 0.8408854166666667 0.6481481481481481 0.015104166666666667 0.06296296296296296
0 0.5583333333333333 0.6726851851851852 0.027083333333333334 0.10648148148148148
0 0.86796875 0.649537037037037 0.0140625 0.06759259259259259
