2 0.7997395833333333 0.6337962962962963 0.0765625 0.075
2 0.4088541666666667 0.6217592592592592 0.06145833333333333 0.08981481481481482
3 0.1328125 0.7189814814814814 0.13333333333333333 0.20277777777777778
2 0.57578125 0.6152777777777778 0.03697916666666667 0.049074074074074076
3 0.5236979166666667 0.7412037037037037 0.06822916666666666 0.14722222222222223
2 0.35494791666666664 0.6027777777777777 0.034895833333333334 0.03333333333333333
2 0.47369791666666666 0.6296296296296297 0.0453125 0.08888888888888889
2 0.36380208333333336 0.6013888888888889 0.022395833333333334 0.032407407407407406
0 0.5145833333333333 0.6787037037037037 0.0625 0.18703703703703703
0 0.88046875 0.6282407407407408 0.013020833333333334 0.06574074074074074
0 0.6401041666666667 0.6375 0.019791666666666666 0.07685185185185185
