3 0.4127604166666667 0.6398148148148148 0.049479166666666664 0.11666666666666667
3 0.23411458333333332 0.7189814814814814 0.13072916666666667 0.20462962962962963
2 0.7888020833333333 0.6027777777777777 0.07552083333333333 0.07407407407407407
2 0.19661458333333334 0.6092592592592593 0.28072916666666664 0.23148148148148148
3 0.9213541666666667 0.7375 0.090625 0.1824074074074074
2 0.5638020833333334 0.5819444444444445 0.043229166666666666 0.06574074074074074
3 0.5130208333333334 0.6148148148148148 0.026041666666666668 0.07777777777777778
3 0.47265625 0.6055555555555555 0.028645833333333332 0.06111111111111111
7 0.19765625 0.6106481481481482 0.2796875 0.22870370370370371
0 0.9171875 0.6657407407407407 0.09479166666666666 0.25925925925925924
0 0.23697916666666666 0.6402777777777777 0.071875 0.2601851851851852
0 0.5114583333333333 0.5953703703703703 0.027083333333333334 0.10740740740740741
0 0.4088541666666667 0.600462962962963 0.042708333333333334 0.14907407407407408
0 0.9354166666666667 0.6666666666666666 0.05625 0.27037037037037037
0 0.8489583333333334 0.6046296296296296 0.020833333333333332 0.05925925925925926
0 0.65390625 0.5972222222222222 0.013020833333333334 0.044444444444444446
