2 0.07395833333333333 0.6162037037037037 0.14791666666666667 0.20092592592592592
3 0.20416666666666666 0.6902777777777778 0.11041666666666666 0.1712962962962963
2 0.44166666666666665 0.5912037037037037 0.09791666666666667 0.12129629629629629
3 0.9151041666666667 0.7555555555555555 0.06875 0.15185185185185185
3 0.55078125 0.6268518518518519 0.03177083333333333 0.09444444444444444
2 0.7518229166666667 0.5953703703703703 0.0359375 0.05740740740740741
2 0.7893229166666667 0.5972222222222222 0.0484375 0.06666666666666667
2 0.3190104166666667 0.5564814814814815 0.033854166666666664 0.025925925925925925
2 0.3651041666666667 0.5611111111111111 0.028125 0.03518518518518519
2 0.35703125 0.5615740740740741 0.03697916666666667 0.03611111111111111
0 0.9216145833333333 0.6800925925925926 0.0921875 0.2824074074074074
0 0.196875 0.6231481481481481 0.058333333333333334 0.20925925925925926
0 0.5455729166666666 0.586574074074074 0.027604166666666666 0.09537037037037037
0 0.82734375 0.586574074074074 0.015104166666666667 0.06944444444444445
0 0.8690104166666667 0.5967592592592592 0.0203125 0.06944444444444445
0 0.5638020833333334 0.5921296296296297 0.018229166666666668 0.0824074074074074
0 0.55703125 0.5916666666666667 0.028645833333333332 0.09814814814814815
