3 0.9286458333333333 0.7439814814814815 0.090625 0.16944444444444445
2 0.7854166666666667 0.6023148148148149 0.075 0.06759259259259259
2 0.3489583333333333 0.5976851851851852 0.16145833333333334 0.16574074074074074
3 0.45807291666666666 0.6606481481481481 0.04635416666666667 0.12685185185185185
3 0.49505208333333334 0.6194444444444445 0.033854166666666664 0.09074074074074075
2 0.5635416666666667 0.5796296296296296 0.030208333333333334 0.05185185185185185
0 0.9260416666666667 0.6583333333333333 0.090625 0.25555555555555554
0 0.45416666666666666 0.6064814814814815 0.053125 0.15
0 0.5260416666666666 0.5847222222222223 0.017708333333333333 0.0712962962962963
0 0.86015625 0.6018518518518519 0.021354166666666667 0.06851851851851852
0 0.5447916666666667 0.5902777777777778 0.025 0.08611111111111111
0 0.9408854166666667 0.6583333333333333 0.06197916666666667 0.2537037037037037
0 0.59296875 0.5893518518518519 0.015104166666666667 0.04722222222222222
