2 0.21666666666666667 0.6675925925925926 0.3958333333333333 0.3111111111111111
2 0.8005208333333333 0.5736111111111111 0.07916666666666666 0.0712962962962963
2 0.43802083333333336 0.538425925925926 0.03229166666666667 0.05092592592592592
3 0.6229166666666667 0.6157407407407407 0.034375 0.09259259259259259
3 0.5083333333333333 0.600925925925926 0.022916666666666665 0.05740740740740741
2 0.38385416666666666 0.5578703703703703 0.052083333333333336 0.07685185185185185
2 0.53125 0.5449074074074074 0.03333333333333333 0.062037037037037036
2 0.06041666666666667 0.7819444444444444 0.12083333333333333 0.42685185185185187
2 0.48385416666666664 0.5439814814814815 0.03854166666666667 0.06944444444444445
3 0.6291666666666667 0.6078703703703704 0.025 0.08611111111111111
2 0.26276041666666666 0.5060185185185185 0.04635416666666667 0.025
2 0.38307291666666665 0.5393518518518519 0.0484375 0.04351851851851852
0 0.63046875 0.5949074074074074 0.021354166666666667 0.0787037037037037
0 0.621875 0.5939814814814814 0.036458333333333336 0.08981481481481482
0 0.9401041666666666 0.5722222222222222 0.014583333333333334 0.07777777777777778
