2 0.42682291666666666 0.5796296296296296 0.06302083333333333 0.07962962962962963
2 0.82890625 0.5995370370370371 0.0703125 0.08055555555555556
3 0.5252604166666667 0.6550925925925926 0.0515625 0.13055555555555556
2 0.47161458333333334 0.5648148148148148 0.0328125 0.04259259259259259
7 0.17682291666666666 0.787962962962963 0.3536458333333333 0.4148148148148148
2 0.17734375 0.787962962962963 0.3546875 0.4148148148148148
2 0.36614583333333334 0.5504629629629629 0.030208333333333334 0.03611111111111111
3 0.31953125 0.5930555555555556 0.03697916666666667 0.08611111111111111
0 0.0296875 0.6972222222222222 0.059375 0.4537037037037037
0 0.52578125 0.6046296296296296 0.05260416666666667 0.1537037037037037
0 0.20651041666666667 0.5546296296296296 0.043229166666666666 0.07407407407407407
0 0.6958333333333333 0.5962962962962963 0.017708333333333333 0.05555555555555555
0 0.9875 0.6 0.022916666666666665 0.10925925925925926
