2 0.22109375 0.600925925925926 0.19114583333333332 0.14629629629629629
2 0.8580729166666666 0.586574074074074 0.07239583333333334 0.08796296296296297
2 0.47369791666666666 0.5796296296296296 0.1046875 0.13333333333333333
2 0.34375 0.5337962962962963 0.0375 0.030555555555555555
3 0.6966145833333334 0.6365740740740741 0.0390625 0.10462962962962963
2 0.38177083333333334 0.5416666666666666 0.034375 0.037037037037037035
2 0.37942708333333336 0.5444444444444444 0.025520833333333333 0.02962962962962963
2 0.6046875 0.5527777777777778 0.019791666666666666 0.046296296296296294
0 0.6955729166666667 0.6097222222222223 0.0390625 0.125
0 0.6934895833333333 0.5958333333333333 0.034895833333333334 0.10462962962962963
