3 0.47213541666666664 0.7824074074074074 0.11927083333333334 0.26481481481481484
2 0.03697916666666667 0.7388888888888889 0.07395833333333333 0.37962962962962965
2 0.7825520833333334 0.6402777777777777 0.07760416666666667 0.06944444444444445
2 0.41380208333333335 0.5898148148148148 0.027604166666666666 0.05185185185185185
3 0.6744791666666666 0.6476851851851851 0.019791666666666666 0.05277777777777778
2 0.44036458333333334 0.6166666666666667 0.050520833333333334 0.07777777777777778
3 0.5817708333333333 0.6282407407407408 0.019791666666666666 0.05092592592592592
2 0.5190104166666667 0.6013888888888889 0.0265625 0.028703703703703703
2 0.30442708333333335 0.5814814814814815 0.0265625 0.03333333333333333
0 0.47291666666666665 0.6842592592592592 0.06875 0.2722222222222222
0 0.46145833333333336 0.6587962962962963 0.09166666666666666 0.2361111111111111
0 0.6713541666666667 0.6333333333333333 0.019791666666666666 0.07407407407407407
0 0.83125 0.6296296296296297 0.016666666666666666 0.06666666666666667
0 0.6315104166666666 0.6175925925925926 0.011979166666666667 0.05185185185185185
0 0.6734375 0.6398148148148148 0.019791666666666666 0.06296296296296296
