2 0.8622395833333333 0.5944444444444444 0.07864583333333333 0.1
3 0.2565104166666667 0.8240740740740741 0.2484375 0.34629629629629627
3 0.64375 0.6527777777777778 0.04791666666666667 0.12222222222222222
2 0.4515625 0.5652777777777778 0.052083333333333336 0.075
3 0.5278645833333333 0.6134259259259259 0.04010416666666667 0.09351851851851851
2 0.171875 0.6194444444444445 0.325 0.26666666666666666
3 0.4158854166666667 0.6 0.0328125 0.07592592592592592
2 0.3885416666666667 0.5388888888888889 0.026041666666666668 0.03888888888888889
2 0.35260416666666666 0.538425925925926 0.027083333333333334 0.032407407407407406
0 0.29348958333333336 0.6805555555555556 0.1109375 0.40925925925925927
0 0.6403645833333333 0.6023148148148149 0.04739583333333333 0.14722222222222223
0 0.5255208333333333 0.5796296296296296 0.040625 0.11481481481481481
0 0.63828125 0.5768518518518518 0.043229166666666666 0.09259259259259259
0 0.6359375 0.5680555555555555 0.0375 0.07314814814814814
