2 0.49114583333333334 0.6236111111111111 0.11875 0.15092592592592594
2 0.7846354166666667 0.6078703703703704 0.07864583333333333 0.07314814814814814
3 0.5716145833333334 0.6587962962962963 0.04635416666666667 0.11574074074074074
3 0.5716145833333334 0.675 0.044270833333333336 0.08518518518518518
2 0.39947916666666666 0.5675925925925925 0.029166666666666667 0.02962962962962963
2 0.30416666666666664 0.5587962962962963 0.028125 0.032407407407407406
2 0.4453125 0.5703703703703704 0.021875 0.037037037037037035
3 0.6921875 0.6481481481481481 0.025 0.06481481481481481
2 0.40234375 0.5671296296296297 0.03802083333333333 0.03425925925925926
0 0.6908854166666667 0.6194444444444445 0.028645833333333332 0.11296296296296296
0 0.6901041666666666 0.5953703703703703 0.027083333333333334 0.08148148148148149
0 0.82109375 0.5944444444444444 0.0171875 0.06481481481481481
