2 0.7997395833333333 0.6300925925925925 0.07552083333333333 0.07314814814814814
2 0.4075520833333333 0.6194444444444445 0.06614583333333333 0.08888888888888889
3 0.07786458333333333 0.7462962962962963 0.15260416666666668 0.17962962962962964
3 0.50078125 0.7435185185185185 0.07760416666666667 0.15925925925925927
2 0.5765625 0.6106481481481482 0.036458333333333336 0.04722222222222222
3 0.6395833333333333 0.6425925925925926 0.019791666666666666 0.05740740740740741
2 0.3536458333333333 0.5981481481481481 0.03125 0.03518518518518519
0 0.4934895833333333 0.6787037037037037 0.0609375 0.19814814814814816
0 0.8591145833333333 0.6199074074074075 0.018229166666666668 0.075
0 0.04869791666666667 0.7041666666666667 0.0640625 0.1398148148148148
