2 0.82109375 0.6023148148148149 0.07135416666666666 0.0787037037037037
7 0.121875 0.5949074074074074 0.24375 0.20092592592592592
3 0.11901041666666666 0.6550925925925926 0.11822916666666666 0.14537037037037037
3 0.44609375 0.6189814814814815 0.0390625 0.09907407407407408
7 0.5611979166666666 0.6370370370370371 0.16302083333333334 0.32407407407407407
2 0.12213541666666666 0.5944444444444444 0.24427083333333333 0.2074074074074074
2 0.35833333333333334 0.5546296296296296 0.03125 0.03333333333333333
3 0.3921875 0.5972222222222222 0.021875 0.053703703703703705
2 0.36692708333333335 0.5564814814814815 0.024479166666666666 0.02962962962962963
0 0.9919270833333333 0.6041666666666666 0.015104166666666667 0.09537037037037037
0 0.6744791666666666 0.5884259259259259 0.015625 0.05092592592592592
0 0.97109375 0.6069444444444444 0.022395833333333334 0.11018518518518519
