2 0.10078125 0.6222222222222222 0.2015625 0.20185185185185187
3 0.27421875 0.6754629629629629 0.08489583333333334 0.1527777777777778
2 0.45546875 0.5898148148148148 0.0921875 0.11481481481481481
3 0.9119791666666667 0.7560185185185185 0.071875 0.16018518518518518
3 0.5598958333333334 0.625 0.029166666666666667 0.08518518518518518
2 0.7697916666666667 0.5986111111111111 0.07708333333333334 0.06388888888888888
2 0.7833333333333333 0.600462962962963 0.04895833333333333 0.06388888888888888
2 0.7502604166666667 0.5972222222222222 0.03697916666666667 0.05740740740740741
0 0.9208333333333333 0.6805555555555556 0.09375 0.2759259259259259
0 0.275 0.6175925925925926 0.03958333333333333 0.18333333333333332
0 0.5596354166666667 0.5800925925925926 0.022395833333333334 0.06018518518518518
0 0.87109375 0.5958333333333333 0.019270833333333334 0.06388888888888888
