3 0.36640625 0.6138888888888889 0.04635416666666667 0.08518518518518518
3 0.20260416666666667 0.6916666666666667 0.11458333333333333 0.17962962962962964
2 0.5682291666666667 0.5879629629629629 0.04895833333333333 0.07592592592592592
3 0.4395833333333333 0.637962962962963 0.040625 0.09444444444444444
2 0.78984375 0.6078703703703704 0.07552083333333333 0.0712962962962963
7 0.05 0.6347222222222222 0.1 0.2916666666666667
3 0.9330729166666667 0.7430555555555556 0.1078125 0.1712962962962963
3 0.15052083333333333 0.611574074074074 0.052083333333333336 0.1361111111111111
3 0.14895833333333333 0.6319444444444444 0.04895833333333333 0.09722222222222222
2 0.05 0.6356481481481482 0.1 0.2861111111111111
0 0.20338541666666668 0.625 0.0578125 0.21851851851851853
0 0.9302083333333333 0.6694444444444444 0.10416666666666667 0.2722222222222222
0 0.3653645833333333 0.5828703703703704 0.0390625 0.1175925925925926
0 0.4375 0.5805555555555556 0.035416666666666666 0.09444444444444444
0 0.6705729166666666 0.6027777777777777 0.015104166666666667 0.053703703703703705
0 0.834375 0.611574074074074 0.017708333333333333 0.07314814814814814
0 0.15052083333333333 0.6087962962962963 0.053125 0.14722222222222223
0 0.9471354166666667 0.6763888888888889 0.07760416666666667 0.27870370370370373
0 0.6684895833333333 0.5925925925925926 0.016145833333333335 0.05185185185185185
0 0.43723958333333335 0.5967592592592592 0.03802083333333333 0.11944444444444445
0 0.95234375 0.6949074074074074 0.05260416666666667 0.22870370370370371
