3 0.08671875 0.737037037037037 0.1734375 0.32407407407407407
2 0.7885416666666667 0.6050925925925926 0.075 0.0712962962962963
3 0.36770833333333336 0.6555555555555556 0.06145833333333333 0.12407407407407407
2 0.56484375 0.5833333333333334 0.044270833333333336 0.06851851851851852
3 0.92109375 0.7449074074074075 0.0921875 0.16574074074074074
2 0.14296875 0.6074074074074074 0.2859375 0.23148148148148148
3 0.4940104166666667 0.6199074074074075 0.0296875 0.08425925925925926
3 0.446875 0.6092592592592593 0.03333333333333333 0.06481481481481481
7 0.1421875 0.6055555555555555 0.284375 0.23333333333333334
2 0.5247395833333334 0.5745370370370371 0.028645833333333332 0.03981481481481482
3 0.29973958333333334 0.6152777777777778 0.0390625 0.08055555555555556
0 0.08541666666666667 0.6550925925925926 0.078125 0.30833333333333335
0 0.3625 0.6092592592592593 0.051041666666666666 0.17407407407407408
0 0.9197916666666667 0.6662037037037037 0.09270833333333334 0.25833333333333336
0 0.49296875 0.600925925925926 0.0296875 0.1037037037037037
0 0.8453125 0.6092592592592593 0.017708333333333333 0.06111111111111111
0 0.2989583333333333 0.5967592592592592 0.03854166666666667 0.11944444444444445
0 0.44583333333333336 0.5912037037037037 0.034375 0.09537037037037037
0 0.4947916666666667 0.6129629629629629 0.034375 0.09444444444444444
0 0.6572916666666667 0.5907407407407408 0.015625 0.05740740740740741
