2 0.7989583333333333 0.5842592592592593 0.07708333333333334 0.07407407407407407
3 0.3450520833333333 0.6185185185185185 0.06197916666666667 0.12037037037037036
3 0.5848958333333333 0.6208333333333333 0.034375 0.09722222222222222
2 0.43776041666666665 0.5532407407407407 0.044270833333333336 0.07314814814814814
3 0.06927083333333334 0.7819444444444444 0.13854166666666667 0.33425925925925926
2 0.49166666666666664 0.562037037037037 0.06145833333333333 0.08888888888888889
3 0.14947916666666666 0.6888888888888889 0.08645833333333333 0.1648148148148148
3 0.65390625 0.6023148148148149 0.0234375 0.05648148148148148
2 0.315625 0.5319444444444444 0.028125 0.026851851851851852
0 0.0359375 0.6759259259259259 0.071875 0.46111111111111114
0 0.34817708333333336 0.5731481481481482 0.049479166666666664 0.13703703703703704
0 0.08333333333333333 0.6527777777777778 0.08541666666666667 0.40185185185185185
0 0.65234375 0.5763888888888888 0.0265625 0.09722222222222222
0 0.13307291666666668 0.5930555555555556 0.0453125 0.19907407407407407
0 0.5833333333333334 0.5777777777777777 0.03854166666666667 0.10185185185185185
0 0.9815104166666667 0.5851851851851851 0.0171875 0.08148148148148149
