2 0.553125 0.6018518518518519 0.06770833333333333 0.10185185185185185
2 0.7854166666666667 0.6064814814814815 0.07604166666666666 0.07222222222222222
3 0.04895833333333333 0.7157407407407408 0.09791666666666667 0.17592592592592593
2 0.5119791666666667 0.575 0.03125 0.040740740740740744
3 0.9658854166666667 0.7486111111111111 0.06510416666666667 0.13240740740740742
2 0.5098958333333333 0.5699074074074074 0.035416666666666666 0.05092592592592592
2 0.48046875 0.5708333333333333 0.0296875 0.032407407407407406
3 0.6255208333333333 0.6208333333333333 0.022916666666666665 0.06388888888888888
2 0.40338541666666666 0.5657407407407408 0.03802083333333333 0.03518518518518519
0 0.032552083333333336 0.637962962962963 0.06510416666666667 0.29444444444444445
0 0.9684895833333333 0.674074074074074 0.06197916666666667 0.25925925925925924
0 0.6890625 0.6037037037037037 0.019791666666666666 0.08703703703703704
0 0.8390625 0.5921296296296297 0.014583333333333334 0.0712962962962963
