2 0.5520833333333334 0.6023148148148149 0.06770833333333333 0.10277777777777777
2 0.78515625 0.6060185185185185 0.0765625 0.07314814814814814
3 0.03984375 0.7185185185185186 0.0796875 0.1814814814814815
2 0.5114583333333333 0.575 0.030208333333333334 0.040740740740740744
3 0.9677083333333333 0.749537037037037 0.0625 0.13055555555555556
2 0.5091145833333334 0.5694444444444444 0.034895833333333334 0.05
2 0.4817708333333333 0.5703703703703704 0.030208333333333334 0.03333333333333333
0 0.9703125 0.6736111111111112 0.058333333333333334 0.2638888888888889
0 0.023177083333333334 0.6425925925925926 0.04635416666666667 0.2962962962962963
0 0.8390625 0.5921296296296297 0.014583333333333334 0.07314814814814814
0 0.8223958333333333 0.5921296296296297 0.016666666666666666 0.06018518518518518
