3 0.21354166666666666 0.8291666666666667 0.24791666666666667 0.3212962962962963
3 0.06197916666666667 0.6935185185185185 0.12395833333333334 0.17407407407407408
2 0.36666666666666664 0.586574074074074 0.078125 0.13055555555555556
2 0.8078125 0.6041666666666666 0.078125 0.075
2 0.23723958333333334 0.6097222222222223 0.22760416666666666 0.21388888888888888
2 0.51171875 0.5726851851851852 0.0390625 0.058333333333333334
3 0.44114583333333335 0.6078703703703704 0.03229166666666667 0.08796296296296297
2 0.4744791666666667 0.5717592592592593 0.030208333333333334 0.03611111111111111
2 0.3033854166666667 0.6041666666666666 0.10260416666666666 0.17685185185185184
2 0.47421875 0.5638888888888889 0.033854166666666664 0.04814814814814815
7 0.6580729166666667 0.6018518518518519 0.0578125 0.1537037037037037
0 0.21901041666666668 0.7342592592592593 0.1390625 0.48518518518518516
0 0.9825520833333333 0.6101851851851852 0.016145833333333335 0.08148148148148149
0 0.0609375 0.6365740740740741 0.0625 0.2175925925925926
0 0.95625 0.6069444444444444 0.017708333333333333 0.09166666666666666
0 0.44088541666666664 0.5944444444444444 0.030729166666666665 0.09259259259259259
