2 0.7971354166666667 0.6564814814814814 0.07864583333333333 0.07592592592592592
3 0.36041666666666666 0.7097222222222223 0.06041666666666667 0.11944444444444445
2 0.42265625 0.6439814814814815 0.0546875 0.07685185185185185
3 0.6052083333333333 0.7199074074074074 0.03854166666666667 0.11018518518518519
2 0.4973958333333333 0.6467592592592593 0.05520833333333333 0.0824074074074074
2 0.4596354166666667 0.6305555555555555 0.0265625 0.046296296296296294
3 0.5583333333333333 0.6907407407407408 0.025 0.07592592592592592
2 0.3125 0.6222222222222222 0.034375 0.03333333333333333
0 0.6013020833333333 0.674537037037037 0.03802083333333333 0.13055555555555556
0 0.8578125 0.65 0.016666666666666666 0.07407407407407407
0 0.8408854166666667 0.6472222222222223 0.016145833333333335 0.06296296296296296
