3 0.13541666666666666 0.7791666666666667 0.228125 0.33796296296296297
2 0.80390625 0.5976851851851852 0.0765625 0.06944444444444445
2 0.3997395833333333 0.5935185185185186 0.10572916666666667 0.15185185185185185
3 0.34348958333333335 0.6402777777777777 0.06822916666666666 0.125
2 0.50859375 0.5699074074074074 0.0359375 0.06018518518518518
3 0.0359375 0.674074074074074 0.071875 0.15555555555555556
2 0.6598958333333333 0.5962962962962963 0.042708333333333334 0.09259259259259259
1 0.34322916666666664 0.6476851851851851 0.065625 0.11203703703703703
3 0.5528645833333333 0.7125 0.0609375 0.16574074074074074
1 0.55 0.7092592592592593 0.06666666666666667 0.17222222222222222
2 0.49947916666666664 0.5842592592592593 0.051041666666666666 0.08703703703703704
0 0.16354166666666667 0.6782407407407407 0.09166666666666666 0.3509259259259259
0 0.546875 0.6351851851851852 0.06770833333333333 0.20925925925925926
0 0.019791666666666666 0.6212962962962963 0.03958333333333333 0.20185185185185187
0 0.34661458333333334 0.6087962962962963 0.04114583333333333 0.1638888888888889
0 0.9783854166666667 0.5990740740740741 0.018229166666666668 0.08888888888888889
0 0.9505208333333334 0.5939814814814814 0.016666666666666666 0.09722222222222222
0 0.9747395833333333 0.600462962962963 0.021354166666666667 0.09722222222222222
0 0.0609375 0.5699074074074074 0.025 0.09907407407407408
0 0.05677083333333333 0.5657407407407408 0.03333333333333333 0.10555555555555556
