2 0.41302083333333334 0.5791666666666667 0.0625 0.0787037037037037
2 0.83359375 0.5976851851851852 0.0703125 0.0787037037037037
3 0.06041666666666667 0.6847222222222222 0.12083333333333333 0.1787037037037037
3 0.4791666666666667 0.6662037037037037 0.07083333333333333 0.15462962962962962
2 0.5231770833333333 0.5740740740740741 0.049479166666666664 0.09074074074074075
3 0.2877604166666667 0.6078703703703704 0.044270833333333336 0.0824074074074074
3 0.7013020833333333 0.600462962962963 0.021354166666666667 0.058333333333333334
2 0.5760416666666667 0.5662037037037037 0.03229166666666667 0.049074074074074076
2 0.36484375 0.549537037037037 0.03177083333333333 0.03425925925925926
0 0.04088541666666667 0.6273148148148148 0.07864583333333333 0.2490740740740741
0 0.4864583333333333 0.6152777777777778 0.05625 0.18796296296296297
0 0.70078125 0.5981481481481481 0.0203125 0.05740740740740741
0 0.98984375 0.5972222222222222 0.019270833333333334 0.1037037037037037
