2 0.7817708333333333 0.6574074074074074 0.07916666666666666 0.07407407407407407
3 0.3140625 0.6416666666666667 0.028125 0.07222222222222222
7 0.3875 0.6291666666666667 0.11875 0.14166666666666666
3 0.5541666666666667 0.663425925925926 0.030208333333333334 0.0712962962962963
3 0.6708333333333333 0.687962962962963 0.030208333333333334 0.08888888888888889
3 0.31614583333333335 0.6305555555555555 0.03125 0.09814814814814815
2 0.4822916666666667 0.6074074074074074 0.04583333333333333 0.04814814814814815
0 0.8268229166666666 0.6537037037037037 0.025520833333333333 0.07407407407407407
0 0.55390625 0.649537037037037 0.03177083333333333 0.09537037037037037
0 0.31640625 0.625462962962963 0.028645833333333332 0.10277777777777777
0 0.63984375 0.6342592592592593 0.013020833333333334 0.06111111111111111
