2 0.0734375 0.6185185185185185 0.146875 0.2722222222222222
2 0.6052083333333333 0.5685185185185185 0.058333333333333334 0.08148148148148149
3 0.19661458333333334 0.6134259259259259 0.06614583333333333 0.10092592592592593
2 0.8020833333333334 0.5745370370370371 0.078125 0.06944444444444445
3 0.37734375 0.6717592592592593 0.0953125 0.16203703703703703
3 0.2864583333333333 0.611574074074074 0.06354166666666666 0.11018518518518519
3 0.665625 0.5958333333333333 0.022916666666666665 0.0787037037037037
3 0.6911458333333333 0.5875 0.01875 0.05462962962962963
3 0.48671875 0.6092592592592593 0.04739583333333333 0.1037037037037037
0 0.371875 0.5939814814814814 0.06354166666666666 0.20277777777777778
0 0.4875 0.5773148148148148 0.0375 0.13240740740740742
0 0.19635416666666666 0.5731481481481482 0.03333333333333333 0.13703703703703704
0 0.8802083333333334 0.5638888888888889 0.014583333333333334 0.08148148148148149
0 0.2875 0.5819444444444445 0.034375 0.13796296296296295
0 0.89375 0.5689814814814815 0.017708333333333333 0.07685185185185185
0 0.3380208333333333 0.5740740740740741 0.028125 0.12222222222222222
