2 0.7958333333333333 0.6513888888888889 0.07708333333333334 0.0712962962962963
3 0.13697916666666668 0.7157407407407408 0.08229166666666667 0.12222222222222222
2 0.5002604166666667 0.638425925925926 0.050520833333333334 0.0787037037037037
3 0.0234375 0.7194444444444444 0.046875 0.10740740740740741
3 0.6291666666666667 0.6995370370370371 0.027083333333333334 0.08611111111111111
3 0.4427083333333333 0.6916666666666667 0.041666666666666664 0.09444444444444444
2 0.34348958333333335 0.624537037037037 0.03177083333333333 0.030555555555555555
2 0.5549479166666667 0.6300925925925925 0.0265625 0.03611111111111111
2 0.421875 0.638425925925926 0.0375 0.06759259259259259
2 0.46145833333333336 0.6273148148148148 0.030208333333333334 0.04722222222222222
0 0.14453125 0.6657407407407407 0.0390625 0.14074074074074075
0 0.6268229166666667 0.6703703703703704 0.033854166666666664 0.12037037037037036
0 0.01328125 0.6662037037037037 0.0265625 0.1361111111111111
0 0.4432291666666667 0.6837962962962963 0.042708333333333334 0.09907407407407408
0 0.4510416666666667 0.6736111111111112 0.028125 0.09351851851851851
0 0.8536458333333333 0.6416666666666667 0.017708333333333333 0.07777777777777778
0 0.8807291666666667 0.6435185185185185 0.014583333333333334 0.06481481481481481
0 0.5846354166666666 0.6759259259259259 0.021354166666666667 0.06851851851851852
0 0.43515625 0.6842592592592592 0.0265625 0.09814814814814815
0 0.6291666666666667 0.6597222222222222 0.034375 0.08796296296296297
