2 0.23411458333333332 0.6842592592592592 0.30572916666666666 0.29074074074074074
3 0.0765625 0.8236111111111111 0.153125 0.2712962962962963
3 0.6283854166666667 0.7074074074074074 0.0640625 0.15185185185185185
2 0.7828125 0.6263888888888889 0.07395833333333333 0.0712962962962963
2 0.47552083333333334 0.5967592592592592 0.05520833333333333 0.08796296296296297
2 0.3966145833333333 0.5787037037037037 0.0296875 0.03518518518518519
2 0.42421875 0.5819444444444445 0.027604166666666666 0.03611111111111111
3 0.5747395833333333 0.6041666666666666 0.018229166666666668 0.049074074074074076
0 0.04348958333333333 0.687037037037037 0.08697916666666666 0.37037037037037035
0 0.6260416666666667 0.6532407407407408 0.059375 0.1787037037037037
