2 0.11223958333333334 0.637962962962963 0.22447916666666667 0.2537037037037037
2 0.7986979166666667 0.5805555555555556 0.07760416666666667 0.07592592592592592
3 0.50078125 0.6685185185185185 0.0765625 0.16666666666666666
3 0.6192708333333333 0.5935185185185186 0.025 0.07222222222222222
3 0.40078125 0.6240740740740741 0.05260416666666667 0.12037037037037036
2 0.34791666666666665 0.537962962962963 0.034375 0.03333333333333333
2 0.3171875 0.5337962962962963 0.029166666666666667 0.028703703703703703
0 0.5002604166666667 0.6101851851851852 0.0671875 0.22037037037037038
0 0.9450520833333333 0.5810185185185185 0.015104166666666667 0.0824074074074074
0 0.9752604166666666 0.5819444444444445 0.018229166666666668 0.0824074074074074
0 0.6190104166666667 0.5833333333333334 0.0296875 0.08518518518518518
0 0.4161458333333333 0.5856481481481481 0.022916666666666665 0.11574074074074074
0 0.4395833333333333 0.5671296296296297 0.022916666666666665 0.08055555555555556
