3 0.3502604166666667 0.7361111111111112 0.1453125 0.26296296296296295
2 0.17213541666666668 0.5888888888888889 0.20260416666666667 0.15555555555555556
2 0.5479166666666667 0.5925925925925926 0.11458333333333333 0.13518518518518519
2 0.8010416666666667 0.575 0.07708333333333334 0.07037037037037037
2 0.4661458333333333 0.5638888888888889 0.071875 0.09814814814814815
3 0.6552083333333333 0.6393518518518518 0.0375 0.10833333333333334
2 0.4203125 0.538425925925926 0.028125 0.030555555555555555
2 0.3958333333333333 0.5615740740740741 0.026041666666666668 0.075
0 0.3575520833333333 0.6430555555555556 0.06822916666666666 0.31203703703703706
0 0.6515625 0.5842592592592593 0.040625 0.11666666666666667
