3 0.4231770833333333 0.7574074074074074 0.1078125 0.2
2 0.80078125 0.6157407407407407 0.0765625 0.07407407407407407
2 0.48072916666666665 0.6092592592592593 0.071875 0.1037037037037037
2 0.578125 0.5949074074074074 0.034375 0.05092592592592592
3 0.6346354166666667 0.6305555555555555 0.021354166666666667 0.07037037037037037
2 0.384375 0.6106481481481482 0.05 0.09166666666666666
0 0.41640625 0.675 0.06302083333333333 0.22962962962962963
0 0.86015625 0.6055555555555555 0.018229166666666668 0.07777777777777778
0 0.8809895833333333 0.6060185185185185 0.013020833333333334 0.06944444444444445
0 0.5393229166666667 0.6097222222222223 0.0140625 0.06388888888888888
