2 0.8005208333333333 0.5745370370370371 0.08020833333333334 0.0712962962962963
3 0.46197916666666666 0.7171296296296297 0.11458333333333333 0.2675925925925926
3 0.06848958333333334 0.649074074074074 0.1359375 0.19074074074074074
2 0.38828125 0.6166666666666667 0.1359375 0.1925925925925926
3 0.3143229166666667 0.5731481481481482 0.0390625 0.10925925925925926
2 0.42265625 0.6180555555555556 0.20572916666666666 0.19166666666666668
3 0.6393229166666666 0.5949074074074074 0.027604166666666666 0.0787037037037037
3 0.328125 0.5717592592592593 0.07083333333333333 0.11574074074074074
3 0.5151041666666667 0.6347222222222222 0.035416666666666666 0.125
2 0.553125 0.5393518518518519 0.025 0.03425925925925926
3 0.5143229166666666 0.612037037037037 0.0421875 0.15555555555555556
2 0.5072916666666667 0.6050925925925926 0.06041666666666667 0.14722222222222223
0 0.4596354166666667 0.6319444444444444 0.0890625 0.30092592592592593
0 0.09088541666666666 0.5851851851851851 0.06822916666666666 0.18888888888888888
0 0.10546875 0.5902777777777778 0.04010416666666667 0.18055555555555555
0 0.6395833333333333 0.5879629629629629 0.028125 0.08518518518518518
