2 0.6005208333333333 0.5722222222222222 0.06354166666666666 0.09259259259259259
3 0.20182291666666666 0.7013888888888888 0.15885416666666666 0.2601851851851852
3 0.10260416666666666 0.6180555555555556 0.08541666666666667 0.1287037037037037
2 0.8026041666666667 0.5745370370370371 0.078125 0.07314814814814814
2 0.35963541666666665 0.5717592592592593 0.09427083333333333 0.09722222222222222
2 0.50078125 0.5550925925925926 0.04010416666666667 0.06944444444444445
3 0.4296875 0.624537037037037 0.05520833333333333 0.11944444444444445
3 0.65625 0.6157407407407407 0.023958333333333335 0.07407407407407407
3 0.4783854166666667 0.5828703703703704 0.0234375 0.0712962962962963
2 0.31666666666666665 0.5333333333333333 0.03958333333333333 0.03333333333333333
3 0.28125 0.6041666666666666 0.053125 0.08425925925925926
0 0.20729166666666668 0.6240740740740741 0.08645833333333333 0.2814814814814815
0 0.2833333333333333 0.575 0.040625 0.12777777777777777
0 0.6528645833333333 0.5879629629629629 0.028645833333333332 0.11851851851851852
0 0.10442708333333334 0.5736111111111111 0.034895833333333334 0.1361111111111111
0 0.4283854166666667 0.5944444444444444 0.04635416666666667 0.15925925925925927
0 0.8934895833333333 0.5675925925925925 0.016145833333333335 0.07962962962962963
0 0.88203125 0.5666666666666667 0.0140625 0.08148148148148149
0 0.43671875 0.5879629629629629 0.034895833333333334 0.14444444444444443
0 0.6916666666666667 0.5782407407407407 0.023958333333333335 0.0712962962962963
0 0.4315104166666667 0.5847222222222223 0.034895833333333334 0.14351851851851852
