3 0.2989583333333333 0.637962962962963 0.06145833333333333 0.10925925925925926
2 0.8166666666666667 0.6050925925925926 0.075 0.0787037037037037
2 0.19479166666666667 0.5976851851851852 0.17604166666666668 0.1787037037037037
2 0.4466145833333333 0.5805555555555556 0.03802083333333333 0.05555555555555555
2 0.521875 0.5722222222222222 0.035416666666666666 0.05925925925925926
3 0.5015625 0.6162037037037037 0.029166666666666667 0.07314814814814814
2 0.4734375 0.5638888888888889 0.028125 0.04814814814814815
2 0.022135416666666668 0.637962962962963 0.044270833333333336 0.29444444444444445
7 0.6231770833333333 0.6199074074074075 0.1015625 0.22685185185185186
2 0.35703125 0.5601851851851852 0.03177083333333333 0.03333333333333333
0 0.303125 0.5958333333333333 0.04479166666666667 0.1287037037037037
0 0.99140625 0.6101851851851852 0.016145833333333335 0.09259259259259259
0 0.29791666666666666 0.6097222222222223 0.06041666666666667 0.15648148148148147
