3 0.11770833333333333 0.7958333333333333 0.234375 0.3527777777777778
2 0.7984375 0.5833333333333334 0.078125 0.07592592592592592
2 0.43802083333333336 0.5527777777777778 0.04479166666666667 0.07037037037037037
2 0.49114583333333334 0.5592592592592592 0.05625 0.08518518518518518
3 0.3723958333333333 0.6129629629629629 0.04895833333333333 0.10925925925925926
3 0.5911458333333334 0.6175925925925926 0.03333333333333333 0.09259259259259259
3 0.6536458333333334 0.5990740740740741 0.020833333333333332 0.05555555555555555
3 0.22447916666666667 0.6888888888888889 0.035416666666666666 0.1388888888888889
2 0.31692708333333336 0.5342592592592592 0.028645833333333332 0.02962962962962963
3 0.5299479166666666 0.5962962962962963 0.0234375 0.06481481481481481
3 0.5302083333333333 0.5875 0.028125 0.08055555555555556
0 0.375 0.5717592592592593 0.03958333333333333 0.14166666666666666
0 0.12916666666666668 0.6662037037037037 0.11145833333333334 0.41203703703703703
0 0.59296875 0.5842592592592593 0.034895833333333334 0.13333333333333333
0 0.18984375 0.625462962962963 0.06510416666666667 0.3212962962962963
0 0.98046875 0.5888888888888889 0.0171875 0.08703703703703704
0 0.65390625 0.5847222222222223 0.021354166666666667 0.08055555555555556
0 0.65390625 0.5976851851851852 0.021354166666666667 0.05648148148148148
