2 0.3450520833333333 0.5916666666666667 0.1078125 0.12037037037037036
3 0.15729166666666666 0.7148148148148148 0.15416666666666667 0.21481481481481482
2 0.4354166666666667 0.5953703703703703 0.10833333333333334 0.13148148148148148
3 0.6015625 0.6356481481481482 0.03125 0.0824074074074074
2 0.8015625 0.5912037037037037 0.07708333333333334 0.07314814814814814
5 0.5369791666666667 0.5319444444444444 0.078125 0.09166666666666666
3 0.5166666666666667 0.5935185185185186 0.016666666666666666 0.06481481481481481
0 0.17005208333333333 0.6648148148148149 0.05364583333333333 0.22777777777777777
0 0.51640625 0.5925925925925926 0.018229166666666668 0.06666666666666667
0 0.8658854166666666 0.5828703703703704 0.016145833333333335 0.0712962962962963
0 0.8903645833333333 0.5856481481481481 0.0171875 0.06759259259259259
