2 0.17395833333333333 0.6236111111111111 0.2708333333333333 0.23055555555555557
3 0.0828125 0.8472222222222222 0.165625 0.29444444444444445
2 0.8111979166666666 0.6055555555555555 0.07760416666666667 0.07592592592592592
3 0.42135416666666664 0.6212962962962963 0.0375 0.08888888888888889
2 0.4466145833333333 0.5763888888888888 0.030729166666666665 0.04537037037037037
2 0.33932291666666664 0.5898148148148148 0.0984375 0.13518518518518519
2 0.5109375 0.5736111111111111 0.0375 0.05648148148148148
7 0.6549479166666666 0.6037037037037037 0.06614583333333333 0.1685185185185185
2 0.4734375 0.5685185185185185 0.029166666666666667 0.040740740740740744
3 0.5369791666666667 0.6013888888888889 0.021875 0.058333333333333334
0 0.025 0.7291666666666666 0.05 0.5361111111111111
0 0.95625 0.6097222222222223 0.01875 0.08981481481481482
0 0.9828125 0.6097222222222223 0.01875 0.08796296296296297
0 0.4205729166666667 0.5856481481481481 0.0359375 0.10462962962962963
0 0.42135416666666664 0.611574074074074 0.03854166666666667 0.09907407407407408
