3 0.04453125 0.6995370370370371 0.0890625 0.16203703703703703
2 0.41171875 0.5796296296296296 0.06302083333333333 0.07962962962962963
3 0.28046875 0.6087962962962963 0.044270833333333336 0.08611111111111111
2 0.5229166666666667 0.575 0.04895833333333333 0.08888888888888889
2 0.8341145833333333 0.5976851851851852 0.06927083333333334 0.08055555555555556
3 0.4700520833333333 0.6712962962962963 0.07135416666666666 0.15925925925925927
3 0.7026041666666667 0.6 0.020833333333333332 0.06111111111111111
2 0.3658854166666667 0.549537037037037 0.0328125 0.03425925925925926
2 0.5765625 0.5662037037037037 0.03229166666666667 0.049074074074074076
0 0.022395833333333334 0.624537037037037 0.04479166666666667 0.2490740740740741
0 0.47552083333333334 0.6143518518518518 0.06041666666666667 0.18981481481481483
0 0.7020833333333333 0.5953703703703703 0.019791666666666666 0.06296296296296296
0 0.9903645833333333 0.5972222222222222 0.018229166666666668 0.10740740740740741
