2 0.19713541666666667 0.6106481481481482 0.24739583333333334 0.20462962962962963
2 0.7994791666666666 0.575925925925926 0.07916666666666666 0.07222222222222222
2 0.05286458333333333 0.7319444444444444 0.10572916666666667 0.3509259259259259
3 0.45651041666666664 0.6152777777777778 0.0359375 0.08796296296296297
3 0.57109375 0.6412037037037037 0.05260416666666667 0.1287037037037037
3 0.628125 0.5851851851851851 0.028125 0.06296296296296296
2 0.43697916666666664 0.5375 0.03125 0.05092592592592592
2 0.3484375 0.5324074074074074 0.03229166666666667 0.03518518518518519
2 0.6015625 0.5425925925925926 0.030208333333333334 0.06111111111111111
2 0.028385416666666666 0.5513888888888889 0.050520833333333334 0.07314814814814814
2 0.31692708333333336 0.5342592592592592 0.034895833333333334 0.03518518518518519
2 0.48880208333333336 0.5444444444444444 0.0359375 0.06481481481481481
0 0.45651041666666664 0.5814814814814815 0.03697916666666667 0.1259259259259259
0 0.5705729166666667 0.5935185185185186 0.0515625 0.16666666666666666
0 0.9432291666666667 0.575 0.014583333333333334 0.07962962962962963
0 0.9721354166666667 0.5736111111111111 0.0203125 0.075
0 0.50625 0.5708333333333333 0.020833333333333332 0.08981481481481482
