3 0.14244791666666667 0.6606481481481481 0.1140625 0.16944444444444445
2 0.79921875 0.5851851851851851 0.07760416666666667 0.07592592592592592
3 0.44244791666666666 0.6143518518518518 0.0421875 0.09722222222222222
3 0.5317708333333333 0.6476851851851851 0.05520833333333333 0.11944444444444445
3 0.65 0.624537037037037 0.028125 0.0712962962962963
2 0.4791666666666667 0.5574074074074075 0.04791666666666667 0.07592592592592592
2 0.4236979166666667 0.5592592592592592 0.04010416666666667 0.07407407407407407
2 0.4244791666666667 0.5425925925925926 0.03854166666666667 0.04814814814814815
2 0.3184895833333333 0.5370370370370371 0.0296875 0.027777777777777776
0 0.44505208333333335 0.5847222222222223 0.0390625 0.125
0 0.15338541666666666 0.6023148148148149 0.049479166666666664 0.2101851851851852
0 0.6471354166666666 0.5824074074074074 0.022395833333333334 0.10185185185185185
0 0.9419270833333333 0.5833333333333334 0.019270833333333334 0.09444444444444444
0 0.5263020833333333 0.6083333333333333 0.044270833333333336 0.1574074074074074
0 0.44166666666666665 0.5712962962962963 0.046875 0.10740740740740741
0 0.20546875 0.586574074074074 0.03177083333333333 0.1175925925925926
0 0.5229166666666667 0.5842592592592593 0.036458333333333336 0.10555555555555556
0 0.9638020833333333 0.5953703703703703 0.016145833333333335 0.1
0 0.9895833333333334 0.5884259259259259 0.01875 0.08611111111111111
0 0.14401041666666667 0.6087962962962963 0.06822916666666666 0.2175925925925926
0 0.5934895833333333 0.5680555555555555 0.011979166666666667 0.03796296296296296
