3 0.078125 0.7069444444444445 0.15625 0.21944444444444444
2 0.5549479166666667 0.5995370370370371 0.06510416666666667 0.09907407407407408
2 0.7861979166666667 0.6064814814814815 0.0765625 0.07222222222222222
3 0.6265625 0.6217592592592592 0.022916666666666665 0.05648148148148148
2 0.4830729166666667 0.5740740740740741 0.0296875 0.027777777777777776
2 0.30494791666666665 0.5569444444444445 0.0296875 0.030555555555555555
2 0.515625 0.5833333333333334 0.023958333333333335 0.03148148148148148
0 0.9638020833333333 0.6726851851851852 0.06927083333333334 0.25277777777777777
0 0.08098958333333334 0.6296296296296297 0.0953125 0.26296296296296295
0 0.9890625 0.6782407407407407 0.020833333333333332 0.26944444444444443
0 0.6875 0.5986111111111111 0.020833333333333332 0.08796296296296297
0 0.9841145833333333 0.6763888888888889 0.030729166666666665 0.2601851851851852
0 0.6869791666666667 0.5847222222222223 0.020833333333333332 0.06388888888888888
