2 0.11744791666666667 0.6125 0.23489583333333333 0.17314814814814813
2 0.8625 0.5893518518518519 0.07291666666666667 0.09166666666666666
2 0.4421875 0.5833333333333334 0.12916666666666668 0.1537037037037037
2 0.6057291666666667 0.5537037037037037 0.027083333333333334 0.04259259259259259
3 0.66875 0.6587962962962963 0.040625 0.12314814814814815
2 0.38333333333333336 0.5425925925925926 0.027083333333333334 0.03333333333333333
2 0.6013020833333333 0.5518518518518518 0.03697916666666667 0.046296296296296294
2 0.34713541666666664 0.5347222222222222 0.03177083333333333 0.028703703703703703
2 0.35052083333333334 0.5375 0.030208333333333334 0.03611111111111111
0 0.6651041666666667 0.6162037037037037 0.03958333333333333 0.14907407407407408
