2 0.7861979166666667 0.6064814814814815 0.0765625 0.07222222222222222
2 0.55390625 0.600925925925926 0.0671875 0.10185185185185185
3 0.05677083333333333 0.7092592592592593 0.11354166666666667 0.1814814814814815
2 0.5127604166666667 0.5777777777777777 0.0296875 0.037037037037037035
2 0.48046875 0.5736111111111111 0.028645833333333332 0.028703703703703703
3 0.6263020833333334 0.6236111111111111 0.022395833333333334 0.05648148148148148
3 0.9651041666666667 0.7490740740740741 0.06770833333333333 0.13703703703703704
2 0.5104166666666666 0.5731481481481482 0.035416666666666666 0.04814814814814815
0 0.040625 0.6310185185185185 0.08125 0.27314814814814814
0 0.9674479166666666 0.675 0.0640625 0.25925925925925924
0 0.8393229166666667 0.5912037037037037 0.0140625 0.07314814814814814
0 0.6893229166666667 0.6032407407407407 0.019270833333333334 0.08425925925925926
