2 0.7986979166666667 0.5851851851851851 0.07864583333333333 0.07592592592592592
2 0.43333333333333335 0.5569444444444445 0.04895833333333333 0.08055555555555556
3 0.23020833333333332 0.6430555555555556 0.09895833333333333 0.14722222222222223
3 0.5515625 0.6370370370370371 0.04583333333333333 0.10925925925925926
3 0.46979166666666666 0.6074074074074074 0.036458333333333336 0.08148148148148149
3 0.6515625 0.6152777777777778 0.026041666666666668 0.06759259259259259
2 0.3184895833333333 0.537962962962963 0.030729166666666665 0.03333333333333333
0 0.23046875 0.5935185185185186 0.04739583333333333 0.18518518518518517
0 0.47291666666666665 0.575462962962963 0.035416666666666666 0.10833333333333334
0 0.5505208333333333 0.5962962962962963 0.041666666666666664 0.13518518518518519
0 0.9880208333333333 0.5898148148148148 0.019791666666666666 0.08703703703703704
0 0.6505208333333333 0.5833333333333334 0.027083333333333334 0.1
0 0.54921875 0.5791666666666667 0.03697916666666667 0.09907407407407408
0 0.9434895833333333 0.5833333333333334 0.015104166666666667 0.08703703703703704
0 0.4713541666666667 0.5930555555555556 0.03958333333333333 0.10648148148148148
0 0.9609375 0.5912037037037037 0.017708333333333333 0.09351851851851851
