3 0.12526041666666668 0.7 0.1421875 0.21481481481481482
2 0.5690104166666666 0.5888888888888889 0.049479166666666664 0.07592592592592592
3 0.3346354166666667 0.6166666666666667 0.050520833333333334 0.09259259259259259
3 0.41692708333333334 0.6416666666666667 0.0453125 0.10185185185185185
2 0.7901041666666667 0.6078703703703704 0.07708333333333334 0.0712962962962963
3 0.9393229166666667 0.7379629629629629 0.11510416666666666 0.18518518518518517
2 0.5197916666666667 0.5740740740740741 0.030208333333333334 0.03888888888888889
0 0.13359375 0.6300925925925925 0.05572916666666667 0.24722222222222223
0 0.9244791666666666 0.6662037037037037 0.08958333333333333 0.262037037037037
0 0.33359375 0.586574074074074 0.034895833333333334 0.10648148148148148
0 0.4161458333333333 0.5944444444444444 0.042708333333333334 0.13148148148148148
0 0.12135416666666667 0.6314814814814815 0.08125 0.24814814814814815
0 0.41432291666666665 0.5731481481481482 0.0421875 0.0962962962962963
0 0.8309895833333333 0.6055555555555555 0.019270833333333334 0.07592592592592592
0 0.004427083333333333 0.6273148148148148 0.008854166666666666 0.12314814814814815
0 0.6744791666666666 0.5930555555555556 0.01875 0.0712962962962963
0 0.85078125 0.5907407407407408 0.0171875 0.07962962962962963
