2 0.7989583333333333 0.5810185185185185 0.078125 0.075
2 0.49947916666666664 0.5578703703703703 0.04583333333333333 0.08055555555555556
2 0.07786458333333333 0.624537037037037 0.15572916666666667 0.24722222222222223
3 0.44036458333333334 0.6851851851851852 0.09427083333333333 0.20555555555555555
3 0.3606770833333333 0.6375 0.06302083333333333 0.125
3 0.6138020833333333 0.5949074074074074 0.027604166666666666 0.08055555555555556
3 0.56328125 0.5824074074074074 0.022395833333333334 0.06481481481481481
0 0.44557291666666665 0.6240740740740741 0.08177083333333333 0.2518518518518518
0 0.3567708333333333 0.6046296296296296 0.04583333333333333 0.1574074074074074
0 0.6138020833333333 0.5837962962962963 0.028645833333333332 0.09907407407407408
0 0.9466145833333334 0.5824074074074074 0.018229166666666668 0.08148148148148149
0 0.9778645833333334 0.5833333333333334 0.018229166666666668 0.08333333333333333
