2 0.79453125 0.6439814814814815 0.0765625 0.0712962962962963
3 0.18541666666666667 0.6902777777777778 0.05625 0.08981481481481482
2 0.42864583333333334 0.6268518518518519 0.04375 0.06296296296296296
3 0.044270833333333336 0.7310185185185185 0.08854166666666667 0.1175925925925926
3 0.2760416666666667 0.6819444444444445 0.051041666666666666 0.09351851851851851
3 0.4942708333333333 0.6666666666666666 0.028125 0.07407407407407407
2 0.5567708333333333 0.6199074074074075 0.03125 0.04351851851851852
2 0.46171875 0.6203703703703703 0.027604166666666666 0.03888888888888889
2 0.5067708333333333 0.6282407407407408 0.03958333333333333 0.06759259259259259
3 0.60234375 0.6523148148148148 0.019270833333333334 0.06574074074074074
2 0.34375 0.6138888888888889 0.03333333333333333 0.03518518518518519
2 0.3111979166666667 0.6101851851851852 0.033854166666666664 0.03888888888888889
0 0.18880208333333334 0.6546296296296297 0.030729166666666665 0.12407407407407407
0 0.030729166666666665 0.6754629629629629 0.04791666666666667 0.16944444444444445
0 0.6395833333333333 0.6574074074074074 0.027083333333333334 0.10185185185185185
0 0.86875 0.6333333333333333 0.0125 0.06111111111111111
0 0.8494791666666667 0.6333333333333333 0.015625 0.07407407407407407
0 0.2864583333333333 0.6541666666666667 0.040625 0.12314814814814815
0 0.1875 0.6601851851851852 0.04583333333333333 0.12777777777777777
0 0.28046875 0.6592592592592592 0.04114583333333333 0.12222222222222222
0 0.6018229166666667 0.6504629629629629 0.019270833333333334 0.06574074074074074
