2 0.3138020833333333 0.5902777777777778 0.12447916666666667 0.12685185185185185
3 0.031510416666666666 0.7486111111111111 0.06302083333333333 0.19907407407407407
3 0.578125 0.6370370370370371 0.0375 0.0962962962962963
2 0.8013020833333333 0.5884259259259259 0.07760416666666667 0.0712962962962963
2 0.4125 0.5953703703703703 0.12291666666666666 0.1388888888888889
3 0.5018229166666667 0.5967592592592592 0.0203125 0.058333333333333334
5 0.53984375 0.5375 0.08072916666666667 0.11574074074074074
0 0.5755208333333334 0.5847222222222223 0.030208333333333334 0.11203703703703703
0 0.8924479166666667 0.5810185185185185 0.0140625 0.0712962962962963
0 0.8661458333333333 0.5791666666666667 0.016666666666666666 0.07685185185185185
