3 0.29921875 0.6972222222222222 0.10052083333333334 0.19444444444444445
3 0.9223958333333333 0.7412037037037037 0.09166666666666666 0.17685185185185184
3 0.434375 0.638425925925926 0.04583333333333333 0.10462962962962963
2 0.78828125 0.6032407407407407 0.07552083333333333 0.07314814814814814
2 0.5627604166666667 0.5800925925925926 0.04010416666666667 0.06388888888888888
7 0.23958333333333334 0.6106481481481482 0.25833333333333336 0.21388888888888888
3 0.48359375 0.6060185185185185 0.0234375 0.05462962962962963
3 0.52109375 0.6148148148148148 0.021354166666666667 0.07037037037037037
2 0.21770833333333334 0.6097222222222223 0.21354166666666666 0.21388888888888888
2 0.34921875 0.5949074074074074 0.0515625 0.09722222222222222
0 0.91796875 0.6666666666666666 0.0984375 0.26296296296296295
0 0.2942708333333333 0.6226851851851852 0.06770833333333333 0.21574074074074073
0 0.5205729166666667 0.5939814814814814 0.024479166666666666 0.10092592592592593
0 0.4309895833333333 0.611574074074074 0.043229166666666666 0.13796296296296295
0 0.8669270833333333 0.5898148148148148 0.016145833333333335 0.07777777777777778
0 0.4825520833333333 0.5888888888888889 0.022395833333333334 0.07777777777777778
