3 0.66328125 0.6958333333333333 0.03177083333333333 0.10277777777777777
7 0.36744791666666665 0.6273148148148148 0.13177083333333334 0.14907407407407408
2 0.78125 0.663425925925926 0.07604166666666666 0.07314814814814814
2 0.47734375 0.6134259259259259 0.0421875 0.05462962962962963
3 0.5419270833333333 0.6694444444444444 0.034895833333333334 0.07592592592592592
3 0.2838541666666667 0.6314814814814815 0.035416666666666666 0.1037037037037037
0 0.8263020833333333 0.6537037037037037 0.025520833333333333 0.08148148148148149
0 0.28489583333333335 0.625462962962963 0.03229166666666667 0.10648148148148148
0 0.6625 0.6606481481481481 0.034375 0.11944444444444445
0 0.5419270833333333 0.6569444444444444 0.0359375 0.09537037037037037
