2 0.7838541666666666 0.6064814814814815 0.07604166666666666 0.07222222222222222
2 0.5177083333333333 0.6152777777777778 0.1 0.13240740740740742
3 0.6005208333333333 0.6462962962962963 0.034375 0.08888888888888889
2 0.4 0.5675925925925925 0.030208333333333334 0.02962962962962963
2 0.30364583333333334 0.5587962962962963 0.029166666666666667 0.032407407407407406
2 0.40260416666666665 0.5662037037037037 0.036458333333333336 0.03611111111111111
2 0.4671875 0.5717592592592593 0.028125 0.03425925925925926
0 0.8697916666666666 0.5962962962962963 0.017708333333333333 0.06851851851851852
0 0.69296875 0.5967592592592592 0.025520833333333333 0.0787037037037037
0 0.6924479166666667 0.6143518518518518 0.0265625 0.10277777777777777
