2 0.12395833333333334 0.6851851851851852 0.24791666666666667 0.34814814814814815
2 0.26614583333333336 0.6 0.184375 0.18518518518518517
2 0.7994791666666666 0.5745370370370371 0.07708333333333334 0.0712962962962963
2 0.43854166666666666 0.538425925925926 0.034375 0.05092592592592592
3 0.5932291666666667 0.6236111111111111 0.04479166666666667 0.12314814814814815
2 0.3546875 0.5342592592592592 0.029166666666666667 0.03333333333333333
3 0.47734375 0.612037037037037 0.030729166666666665 0.07037037037037037
0 0.47604166666666664 0.5745370370370371 0.03229166666666667 0.12129629629629629
0 0.59453125 0.575462962962963 0.0484375 0.14351851851851852
0 0.9713541666666666 0.575462962962963 0.01875 0.08611111111111111
0 0.9416666666666667 0.5740740740740741 0.014583333333333334 0.07777777777777778
0 0.51640625 0.5615740740740741 0.021354166666666667 0.08611111111111111
0 0.4747395833333333 0.5481481481481482 0.0296875 0.07037037037037037
0 0.5473958333333333 0.5435185185185185 0.017708333333333333 0.06666666666666667
