3 0.31927083333333334 0.6611111111111111 0.07291666666666667 0.14074074074074075
2 0.7895833333333333 0.6060185185185185 0.075 0.07314814814814814
2 0.565625 0.5847222222222223 0.04583333333333333 0.0712962962962963
3 0.9229166666666667 0.7384259259259259 0.09791666666666667 0.18055555555555555
7 0.11901041666666666 0.6226851851851852 0.23802083333333332 0.28055555555555556
3 0.478125 0.6296296296296297 0.03125 0.08148148148148149
3 0.42291666666666666 0.6101851851851852 0.035416666666666666 0.07222222222222222
3 0.25807291666666665 0.6194444444444445 0.050520833333333334 0.09814814814814815
2 0.5216145833333333 0.5666666666666667 0.027604166666666666 0.05555555555555555
3 0.47734375 0.6129629629629629 0.0328125 0.11481481481481481
0 0.3223958333333333 0.6152777777777778 0.05 0.17685185185185184
0 0.92109375 0.6685185185185185 0.09427083333333333 0.26296296296296295
0 0.47604166666666664 0.5953703703703703 0.030208333333333334 0.10925925925925926
0 0.42239583333333336 0.5916666666666667 0.03333333333333333 0.1
0 0.6630208333333333 0.600462962962963 0.015625 0.05092592592592592
