2 0.8153645833333333 0.6064814814814815 0.07447916666666667 0.07777777777777778
3 0.3106770833333333 0.6347222222222222 0.058854166666666666 0.11203703703703703
2 0.034895833333333334 0.6356481481481482 0.06979166666666667 0.2898148148148148
2 0.44609375 0.5810185185185185 0.03802083333333333 0.05462962962962963
2 0.20911458333333333 0.5972222222222222 0.17760416666666667 0.17592592592592593
2 0.5221354166666666 0.5731481481481482 0.033854166666666664 0.05925925925925926
3 0.5044270833333333 0.6143518518518518 0.028645833333333332 0.07314814814814814
2 0.47369791666666666 0.5680555555555555 0.024479166666666666 0.04537037037037037
7 0.6276041666666666 0.6185185185185185 0.09791666666666667 0.2222222222222222
0 0.30703125 0.5962962962962963 0.043229166666666666 0.12222222222222222
0 0.9924479166666667 0.6087962962962963 0.0140625 0.08981481481481482
