3 0.24765625 0.8101851851851852 0.23802083333333332 0.37222222222222223
2 0.8005208333333333 0.5745370370370371 0.07916666666666666 0.0712962962962963
2 0.39088541666666665 0.6347222222222222 0.1828125 0.23796296296296296
3 0.5231770833333333 0.5875 0.0234375 0.06759259259259259
3 0.6388020833333333 0.6037037037037037 0.019270833333333334 0.08148148148148149
3 0.6328125 0.6078703703703704 0.025 0.08425925925925926
2 0.48098958333333336 0.5402777777777777 0.0359375 0.062037037037037036
2 0.5950520833333334 0.5527777777777778 0.027604166666666666 0.04814814814814815
3 0.6333333333333333 0.6013888888888889 0.03125 0.08611111111111111
0 0.25729166666666664 0.6731481481481482 0.15 0.45185185185185184
0 0.6286458333333333 0.575925925925926 0.030208333333333334 0.11851851851851852
0 0.6236979166666666 0.5458333333333333 0.022395833333333334 0.05462962962962963
