2 0.32916666666666666 0.5944444444444444 0.17604166666666668 0.17407407407407408
2 0.20546875 0.5921296296296297 0.1796875 0.15833333333333333
2 0.8018229166666667 0.5796296296296296 0.07760416666666667 0.07222222222222222
3 0.4796875 0.6606481481481481 0.065625 0.12685185185185185
3 0.5890625 0.6041666666666666 0.030208333333333334 0.0712962962962963
2 0.6106770833333334 0.5648148148148148 0.033854166666666664 0.06296296296296296
2 0.43463541666666666 0.5625 0.04114583333333333 0.06944444444444445
3 0.6619791666666667 0.575925925925926 0.017708333333333333 0.053703703703703705
0 0.47682291666666665 0.6074074074074074 0.06197916666666667 0.17777777777777778
0 0.58828125 0.5824074074074074 0.0328125 0.10925925925925926
0 0.6622395833333333 0.5768518518518518 0.015104166666666667 0.05185185185185185
0 0.8796875 0.5717592592592593 0.0125 0.0712962962962963
0 0.8932291666666666 0.575462962962963 0.015625 0.06574074074074074
