3 0.5013020833333334 0.7810185185185186 0.10677083333333333 0.225
2 0.06666666666666667 0.7231481481481481 0.13333333333333333 0.36666666666666664
2 0.7822916666666667 0.6393518518518518 0.078125 0.0712962962962963
2 0.41510416666666666 0.5912037037037037 0.026041666666666668 0.04722222222222222
2 0.4510416666666667 0.611574074074074 0.058333333333333334 0.09537037037037037
3 0.58203125 0.6287037037037037 0.019270833333333334 0.04814814814814815
2 0.44583333333333336 0.6208333333333333 0.046875 0.075
3 0.67265625 0.6435185185185185 0.019270833333333334 0.05925925925925926
0 0.49609375 0.6893518518518519 0.08177083333333333 0.24166666666666667
0 0.671875 0.6328703703703704 0.01875 0.07685185185185185
0 0.63046875 0.6134259259259259 0.013020833333333334 0.05462962962962963
0 0.8333333333333334 0.6273148148148148 0.01875 0.06759259259259259
0 0.8291666666666667 0.6282407407407408 0.016666666666666666 0.06574074074074074
