2 0.7947916666666667 0.6444444444444445 0.07708333333333334 0.07222222222222222
2 0.42890625 0.6287037037037037 0.0453125 0.06481481481481481
3 0.4856770833333333 0.6703703703703704 0.0296875 0.07592592592592592
3 0.019270833333333334 0.7476851851851852 0.03854166666666667 0.11018518518518519
3 0.15104166666666666 0.6907407407407408 0.065625 0.0962962962962963
3 0.25052083333333336 0.6875 0.053125 0.09907407407407408
2 0.55703125 0.6222222222222222 0.0296875 0.044444444444444446
2 0.5033854166666667 0.6277777777777778 0.04739583333333333 0.07037037037037037
2 0.46041666666666664 0.6231481481481481 0.026041666666666668 0.03888888888888889
3 0.6393229166666666 0.6851851851851852 0.022395833333333334 0.06481481481481481
3 0.6002604166666666 0.6652777777777777 0.0171875 0.05277777777777778
2 0.46119791666666665 0.6171296296296296 0.030729166666666665 0.049074074074074076
2 0.5588541666666667 0.6194444444444445 0.036458333333333336 0.053703703703703705
2 0.3419270833333333 0.6152777777777778 0.03177083333333333 0.032407407407407406
0 0.15729166666666666 0.6574074074074074 0.03958333333333333 0.12777777777777777
0 0.6377604166666667 0.6574074074074074 0.027604166666666666 0.10925925925925926
0 0.8520833333333333 0.6351851851851852 0.016666666666666666 0.07407407407407407
0 0.8692708333333333 0.6324074074074074 0.0125 0.06481481481481481
0 0.6372395833333333 0.6375 0.027604166666666666 0.0712962962962963
0 0.5986979166666667 0.6513888888888889 0.0203125 0.075
0 0.24973958333333332 0.6675925925925926 0.0515625 0.12777777777777777
0 0.25703125 0.6606481481481481 0.03697916666666667 0.11574074074074074
0 0.48411458333333335 0.6648148148148149 0.0328125 0.08148148148148149
