2 0.79453125 0.6439814814814815 0.0765625 0.0712962962962963
3 0.0390625 0.7342592592592593 0.078125 0.11851851851851852
2 0.4283854166666667 0.6263888888888889 0.043229166666666666 0.06388888888888888
3 0.49296875 0.6671296296296296 0.028645833333333332 0.075
3 0.17942708333333332 0.6856481481481481 0.059895833333333336 0.09907407407407408
2 0.5565104166666667 0.6194444444444445 0.030729166666666665 0.044444444444444446
3 0.2721354166666667 0.6833333333333333 0.050520833333333334 0.09444444444444444
2 0.46197916666666666 0.6212962962962963 0.027083333333333334 0.03888888888888889
2 0.50703125 0.6319444444444444 0.034895833333333334 0.06388888888888888
2 0.34348958333333335 0.6143518518518518 0.0328125 0.03425925925925926
3 0.6013020833333333 0.6527777777777778 0.018229166666666668 0.06666666666666667
3 0.6403645833333333 0.6805555555555556 0.022395833333333334 0.06851851851851852
2 0.3104166666666667 0.6106481481481482 0.03333333333333333 0.03796296296296296
0 0.021875 0.675 0.04375 0.16666666666666666
0 0.86875 0.6333333333333333 0.0125 0.06111111111111111
0 0.18333333333333332 0.6527777777777778 0.034375 0.12777777777777777
0 0.6395833333333333 0.6578703703703703 0.027083333333333334 0.10092592592592593
0 0.84921875 0.6337962962962963 0.015104166666666667 0.07314814814814814
0 0.2721354166666667 0.6625 0.0515625 0.11574074074074074
