2 0.7986979166666667 0.5824074074074074 0.07864583333333333 0.07592592592592592
3 0.2734375 0.7388888888888889 0.171875 0.28703703703703703
3 0.6026041666666667 0.6129629629629629 0.03125 0.07962962962962963
2 0.49375 0.5578703703703703 0.053125 0.08055555555555556
2 0.44192708333333336 0.55 0.03697916666666667 0.06666666666666667
3 0.40651041666666665 0.6125 0.0359375 0.08981481481481482
3 0.6528645833333333 0.5935185185185186 0.018229166666666668 0.05
3 0.5453125 0.5902777777777778 0.021875 0.06759259259259259
3 0.39947916666666666 0.6083333333333333 0.023958333333333335 0.09259259259259259
3 0.3768229166666667 0.586574074074074 0.022395833333333334 0.07314814814814814
0 0.9799479166666667 0.5875 0.016145833333333335 0.08611111111111111
0 0.3263020833333333 0.6106481481481482 0.05260416666666667 0.24537037037037038
0 0.60078125 0.5875 0.030729166666666665 0.11574074074074074
0 0.2734375 0.6486111111111111 0.103125 0.3101851851851852
0 0.40703125 0.5819444444444445 0.0390625 0.13240740740740742
0 0.9471354166666667 0.5842592592592593 0.019270833333333334 0.08148148148148149
0 0.41302083333333334 0.5800925925925926 0.029166666666666667 0.13055555555555556
0 0.9502604166666667 0.5912037037037037 0.021354166666666667 0.09537037037037037
0 0.33151041666666664 0.6333333333333333 0.043229166666666666 0.21481481481481482
0 0.6528645833333333 0.5912037037037037 0.0171875 0.05277777777777778
