3 0.20130208333333333 0.8162037037037037 0.28072916666666664 0.36018518518518516
2 0.7822916666666667 0.6486111111111111 0.07708333333333334 0.07314814814814814
2 0.42552083333333335 0.625 0.07604166666666666 0.1111111111111111
2 0.5057291666666667 0.6041666666666666 0.029166666666666667 0.030555555555555555
2 0.33177083333333335 0.5921296296296297 0.03333333333333333 0.03425925925925926
3 0.6791666666666667 0.6671296296296296 0.020833333333333332 0.05648148148148148
0 0.2296875 0.7462962962962963 0.09166666666666666 0.4648148148148148
0 0.8302083333333333 0.6398148148148148 0.01875 0.07962962962962963
0 0.6348958333333333 0.6273148148148148 0.013541666666666667 0.058333333333333334
0 0.8221354166666667 0.6402777777777777 0.0328125 0.08055555555555556
