3 0.321875 0.6361111111111111 0.05520833333333333 0.1037037037037037
2 0.8153645833333333 0.6060185185185185 0.0734375 0.07685185185185185
2 0.04739583333333333 0.6342592592592593 0.09479166666666666 0.2833333333333333
2 0.446875 0.5819444444444445 0.0375 0.05462962962962963
3 0.5080729166666667 0.6129629629629629 0.028645833333333332 0.07592592592592592
2 0.22291666666666668 0.5981481481481481 0.18229166666666666 0.1685185185185185
2 0.47239583333333335 0.5680555555555555 0.025 0.04537037037037037
2 0.5208333333333334 0.5745370370370371 0.034375 0.062037037037037036
3 0.6088541666666667 0.6791666666666667 0.03333333333333333 0.10833333333333334
0 0.3263020833333333 0.5939814814814814 0.03697916666666667 0.125
0 0.9911458333333333 0.6101851851851852 0.016666666666666666 0.08888888888888889
0 0.9591145833333333 0.6092592592592593 0.018229166666666668 0.09074074074074075
