3 0.44921875 0.7546296296296297 0.09739583333333333 0.17777777777777778
2 0.8005208333333333 0.6199074074074075 0.07708333333333334 0.0712962962962963
2 0.3966145833333333 0.6101851851851852 0.0640625 0.09444444444444444
2 0.5778645833333333 0.5986111111111111 0.0328125 0.049074074074074076
2 0.48463541666666665 0.6129629629629629 0.0640625 0.1
3 0.6361979166666667 0.6356481481481482 0.021354166666666667 0.058333333333333334
2 0.3184895833333333 0.5810185185185185 0.0296875 0.028703703703703703
2 0.5815104166666667 0.6018518518518519 0.04010416666666667 0.05740740740740741
2 0.01640625 0.7560185185185185 0.0328125 0.15092592592592594
0 0.44166666666666665 0.674537037037037 0.06666666666666667 0.22314814814814815
0 0.88125 0.612037037037037 0.0125 0.06296296296296296
0 0.5419270833333333 0.6111111111111112 0.015104166666666667 0.06111111111111111
