2 0.515625 0.5740740740740741 0.06458333333333334 0.09814814814814815
3 0.3234375 0.7162037037037037 0.13020833333333334 0.21574074074074073
2 0.8411458333333334 0.5898148148148148 0.06979166666666667 0.08148148148148149
3 0.20234375 0.6152777777777778 0.06302083333333333 0.10648148148148148
2 0.39739583333333334 0.5773148148148148 0.07395833333333333 0.09351851851851851
2 0.471875 0.5615740740740741 0.03333333333333333 0.04722222222222222
2 0.4739583333333333 0.5527777777777778 0.036458333333333336 0.06111111111111111
3 0.7106770833333333 0.6037037037037037 0.021354166666666667 0.05925925925925926
0 0.3307291666666667 0.638425925925926 0.06979166666666667 0.27314814814814814
0 0.7098958333333333 0.5930555555555556 0.020833333333333332 0.06574074074074074
