2 0.8645833333333334 0.5944444444444444 0.075 0.0962962962962963
2 0.2630208333333333 0.6087962962962963 0.25 0.23055555555555557
3 0.43515625 0.7583333333333333 0.14010416666666667 0.3055555555555556
3 0.11432291666666666 0.6222222222222222 0.0734375 0.1537037037037037
3 0.54765625 0.6087962962962963 0.0296875 0.08055555555555556
2 0.621875 0.5546296296296296 0.034375 0.046296296296296294
3 0.6669270833333333 0.6361111111111111 0.0421875 0.10740740740740741
3 0.5947916666666667 0.5800925925925926 0.017708333333333333 0.06388888888888888
0 0.44921875 0.6578703703703703 0.09114583333333333 0.33240740740740743
0 0.1203125 0.5986111111111111 0.06145833333333333 0.1675925925925926
0 0.546875 0.5902777777777778 0.03229166666666667 0.10648148148148148
