2 0.5635416666666667 0.5967592592592592 0.05625 0.08796296296296297
3 0.25625 0.6768518518518518 0.09583333333333334 0.14629629629629629
3 0.13203125 0.6402777777777777 0.09322916666666667 0.11574074074074074
2 0.7877604166666666 0.6092592592592593 0.07760416666666667 0.07222222222222222
2 0.30494791666666665 0.5583333333333333 0.03802083333333333 0.03333333333333333
3 0.9515625 0.7444444444444445 0.09479166666666666 0.1685185185185185
2 0.51328125 0.5810185185185185 0.0296875 0.03981481481481482
3 0.6270833333333333 0.6208333333333333 0.01875 0.04351851851851852
2 0.40546875 0.5680555555555555 0.0328125 0.030555555555555555
3 0.9411458333333333 0.7518518518518519 0.071875 0.1425925925925926
0 0.25546875 0.612037037037037 0.06614583333333333 0.1962962962962963
0 0.9372395833333333 0.6657407407407407 0.06614583333333333 0.23703703703703705
0 0.13697916666666668 0.6037037037037037 0.03229166666666667 0.14629629629629629
0 0.975 0.6722222222222223 0.0375 0.20185185185185187
0 0.68671875 0.6134259259259259 0.018229166666666668 0.05648148148148148
