3 0.44973958333333336 0.7393518518518518 0.11614583333333334 0.24166666666666667
3 0.06197916666666667 0.6421296296296296 0.12395833333333334 0.20092592592592592
2 0.80078125 0.575 0.0796875 0.07037037037037037
3 0.30963541666666666 0.5731481481481482 0.04010416666666667 0.1111111111111111
2 0.41770833333333335 0.6185185185185185 0.21145833333333333 0.1962962962962963
2 0.37864583333333335 0.6194444444444445 0.134375 0.2
3 0.6390625 0.5967592592592592 0.028125 0.07685185185185185
2 0.5033854166666667 0.6101851851851852 0.058854166666666666 0.1574074074074074
2 0.5518229166666667 0.5388888888888889 0.025520833333333333 0.037037037037037035
0 0.45026041666666666 0.6398148148148148 0.09010416666666667 0.32037037037037036
0 0.07604166666666666 0.586574074074074 0.06875 0.1935185185185185
0 0.09427083333333333 0.587037037037037 0.036458333333333336 0.17407407407407408
0 0.6393229166666666 0.5925925925925926 0.028645833333333332 0.07592592592592592
