3 0.07890625 0.7171296296296297 0.1578125 0.24166666666666667
2 0.8026041666666667 0.5740740740740741 0.07916666666666666 0.07037037037037037
3 0.253125 0.6263888888888889 0.08645833333333333 0.1527777777777778
3 0.6841145833333333 0.6083333333333333 0.0296875 0.07777777777777778
2 0.48541666666666666 0.5587962962962963 0.057291666666666664 0.0787037037037037
3 0.5713541666666667 0.6504629629629629 0.06041666666666667 0.14907407407407408
3 0.5765625 0.6583333333333333 0.04583333333333333 0.12962962962962962
2 0.2755208333333333 0.5745370370370371 0.146875 0.11944444444444445
2 0.6015625 0.5763888888888888 0.041666666666666664 0.09907407407407408
3 0.4276041666666667 0.5902777777777778 0.035416666666666666 0.09351851851851851
2 0.30442708333333335 0.5745370370370371 0.08697916666666666 0.11574074074074074
0 0.08541666666666667 0.6393518518518518 0.06666666666666667 0.2953703703703704
0 0.2565104166666667 0.5773148148148148 0.04010416666666667 0.16018518518518518
0 0.5692708333333333 0.6041666666666666 0.06145833333333333 0.1787037037037037
0 0.8919270833333334 0.5685185185185185 0.016145833333333335 0.07592592592592592
0 0.25 0.5787037037037037 0.05416666666666667 0.1685185185185185
0 0.63125 0.5657407407407408 0.016666666666666666 0.05925925925925926
0 0.6809895833333334 0.5648148148148148 0.033854166666666664 0.12407407407407407
0 0.13072916666666667 0.6129629629629629 0.071875 0.20555555555555555
0 0.428125 0.5810185185185185 0.035416666666666666 0.10092592592592593
0 0.91796875 0.5703703703703704 0.011979166666666667 0.07962962962962963
