2 0.78671875 0.6023148148148149 0.0765625 0.06944444444444445
3 0.9265625 0.7393518518518518 0.090625 0.1787037037037037
2 0.29583333333333334 0.6032407407407407 0.18333333333333332 0.18611111111111112
2 0.5625 0.5768518518518518 0.035416666666666666 0.05925925925925926
3 0.46953125 0.6300925925925925 0.0390625 0.08981481481481482
3 0.3971354166666667 0.6722222222222223 0.0640625 0.15185185185185185
7 0.2953125 0.6032407407407407 0.18333333333333332 0.18611111111111112
3 0.5078125 0.5981481481481481 0.01875 0.05740740740740741
0 0.9229166666666667 0.6648148148148149 0.09583333333333334 0.26296296296296295
0 0.39739583333333334 0.6171296296296296 0.06354166666666666 0.18611111111111112
0 0.5341145833333333 0.5902777777777778 0.028645833333333332 0.09537037037037037
0 0.5072916666666667 0.5856481481481481 0.019791666666666666 0.08055555555555556
0 0.8559895833333333 0.5944444444444444 0.0171875 0.06111111111111111
0 0.46770833333333334 0.5916666666666667 0.035416666666666666 0.12037037037037036
