3 0.10364583333333334 0.8171296296296297 0.20729166666666668 0.30277777777777776
2 0.3692708333333333 0.5907407407407408 0.09166666666666666 0.10740740740740741
2 0.8015625 0.5990740740740741 0.078125 0.07037037037037037
3 0.27734375 0.6898148148148148 0.1078125 0.18518518518518517
2 0.4510416666666667 0.5958333333333333 0.09791666666666667 0.11944444444444445
3 0.61484375 0.6263888888888889 0.0328125 0.08981481481481482
2 0.58203125 0.5745370370370371 0.033854166666666664 0.05648148148148148
2 0.3145833333333333 0.5574074074074075 0.03854166666666667 0.02962962962962963
0 0.06848958333333334 0.7143518518518519 0.1140625 0.4009259259259259
0 0.5236979166666667 0.5939814814814814 0.018229166666666668 0.06759259259259259
0 0.6138020833333333 0.5884259259259259 0.024479166666666666 0.10092592592592593
0 0.27578125 0.6518518518518519 0.059895833333333336 0.18703703703703703
0 0.8653645833333333 0.5930555555555556 0.015104166666666667 0.06759259259259259
0 0.8822916666666667 0.5898148148148148 0.014583333333333334 0.06296296296296296
0 0.634375 0.5833333333333334 0.016666666666666666 0.053703703703703705
0 0.6111979166666667 0.5731481481481482 0.025520833333333333 0.07962962962962963
