2 0.21354166666666666 0.587037037037037 0.17708333333333334 0.1425925925925926
2 0.5604166666666667 0.5884259259259259 0.10416666666666667 0.125
3 0.062239583333333334 0.6694444444444444 0.12447916666666667 0.2111111111111111
2 0.8015625 0.575925925925926 0.078125 0.07222222222222222
3 0.66875 0.625462962962963 0.036458333333333336 0.10462962962962963
3 0.4591145833333333 0.7 0.09114583333333333 0.2
3 0.3815104166666667 0.5986111111111111 0.0453125 0.10462962962962963
2 0.3497395833333333 0.5300925925925926 0.0390625 0.041666666666666664
0 0.05911458333333333 0.5944444444444444 0.06614583333333333 0.21851851851851853
0 0.45729166666666665 0.6296296296296297 0.065625 0.2574074074074074
0 0.6653645833333334 0.5828703703703704 0.03697916666666667 0.10648148148148148
0 0.6583333333333333 0.5722222222222222 0.027083333333333334 0.08888888888888889
0 0.6361979166666667 0.5717592592592593 0.015104166666666667 0.058333333333333334
0 0.3859375 0.5675925925925925 0.052083333333333336 0.1425925925925926
