2 0.79921875 0.5847222222222223 0.07760416666666667 0.07685185185185185
3 0.53359375 0.6449074074074074 0.05364583333333333 0.12129629629629629
3 0.15859375 0.662962962962963 0.1203125 0.1537037037037037
2 0.4283854166666667 0.5574074074074075 0.04635416666666667 0.07962962962962963
3 0.4471354166666667 0.6143518518518518 0.04635416666666667 0.09351851851851851
2 0.48020833333333335 0.5583333333333333 0.04583333333333333 0.07777777777777778
3 0.6505208333333333 0.6240740740740741 0.028125 0.07037037037037037
3 0.16979166666666667 0.6449074074074074 0.140625 0.19166666666666668
2 0.3171875 0.5351851851851852 0.03125 0.02962962962962963
0 0.16119791666666666 0.6050925925925926 0.05260416666666667 0.20833333333333334
0 0.45 0.5847222222222223 0.03229166666666667 0.13055555555555556
0 0.53046875 0.586574074074074 0.043229166666666666 0.11203703703703703
0 0.6473958333333333 0.5824074074074074 0.021875 0.10185185185185185
0 0.9424479166666667 0.5828703703703704 0.019270833333333334 0.09166666666666666
0 0.64609375 0.5699074074074074 0.019270833333333334 0.07685185185185185
0 0.9895833333333334 0.5898148148148148 0.01875 0.08703703703703704
0 0.9635416666666666 0.5949074074074074 0.016666666666666666 0.09907407407407408
0 0.20989583333333334 0.5842592592592593 0.03333333333333333 0.12962962962962962
0 0.64921875 0.6046296296296296 0.025520833333333333 0.08333333333333333
0 0.5934895833333333 0.5671296296296297 0.011979166666666667 0.03796296296296296
0 0.4471354166666667 0.5907407407407408 0.043229166666666666 0.13518518518518519
0 0.9372395833333333 0.5833333333333334 0.022395833333333334 0.09444444444444444
