2 0.47760416666666666 0.5851851851851851 0.078125 0.10555555555555556
2 0.19010416666666666 0.6078703703703704 0.20208333333333334 0.16944444444444445
3 0.38046875 0.6513888888888889 0.0609375 0.12685185185185185
3 0.9143229166666667 0.7620370370370371 0.06822916666666666 0.16296296296296298
2 0.5455729166666666 0.575 0.030729166666666665 0.04814814814814815
3 0.5791666666666667 0.6199074074074075 0.026041666666666668 0.0712962962962963
2 0.7684895833333333 0.5995370370370371 0.06510416666666667 0.062037037037037036
2 0.32864583333333336 0.5569444444444445 0.028125 0.030555555555555555
3 0.5760416666666667 0.612037037037037 0.035416666666666666 0.07777777777777778
2 0.7541666666666667 0.5962962962962963 0.05520833333333333 0.05740740740740741
2 0.7434895833333334 0.5981481481481481 0.0328125 0.053703703703703705
3 0.5752604166666667 0.5962962962962963 0.0359375 0.09074074074074075
0 0.92265625 0.6865740740740741 0.10260416666666666 0.2861111111111111
0 0.3802083333333333 0.6060185185185185 0.036458333333333336 0.15462962962962962
0 0.5776041666666667 0.5944444444444444 0.029166666666666667 0.08703703703703704
0 0.8794270833333333 0.6013888888888889 0.019270833333333334 0.06388888888888888
