2 0.3463541666666667 0.5916666666666667 0.10520833333333333 0.11851851851851852
3 0.17161458333333332 0.7171296296296297 0.14739583333333334 0.2064814814814815
2 0.43802083333333336 0.5967592592592592 0.10625 0.13055555555555556
2 0.8018229166666667 0.5916666666666667 0.07760416666666667 0.07407407407407407
3 0.6033854166666667 0.6365740740740741 0.030729166666666665 0.0824074074074074
5 0.5372395833333333 0.5310185185185186 0.0796875 0.08981481481481482
2 0.5807291666666666 0.5736111111111111 0.029166666666666667 0.05277777777777778
0 0.17994791666666668 0.663425925925926 0.059895833333333336 0.2175925925925926
0 0.5169270833333334 0.5912037037037037 0.018229166666666668 0.0712962962962963
0 0.8658854166666666 0.5837962962962963 0.016145833333333335 0.0712962962962963
0 0.6033854166666667 0.5902777777777778 0.027604166666666666 0.09722222222222222
0 0.6033854166666667 0.6060185185185185 0.03177083333333333 0.13055555555555556
0 0.88984375 0.5851851851851851 0.016145833333333335 0.06851851851851852
0 0.8807291666666667 0.586574074074074 0.0125 0.06388888888888888
