2 0.7815104166666667 0.6564814814814814 0.0796875 0.07222222222222222
3 0.6752604166666667 0.687037037037037 0.027604166666666666 0.07962962962962963
7 0.38671875 0.6282407407407408 0.09947916666666666 0.1361111111111111
3 0.5614583333333333 0.6597222222222222 0.03125 0.06759259259259259
2 0.478125 0.6134259259259259 0.027083333333333334 0.04722222222222222
2 0.48541666666666666 0.6097222222222223 0.04583333333333333 0.04722222222222222
3 0.3346354166666667 0.6439814814814815 0.025520833333333333 0.06759259259259259
0 0.82890625 0.6532407407407408 0.0234375 0.075
0 0.6395833333333333 0.6337962962962963 0.0125 0.058333333333333334
0 0.6796875 0.6537037037037037 0.021875 0.10925925925925926
0 0.6703125 0.6513888888888889 0.025 0.11388888888888889
