2 0.103125 0.6865740740740741 0.20625 0.3472222222222222
2 0.7989583333333333 0.575925925925926 0.07708333333333334 0.07037037037037037
2 0.24192708333333332 0.6032407407407407 0.2078125 0.18981481481481483
2 0.43828125 0.5425925925925926 0.0328125 0.046296296296296294
3 0.4713541666666667 0.6138888888888889 0.034375 0.07777777777777778
3 0.5877604166666667 0.6310185185185185 0.04635416666666667 0.1175925925925926
2 0.4947916666666667 0.5375 0.0375 0.049074074074074076
1 0.4713541666666667 0.6125 0.03229166666666667 0.0824074074074074
2 0.3546875 0.5342592592592592 0.03229166666666667 0.03518518518518519
3 0.6276041666666666 0.5851851851851851 0.021875 0.053703703703703705
2 0.34921875 0.5337962962962963 0.03177083333333333 0.03425925925925926
0 0.58359375 0.5851851851851851 0.0453125 0.14814814814814814
0 0.51484375 0.562962962962963 0.021354166666666667 0.08888888888888889
0 0.46953125 0.5814814814814815 0.034895833333333334 0.12962962962962962
0 0.9713541666666666 0.5782407407407407 0.01875 0.09166666666666666
0 0.9419270833333333 0.5726851851851852 0.0140625 0.08055555555555556
0 0.5106770833333333 0.5634259259259259 0.028645833333333332 0.09351851851851851
