2 0.4666666666666667 0.625462962962963 0.121875 0.16203703703703703
2 0.7833333333333333 0.6101851851851852 0.078125 0.07222222222222222
3 0.5481770833333334 0.6893518518518519 0.05364583333333333 0.08981481481481482
2 0.39895833333333336 0.5675925925925925 0.030208333333333334 0.02962962962962963
2 0.30390625 0.5583333333333333 0.027604166666666666 0.03148148148148148
3 0.6890625 0.6527777777777778 0.028125 0.07592592592592592
0 0.6880208333333333 0.6152777777777778 0.030208333333333334 0.13240740740740742
0 0.5453125 0.6555555555555556 0.052083333333333336 0.13333333333333333
0 0.6161458333333333 0.5861111111111111 0.010416666666666666 0.044444444444444446
0 0.6307291666666667 0.5944444444444444 0.014583333333333334 0.05185185185185185
0 0.5450520833333333 0.6222222222222222 0.0484375 0.1648148148148148
0 0.6182291666666667 0.5898148148148148 0.010416666666666666 0.04259259259259259
