2 0.11927083333333334 0.6351851851851852 0.23854166666666668 0.24814814814814815
2 0.7989583333333333 0.5800925925925926 0.078125 0.075
3 0.40859375 0.624537037037037 0.04739583333333333 0.11203703703703703
3 0.509375 0.6662037037037037 0.07083333333333333 0.1527777777777778
3 0.6203125 0.5953703703703703 0.023958333333333335 0.06481481481481481
2 0.34791666666666665 0.5375 0.034375 0.03425925925925926
2 0.31692708333333336 0.5342592592592592 0.0296875 0.02962962962962963
0 0.5114583333333333 0.6032407407407407 0.06979166666666667 0.19166666666666668
0 0.9447916666666667 0.5814814814814815 0.016666666666666666 0.08333333333333333
0 0.40677083333333336 0.5875 0.03854166666666667 0.125
