3 0.12291666666666666 0.7092592592592593 0.146875 0.17592592592592593
2 0.55703125 0.5981481481481481 0.0640625 0.0962962962962963
2 0.7861979166666667 0.6064814814814815 0.07760416666666667 0.07222222222222222
3 0.0234375 0.6564814814814814 0.046875 0.1037037037037037
3 0.62734375 0.6217592592592592 0.021354166666666667 0.05092592592592592
2 0.30520833333333336 0.5574074074074075 0.029166666666666667 0.02962962962962963
3 0.96015625 0.7476851851851852 0.07760416666666667 0.1398148148148148
2 0.515625 0.5851851851851851 0.023958333333333335 0.03333333333333333
2 0.4822916666666667 0.575 0.026041666666666668 0.025925925925925925
0 0.12578125 0.6305555555555555 0.09114583333333333 0.2462962962962963
0 0.9567708333333333 0.6685185185185185 0.06770833333333333 0.25
0 0.9848958333333333 0.6717592592592593 0.029166666666666667 0.24351851851851852
0 0.00703125 0.5800925925925926 0.0140625 0.11574074074074074
0 0.6880208333333333 0.5972222222222222 0.01875 0.08333333333333333
