3 0.31979166666666664 0.8203703703703704 0.2125 0.34444444444444444
2 0.8627604166666667 0.5939814814814814 0.07864583333333333 0.09907407407407408
2 0.184375 0.6189814814814815 0.27291666666666664 0.2564814814814815
3 0.6505208333333333 0.6472222222222223 0.046875 0.11666666666666667
3 0.534375 0.6125 0.03333333333333333 0.08611111111111111
2 0.4544270833333333 0.5662037037037037 0.0515625 0.07314814814814814
3 0.4231770833333333 0.6 0.0328125 0.07407407407407407
0 0.3463541666666667 0.6939814814814815 0.103125 0.4305555555555556
0 0.6486979166666667 0.6023148148148149 0.0484375 0.15462962962962962
0 0.42291666666666666 0.5791666666666667 0.034375 0.11018518518518519
0 0.5307291666666667 0.5861111111111111 0.036458333333333336 0.1111111111111111
0 0.5239583333333333 0.5861111111111111 0.026041666666666668 0.10740740740740741
0 0.5950520833333334 0.5791666666666667 0.019270833333333334 0.0712962962962963
0 0.5955729166666667 0.5689814814814815 0.022395833333333334 0.08981481481481482
