2 0.7986979166666667 0.5819444444444445 0.07864583333333333 0.07685185185185185
3 0.3223958333333333 0.7282407407407407 0.14583333333333334 0.2490740740740741
2 0.4947916666666667 0.5578703703703703 0.051041666666666666 0.08055555555555556
3 0.6067708333333334 0.6069444444444444 0.03125 0.08055555555555556
3 0.6059895833333333 0.5935185185185186 0.033854166666666664 0.10555555555555556
3 0.5489583333333333 0.5907407407407408 0.019791666666666666 0.06111111111111111
3 0.42135416666666664 0.6018518518518519 0.03854166666666667 0.11481481481481481
2 0.44505208333333335 0.5546296296296296 0.030729166666666665 0.05925925925925926
3 0.6513020833333333 0.5912037037037037 0.0171875 0.04722222222222222
0 0.32734375 0.6398148148148148 0.0984375 0.3037037037037037
0 0.946875 0.5833333333333334 0.01875 0.08148148148148149
0 0.6044270833333333 0.587037037037037 0.030729166666666665 0.1111111111111111
0 0.37447916666666664 0.6208333333333333 0.05 0.21203703703703702
0 0.9791666666666666 0.587037037037037 0.016666666666666666 0.08703703703703704
0 0.42213541666666665 0.5824074074074074 0.03802083333333333 0.13333333333333333
0 0.28411458333333334 0.5643518518518519 0.0515625 0.11944444444444445
0 0.37109375 0.6347222222222222 0.0609375 0.25092592592592594
0 0.28125 0.6032407407407407 0.05625 0.19722222222222222
