3 0.328125 0.6731481481481482 0.03958333333333333 0.07777777777777778
3 0.253125 0.6703703703703704 0.041666666666666664 0.08888888888888889
2 0.79453125 0.6439814814814815 0.0765625 0.06944444444444445
2 0.55625 0.6180555555555556 0.03229166666666667 0.04351851851851852
2 0.4265625 0.6240740740740741 0.041666666666666664 0.06111111111111111
3 0.058333333333333334 0.8731481481481481 0.11666666666666667 0.24444444444444444
2 0.4921875 0.6347222222222222 0.034375 0.05092592592592592
3 0.5130208333333334 0.6578703703703703 0.023958333333333335 0.06759259259259259
3 0.14296875 0.7069444444444445 0.0890625 0.13055555555555556
2 0.46197916666666666 0.6185185185185185 0.027083333333333334 0.03888888888888889
3 0.109375 0.6949074074074074 0.15625 0.15462962962962962
2 0.49322916666666666 0.6259259259259259 0.034375 0.05925925925925926
3 0.6440104166666667 0.6643518518518519 0.0203125 0.0712962962962963
3 0.6075520833333333 0.6476851851851851 0.016145833333333335 0.058333333333333334
0 0.8682291666666667 0.6296296296296297 0.0125 0.06666666666666667
0 0.13776041666666666 0.6638888888888889 0.0546875 0.15
0 0.25338541666666664 0.6416666666666667 0.030729166666666665 0.09074074074074075
0 0.8447916666666667 0.6342592592592593 0.014583333333333334 0.07037037037037037
0 0.64296875 0.649537037037037 0.0234375 0.09351851851851851
0 0.2526041666666667 0.6509259259259259 0.03854166666666667 0.09444444444444444
0 0.32786458333333335 0.6550925925925926 0.0390625 0.09351851851851851
0 0.6072916666666667 0.6449074074074074 0.016666666666666666 0.062037037037037036
0 0.5125 0.6555555555555556 0.022916666666666665 0.07037037037037037
0 0.14817708333333332 0.6606481481481481 0.033854166666666664 0.1398148148148148
