3 0.0640625 0.7245370370370371 0.128125 0.2175925925925926
3 0.5291666666666667 0.6388888888888888 0.03333333333333333 0.10185185185185185
2 0.77890625 0.6 0.07760416666666667 0.06666666666666667
3 0.9260416666666667 0.7481481481481481 0.0875 0.1648148148148148
3 0.9174479166666667 0.7546296296296297 0.0640625 0.1537037037037037
2 0.41822916666666665 0.5930555555555556 0.11666666666666667 0.1361111111111111
7 0.41875 0.5935185185185186 0.115625 0.13518518518518519
0 0.92890625 0.6800925925925926 0.09947916666666666 0.2824074074074074
0 0.037760416666666664 0.6430555555555556 0.0734375 0.2657407407407407
0 0.86640625 0.5976851851851852 0.0171875 0.0712962962962963
0 0.5565104166666667 0.5828703703703704 0.024479166666666666 0.0824074074074074
0 0.5278645833333333 0.5833333333333334 0.03177083333333333 0.07777777777777778
0 0.5268229166666667 0.6129629629629629 0.03697916666666667 0.12962962962962962
