2 0.7825520833333334 0.6143518518518518 0.07864583333333333 0.075
3 0.6830729166666667 0.6643518518518519 0.0296875 0.09166666666666666
2 0.41328125 0.6342592592592593 0.12864583333333332 0.17962962962962964
3 0.48463541666666665 0.6930555555555555 0.07552083333333333 0.1675925925925926
2 0.30364583333333334 0.5601851851851852 0.029166666666666667 0.03148148148148148
2 0.5833333333333334 0.5796296296296296 0.028125 0.02962962962962963
0 0.6786458333333333 0.6236111111111111 0.03854166666666667 0.14351851851851852
0 0.48359375 0.6648148148148149 0.07135416666666666 0.19074074074074074
0 0.8557291666666667 0.5995370370370371 0.016666666666666666 0.06944444444444445
0 0.6200520833333333 0.586574074074074 0.0140625 0.049074074074074076
0 0.8213541666666667 0.5986111111111111 0.016666666666666666 0.0712962962962963
