3 0.171875 0.7708333333333334 0.20625 0.3138888888888889
2 0.80390625 0.5967592592592592 0.0765625 0.06944444444444445
2 0.40703125 0.5925925925925926 0.1015625 0.15185185185185185
3 0.3541666666666667 0.6425925925925926 0.06458333333333334 0.11481481481481481
3 0.5596354166666667 0.7050925925925926 0.06197916666666667 0.16203703703703703
2 0.5104166666666666 0.5657407407407408 0.035416666666666666 0.05
3 0.051041666666666666 0.6717592592592593 0.10208333333333333 0.16203703703703703
2 0.3841145833333333 0.5944444444444444 0.14635416666666667 0.1574074074074074
2 0.659375 0.5976851851851852 0.041666666666666664 0.08796296296296297
1 0.35546875 0.6476851851851851 0.06302083333333333 0.10648148148148148
0 0.19479166666666667 0.6657407407407407 0.08958333333333333 0.32592592592592595
0 0.5559895833333334 0.6365740740740741 0.0671875 0.20833333333333334
0 0.35598958333333336 0.6087962962962963 0.043229166666666666 0.15833333333333333
0 0.037760416666666664 0.6305555555555555 0.06927083333333334 0.22777777777777777
0 0.978125 0.5990740740740741 0.017708333333333333 0.09074074074074075
0 0.08333333333333333 0.5925925925925926 0.036458333333333336 0.15
0 0.9752604166666666 0.5995370370370371 0.0203125 0.09907407407407408
0 0.9505208333333334 0.5939814814814814 0.015625 0.09351851851851851
