2 0.4510416666666667 0.6300925925925925 0.13125 0.16944444444444445
2 0.7830729166666667 0.6106481481481482 0.0796875 0.075
3 0.6875 0.6597222222222222 0.028125 0.0787037037037037
3 0.5260416666666666 0.6875 0.06041666666666667 0.12314814814814815
3 0.5260416666666666 0.7060185185185185 0.058333333333333334 0.08796296296296297
2 0.30364583333333334 0.5592592592592592 0.029166666666666667 0.03148148148148148
2 0.39869791666666665 0.5675925925925925 0.0296875 0.02962962962962963
0 0.6848958333333334 0.6203703703703703 0.03333333333333333 0.1425925925925926
0 0.5354166666666667 0.6291666666666667 0.03125 0.13425925925925927
0 0.5270833333333333 0.6277777777777778 0.04895833333333333 0.14629629629629629
0 0.6169270833333333 0.5879629629629629 0.009895833333333333 0.044444444444444446
0 0.6192708333333333 0.5921296296296297 0.0125 0.04537037037037037
0 0.82109375 0.5990740740740741 0.016145833333333335 0.06851851851851852
