3 0.2859375 0.7194444444444444 0.15 0.2388888888888889
2 0.8419270833333333 0.5888888888888889 0.06927083333333334 0.08333333333333333
2 0.5145833333333333 0.5731481481481482 0.065625 0.1
2 0.39088541666666665 0.5810185185185185 0.0765625 0.09537037037037037
3 0.18411458333333333 0.6189814814814815 0.06614583333333333 0.10462962962962963
2 0.4713541666666667 0.5597222222222222 0.03229166666666667 0.05092592592592592
2 0.684375 0.5787037037037037 0.017708333333333333 0.044444444444444446
3 0.7111979166666667 0.6032407407407407 0.022395833333333334 0.06388888888888888
0 0.2953125 0.6425925925925926 0.08125 0.2851851851851852
0 0.33671875 0.6185185185185185 0.04739583333333333 0.22592592592592592
0 0.33567708333333335 0.5833333333333334 0.0484375 0.1574074074074074
0 0.7106770833333333 0.5949074074074074 0.021354166666666667 0.06944444444444445
