2 0.8640625 0.5949074074074074 0.07604166666666666 0.09722222222222222
2 0.24817708333333333 0.6106481481481482 0.25885416666666666 0.23425925925925925
3 0.409375 0.7662037037037037 0.14895833333333333 0.32685185185185184
3 0.6640625 0.6435185185185185 0.03958333333333333 0.10185185185185185
3 0.5458333333333333 0.6055555555555555 0.03125 0.08518518518518518
2 0.6231770833333333 0.5541666666666667 0.0328125 0.04537037037037037
3 0.08880208333333334 0.6407407407407407 0.08177083333333333 0.12962962962962962
2 0.46484375 0.5625 0.044270833333333336 0.075
2 0.4666666666666667 0.5736111111111111 0.040625 0.05462962962962963
0 0.42734375 0.6680555555555555 0.0921875 0.36018518518518516
0 0.10208333333333333 0.600925925925926 0.051041666666666666 0.1648148148148148
0 0.6588541666666666 0.5643518518518519 0.035416666666666666 0.06388888888888888
0 0.5536458333333333 0.5875 0.01875 0.0824074074074074
0 0.5442708333333334 0.5930555555555556 0.03333333333333333 0.10462962962962963
