2 0.7986979166666667 0.5810185185185185 0.07760416666666667 0.075
2 0.06380208333333333 0.6319444444444444 0.12760416666666666 0.24351851851851852
3 0.415625 0.6981481481481482 0.103125 0.2037037037037037
2 0.49583333333333335 0.5583333333333333 0.052083333333333336 0.07777777777777778
3 0.6130208333333333 0.6 0.027083333333333334 0.07592592592592592
3 0.5611979166666666 0.587037037037037 0.0234375 0.05925925925925926
3 0.3453125 0.6430555555555556 0.06666666666666667 0.1287037037037037
3 0.646875 0.5837962962962963 0.01875 0.05648148148148148
0 0.42109375 0.625462962962963 0.07760416666666667 0.262037037037037
0 0.34375 0.6 0.051041666666666666 0.17222222222222222
0 0.97890625 0.5833333333333334 0.0171875 0.08518518518518518
0 0.946875 0.5828703703703704 0.017708333333333333 0.0824074074074074
0 0.6127604166666667 0.5916666666666667 0.028645833333333332 0.08703703703703704
0 0.4484375 0.6111111111111112 0.04583333333333333 0.2222222222222222
0 0.9510416666666667 0.5884259259259259 0.019791666666666666 0.09722222222222222
