2 0.7981770833333334 0.6532407407407408 0.07864583333333333 0.075
2 0.42135416666666664 0.6416666666666667 0.05625 0.07962962962962963
2 0.49505208333333334 0.6435185185185185 0.059895833333333336 0.08703703703703704
3 0.5916666666666667 0.7240740740740741 0.042708333333333334 0.11851851851851852
3 0.31953125 0.7194444444444444 0.07239583333333334 0.1259259259259259
2 0.45859375 0.6273148148148148 0.0265625 0.04537037037037037
0 0.5854166666666667 0.6810185185185185 0.04375 0.13796296296296295
0 0.8427083333333333 0.6458333333333334 0.015625 0.06388888888888888
0 0.546875 0.6777777777777778 0.03125 0.10555555555555556
0 0.859375 0.649074074074074 0.016666666666666666 0.07592592592592592
0 0.3171875 0.6990740740740741 0.06666666666666667 0.12407407407407407
0 0.31666666666666665 0.6888888888888889 0.042708333333333334 0.1259259259259259
0 0.8669270833333333 0.6439814814814815 0.0171875 0.075
0 0.8697916666666666 0.6444444444444445 0.014583333333333334 0.07407407407407407
0 0.8625 0.6467592592592593 0.016666666666666666 0.07685185185185185
