2 0.7989583333333333 0.5847222222222223 0.07916666666666666 0.075
2 0.43359375 0.5555555555555556 0.04635416666666667 0.07962962962962963
3 0.5609375 0.6337962962962963 0.04583333333333333 0.10462962962962963
3 0.259375 0.637962962962963 0.07916666666666666 0.13518518518518519
3 0.4822916666666667 0.6032407407407407 0.03333333333333333 0.0824074074074074
3 0.6526041666666667 0.6106481481481482 0.026041666666666668 0.062037037037037036
2 0.40390625 0.5421296296296296 0.0234375 0.03425925925925926
2 0.3658854166666667 0.5402777777777777 0.018229166666666668 0.03425925925925926
0 0.26171875 0.5907407407407408 0.0484375 0.17962962962962964
0 0.5575520833333333 0.5796296296296296 0.04010416666666667 0.10925925925925926
0 0.9856770833333334 0.5912037037037037 0.019270833333333334 0.08611111111111111
0 0.6528645833333333 0.5810185185185185 0.025520833333333333 0.09907407407407408
0 0.4825520833333333 0.5791666666666667 0.04114583333333333 0.11574074074074074
0 0.9440104166666666 0.5837962962962963 0.015104166666666667 0.08611111111111111
0 0.96015625 0.5986111111111111 0.018229166666666668 0.09722222222222222
