2 0.8026041666666667 0.5736111111111111 0.07916666666666666 0.0712962962962963
3 0.18645833333333334 0.6842592592592592 0.12604166666666666 0.21296296296296297
3 0.10703125 0.6277777777777778 0.09947916666666666 0.11851851851851852
2 0.48854166666666665 0.5578703703703703 0.05520833333333333 0.07685185185185185
2 0.5817708333333333 0.5791666666666667 0.07604166666666666 0.10648148148148148
3 0.30234375 0.624537037037037 0.06822916666666666 0.125
2 0.2994791666666667 0.5699074074074074 0.12604166666666666 0.10462962962962963
2 0.5671875 0.5800925925925926 0.04583333333333333 0.09722222222222222
3 0.6880208333333333 0.6074074074074074 0.028125 0.06851851851851852
3 0.6002604166666666 0.6449074074074074 0.04010416666666667 0.11944444444444445
3 0.014322916666666666 0.6546296296296297 0.028645833333333332 0.13518518518518519
3 0.43984375 0.5879629629629629 0.033854166666666664 0.08703703703703704
3 0.3109375 0.6180555555555556 0.0875 0.14351851851851852
0 0.19869791666666667 0.6175925925925926 0.06197916666666667 0.2462962962962963
0 0.10885416666666667 0.5791666666666667 0.06145833333333333 0.1638888888888889
0 0.6875 0.5763888888888888 0.030208333333333334 0.10648148148148148
0 0.8919270833333334 0.5685185185185185 0.0203125 0.08148148148148149
0 0.5973958333333333 0.6046296296296296 0.04791666666666667 0.1685185185185185
0 0.44088541666666664 0.5851851851851851 0.0359375 0.08888888888888889
0 0.6059895833333333 0.5939814814814814 0.03802083333333333 0.14537037037037037
0 0.9192708333333334 0.5694444444444444 0.015625 0.08333333333333333
0 0.61171875 0.5930555555555556 0.027604166666666666 0.13425925925925927
