3 0.23619791666666667 0.6810185185185185 0.10364583333333334 0.15648148148148147
2 0.5625 0.5962962962962963 0.058333333333333334 0.09074074074074075
3 0.10911458333333333 0.6412037037037037 0.09739583333333333 0.12685185185185185
2 0.7872395833333333 0.6097222222222223 0.0765625 0.0712962962962963
3 0.95234375 0.7449074074074075 0.09114583333333333 0.1638888888888889
3 0.62734375 0.6212962962962963 0.019270833333333334 0.044444444444444446
2 0.3059895833333333 0.5569444444444445 0.033854166666666664 0.030555555555555555
2 0.5127604166666667 0.5796296296296296 0.030729166666666665 0.040740740740740744
2 0.40572916666666664 0.5680555555555555 0.03333333333333333 0.030555555555555555
3 0.9442708333333333 0.7518518518518519 0.07291666666666667 0.1425925925925926
2 0.5127604166666667 0.5699074074074074 0.030729166666666665 0.04722222222222222
0 0.23776041666666667 0.6129629629629629 0.0671875 0.20925925925925926
0 0.9442708333333333 0.6652777777777777 0.07708333333333334 0.2361111111111111
0 0.1140625 0.6060185185185185 0.034375 0.15092592592592594
0 0.97734375 0.6675925925925926 0.04114583333333333 0.21481481481481482
0 0.109375 0.5967592592592592 0.0375 0.13240740740740742
0 0.6877604166666667 0.6106481481481482 0.0171875 0.06018518518518518
0 0.6848958333333334 0.5800925925925926 0.017708333333333333 0.03981481481481482
