2 0.80078125 0.575 0.0796875 0.07037037037037037
2 0.45 0.6087962962962963 0.14270833333333333 0.17685185185185184
2 0.05572916666666667 0.5986111111111111 0.11145833333333334 0.18055555555555555
3 0.5424479166666667 0.6949074074074074 0.07552083333333333 0.1824074074074074
3 0.17473958333333334 0.6356481481481482 0.1015625 0.1527777777777778
3 0.340625 0.5851851851851851 0.03333333333333333 0.06481481481481481
2 0.41119791666666666 0.5736111111111111 0.07135416666666666 0.10833333333333334
0 0.5424479166666667 0.6101851851851852 0.07135416666666666 0.24074074074074073
0 0.19140625 0.5824074074074074 0.04739583333333333 0.16666666666666666
0 0.3419270833333333 0.5601851851851852 0.034895833333333334 0.1
0 0.1828125 0.5800925925925926 0.0375 0.1638888888888889
0 0.6419270833333334 0.5856481481481481 0.0265625 0.075
0 0.19921875 0.5787037037037037 0.030729166666666665 0.15185185185185185
