2 0.46380208333333334 0.5879629629629629 0.08489583333333334 0.1111111111111111
2 0.11875 0.6157407407407407 0.2375 0.19074074074074074
3 0.31484375 0.663425925925926 0.07552083333333333 0.14722222222222223
3 0.9122395833333333 0.7569444444444444 0.0703125 0.16574074074074074
3 0.5658854166666667 0.6222222222222222 0.0328125 0.08148148148148149
2 0.7674479166666667 0.600462962962963 0.07447916666666667 0.06388888888888888
2 0.74765625 0.5967592592592592 0.03697916666666667 0.058333333333333334
2 0.75703125 0.5986111111111111 0.05572916666666667 0.062037037037037036
2 0.54140625 0.5773148148148148 0.028645833333333332 0.05092592592592592
0 0.9205729166666666 0.6856481481481481 0.09635416666666667 0.2861111111111111
0 0.31302083333333336 0.6180555555555556 0.052083333333333336 0.17314814814814813
0 0.56640625 0.5851851851851851 0.028645833333333332 0.07962962962962963
0 0.8276041666666667 0.5944444444444444 0.016666666666666666 0.06666666666666667
0 0.8770833333333333 0.600925925925926 0.020833333333333332 0.06111111111111111
