2 0.8010416666666667 0.5930555555555556 0.078125 0.0712962962962963
3 0.4283854166666667 0.6902777777777778 0.0890625 0.17314814814814813
3 0.62734375 0.6532407407407408 0.034895833333333334 0.10277777777777777
3 0.31171875 0.6398148148148148 0.0796875 0.11666666666666667
3 0.011458333333333333 0.649537037037037 0.022916666666666665 0.11574074074074074
2 0.40520833333333334 0.5611111111111111 0.03958333333333333 0.08518518518518518
0 0.31145833333333334 0.600925925925926 0.04583333333333333 0.16111111111111112
0 0.9440104166666666 0.5902777777777778 0.0203125 0.08981481481481482
0 0.6247395833333333 0.6097222222222223 0.03697916666666667 0.1398148148148148
0 0.42864583333333334 0.6268518518518519 0.078125 0.21481481481481482
0 0.97109375 0.5986111111111111 0.016145833333333335 0.09722222222222222
0 0.43984375 0.6074074074074074 0.0640625 0.18518518518518517
0 0.9924479166666667 0.5953703703703703 0.0140625 0.09074074074074075
