3 0.10286458333333333 0.8351851851851851 0.2046875 0.3148148148148148
2 0.79375 0.6430555555555556 0.07708333333333334 0.07314814814814814
2 0.42630208333333336 0.624537037037037 0.04114583333333333 0.058333333333333334
2 0.5549479166666667 0.6171296296296296 0.030729166666666665 0.04351851851851852
3 0.265625 0.6662037037037037 0.03958333333333333 0.08796296296296297
3 0.3377604166666667 0.6680555555555555 0.03697916666666667 0.0824074074074074
2 0.49661458333333336 0.6305555555555555 0.044270833333333336 0.05555555555555555
2 0.46171875 0.6185185185185185 0.0265625 0.037037037037037035
0 0.84453125 0.6324074074074074 0.016145833333333335 0.07222222222222222
0 0.06536458333333334 0.7597222222222222 0.13072916666666667 0.4601851851851852
0 0.2674479166666667 0.6458333333333334 0.030729166666666665 0.08796296296296297
0 0.6440104166666667 0.649074074074074 0.022395833333333334 0.09074074074074075
0 0.86640625 0.6291666666666667 0.0140625 0.06574074074074074
0 0.515625 0.6513888888888889 0.022916666666666665 0.06759259259259259
0 0.3416666666666667 0.6476851851851851 0.03229166666666667 0.10277777777777777
0 0.17135416666666667 0.6569444444444444 0.034375 0.13425925925925927
0 0.26666666666666666 0.6555555555555556 0.03854166666666667 0.09444444444444444
0 0.16223958333333333 0.6578703703703703 0.050520833333333334 0.13796296296296295
0 0.06197916666666667 0.6606481481481481 0.12395833333333334 0.262037037037037
