2 0.40572916666666664 0.6175925925925926 0.06666666666666667 0.09074074074074075
2 0.80078125 0.625462962962963 0.0765625 0.07685185185185185
3 0.49192708333333335 0.7458333333333333 0.08072916666666667 0.1638888888888889
3 0.06380208333333333 0.7245370370370371 0.12760416666666666 0.20462962962962963
2 0.5776041666666667 0.6097222222222223 0.03854166666666667 0.049074074074074076
3 0.6395833333333333 0.6421296296296296 0.019791666666666666 0.058333333333333334
2 0.35546875 0.5949074074074074 0.030729166666666665 0.03425925925925926
2 0.3453125 0.5953703703703703 0.023958333333333335 0.02962962962962963
2 0.36432291666666666 0.5939814814814814 0.018229166666666668 0.032407407407407406
0 0.4856770833333333 0.6791666666666667 0.06197916666666667 0.1935185185185185
0 0.86015625 0.6162037037037037 0.018229166666666668 0.0824074074074074
0 0.8567708333333334 0.6134259259259259 0.013541666666666667 0.08055555555555556
0 0.54453125 0.6194444444444445 0.016145833333333335 0.05925925925925926
0 0.86484375 0.6180555555555556 0.018229166666666668 0.0824074074074074
0 0.6125 0.6138888888888889 0.014583333333333334 0.046296296296296294
0 0.8838541666666667 0.6189814814814815 0.013541666666666667 0.06759259259259259
0 0.8802083333333334 0.6194444444444445 0.0125 0.07037037037037037
