2 0.42239583333333336 0.6328703703703704 0.12395833333333334 0.17685185185185184
3 0.684375 0.6625 0.029166666666666667 0.08796296296296297
2 0.7828125 0.6125 0.08020833333333334 0.07314814814814814
3 0.5018229166666667 0.712037037037037 0.0640625 0.10740740740740741
3 0.49895833333333334 0.6962962962962963 0.07083333333333333 0.13703703703703704
2 0.30416666666666664 0.5601851851851852 0.029166666666666667 0.03148148148148148
2 0.5841145833333333 0.5796296296296296 0.033854166666666664 0.03148148148148148
0 0.6807291666666667 0.6208333333333333 0.036458333333333336 0.14351851851851852
0 0.4953125 0.6537037037037037 0.06666666666666667 0.1685185185185185
0 0.8559895833333333 0.5990740740740741 0.0171875 0.06851851851851852
0 0.6197916666666666 0.5861111111111111 0.014583333333333334 0.05
0 0.5033854166666667 0.6601851851851852 0.050520833333333334 0.1537037037037037
0 0.6796875 0.5986111111111111 0.035416666666666666 0.09722222222222222
