2 0.796875 0.6574074074074074 0.07916666666666666 0.07592592592592592
3 0.37604166666666666 0.7064814814814815 0.05520833333333333 0.10925925925925926
2 0.42578125 0.6439814814814815 0.0484375 0.07685185185185185
2 0.4979166666666667 0.6462962962962963 0.05416666666666667 0.08333333333333333
3 0.56171875 0.6902777777777778 0.024479166666666666 0.07685185185185185
3 0.6104166666666667 0.7199074074074074 0.03333333333333333 0.10277777777777777
2 0.45989583333333334 0.6305555555555555 0.027083333333333334 0.04814814814814815
2 0.34427083333333336 0.6240740740740741 0.03229166666666667 0.03518518518518519
2 0.015104166666666667 0.7143518518518519 0.030208333333333334 0.175
7 0.015104166666666667 0.7134259259259259 0.030208333333333334 0.1787037037037037
2 0.315625 0.6231481481481481 0.028125 0.02962962962962963
0 0.60546875 0.6731481481481482 0.03697916666666667 0.12222222222222222
0 0.8575520833333333 0.65 0.018229166666666668 0.07592592592592592
0 0.5619791666666667 0.6592592592592592 0.025 0.1
0 0.5630208333333333 0.6731481481481482 0.028125 0.1
0 0.5606770833333333 0.6287037037037037 0.0203125 0.044444444444444446
