2 0.7989583333333333 0.5814814814814815 0.078125 0.07777777777777778
3 0.35078125 0.7125 0.14739583333333334 0.2490740740740741
2 0.496875 0.5587962962962963 0.051041666666666666 0.08055555555555556
3 0.6098958333333333 0.6074074074074074 0.03125 0.07407407407407407
2 0.0328125 0.6486111111111111 0.065625 0.23796296296296296
7 0.032552083333333336 0.6472222222222223 0.06510416666666667 0.24074074074074073
3 0.55625 0.5888888888888889 0.023958333333333335 0.06111111111111111
3 0.43411458333333336 0.5833333333333334 0.03177083333333333 0.12222222222222222
3 0.6083333333333333 0.5967592592592592 0.035416666666666666 0.09166666666666666
3 0.6486979166666667 0.5893518518518519 0.018229166666666668 0.05462962962962963
0 0.3619791666666667 0.6310185185185185 0.11354166666666667 0.287962962962963
0 0.9466145833333334 0.5819444444444445 0.019270833333333334 0.0824074074074074
0 0.3033854166666667 0.6069444444444444 0.05572916666666667 0.2064814814814815
0 0.3971354166666667 0.6078703703703704 0.0546875 0.23425925925925925
0 0.9791666666666666 0.5879629629629629 0.016666666666666666 0.08333333333333333
0 0.6083333333333333 0.5875 0.034375 0.10648148148148148
0 0.30390625 0.5708333333333333 0.05572916666666667 0.1287037037037037
0 0.9497395833333333 0.5888888888888889 0.021354166666666667 0.0962962962962963
