2 0.7989583333333333 0.5810185185185185 0.07916666666666666 0.07685185185185185
2 0.04401041666666667 0.6388888888888888 0.08802083333333334 0.24814814814814815
3 0.37864583333333335 0.7101851851851851 0.11979166666666667 0.2222222222222222
2 0.49661458333333336 0.5583333333333333 0.049479166666666664 0.07777777777777778
3 0.6109375 0.6064814814814815 0.029166666666666667 0.07222222222222222
3 0.3143229166666667 0.6467592592592593 0.05364583333333333 0.1398148148148148
3 0.55703125 0.587037037037037 0.022395833333333334 0.05925925925925926
3 0.3078125 0.6620370370370371 0.040625 0.10740740740740741
3 0.6479166666666667 0.5879629629629629 0.017708333333333333 0.05555555555555555
0 0.38229166666666664 0.6273148148148148 0.10729166666666666 0.28055555555555556
0 0.3143229166666667 0.6078703703703704 0.05260416666666667 0.19537037037037036
0 0.9466145833333334 0.5814814814814815 0.019270833333333334 0.08148148148148149
0 0.9786458333333333 0.5851851851851851 0.016666666666666666 0.08148148148148149
0 0.5578125 0.5763888888888888 0.023958333333333335 0.075
0 0.6106770833333334 0.5912037037037037 0.0328125 0.09166666666666666
