2 0.8028645833333333 0.5967592592592592 0.07864583333333333 0.0712962962962963
3 0.26015625 0.7407407407407407 0.15989583333333332 0.2759259259259259
3 0.12005208333333334 0.6717592592592593 0.13072916666666667 0.16574074074074074
3 0.58203125 0.6902777777777778 0.050520833333333334 0.14722222222222223
2 0.5036458333333333 0.5648148148148148 0.046875 0.05555555555555555
2 0.51171875 0.5666666666666667 0.0328125 0.05185185185185185
2 0.40911458333333334 0.5921296296296297 0.11927083333333334 0.14722222222222223
3 0.6583333333333333 0.6050925925925926 0.0375 0.06944444444444445
2 0.31614583333333335 0.5546296296296296 0.041666666666666664 0.040740740740740744
3 0.37890625 0.6296296296296297 0.06614583333333333 0.1111111111111111
0 0.27682291666666664 0.6527777777777778 0.0765625 0.28703703703703703
0 0.5778645833333333 0.6314814814814815 0.05677083333333333 0.1925925925925926
0 0.16432291666666668 0.6 0.0296875 0.1574074074074074
0 0.13411458333333334 0.6212962962962963 0.04010416666666667 0.1925925925925926
0 0.9755208333333333 0.6 0.017708333333333333 0.09259259259259259
0 0.3802083333333333 0.6050925925925926 0.059375 0.15092592592592594
