2 0.18828125 0.5884259259259259 0.19114583333333332 0.1527777777777778
2 0.5526041666666667 0.5912037037037037 0.11041666666666666 0.13240740740740742
3 0.39739583333333334 0.7203703703703703 0.11875 0.2351851851851852
2 0.46796875 0.562037037037037 0.06510416666666667 0.0962962962962963
2 0.8018229166666667 0.575925925925926 0.07760416666666667 0.07222222222222222
3 0.6604166666666667 0.6342592592592593 0.036458333333333336 0.10555555555555556
2 0.02109375 0.6930555555555555 0.0421875 0.1527777777777778
0 0.39453125 0.6365740740740741 0.07552083333333333 0.2824074074074074
0 0.6591145833333333 0.5847222222222223 0.0359375 0.11944444444444445
0 0.35260416666666666 0.5972222222222222 0.03125 0.11666666666666667
