2 0.8622395833333333 0.5949074074074074 0.07864583333333333 0.10092592592592593
3 0.23359375 0.8236111111111111 0.26510416666666664 0.33796296296296297
2 0.16171875 0.6138888888888889 0.3234375 0.2740740740740741
3 0.6390625 0.6564814814814814 0.046875 0.11851851851851852
2 0.45078125 0.5657407407407408 0.05260416666666667 0.07592592592592592
3 0.4140625 0.5981481481481481 0.034375 0.08148148148148149
3 0.525 0.612037037037037 0.03958333333333333 0.09814814814814815
3 0.6372395833333333 0.6648148148148149 0.03697916666666667 0.1037037037037037
2 0.3533854166666667 0.5375 0.027604166666666666 0.032407407407407406
2 0.38776041666666666 0.5407407407407407 0.0265625 0.037037037037037035
2 0.38307291666666665 0.5421296296296296 0.033854166666666664 0.03425925925925926
0 0.27447916666666666 0.6912037037037037 0.11458333333333333 0.44537037037037036
0 0.6377604166666667 0.6074074074074074 0.04635416666666667 0.15
0 0.525 0.5805555555555556 0.042708333333333334 0.1111111111111111
0 0.6338541666666667 0.575 0.040625 0.08518518518518518
