2 0.12604166666666666 0.6370370370370371 0.2520833333333333 0.26296296296296295
2 0.8119791666666667 0.6064814814814815 0.07604166666666666 0.07777777777777778
2 0.3098958333333333 0.5939814814814814 0.13333333333333333 0.14537037037037037
3 0.396875 0.6236111111111111 0.042708333333333334 0.08981481481481482
2 0.4453125 0.5796296296296296 0.036458333333333336 0.05
2 0.5153645833333333 0.5745370370370371 0.04114583333333333 0.058333333333333334
2 0.4734375 0.5694444444444444 0.029166666666666667 0.04259259259259259
0 0.9559895833333333 0.6101851851851852 0.018229166666666668 0.09074074074074075
0 0.9838541666666667 0.612037037037037 0.016666666666666666 0.08703703703703704
0 0.39505208333333336 0.6032407407407407 0.0453125 0.12314814814814815
