2 0.11666666666666667 0.6435185185185185 0.23333333333333334 0.2814814814814815
2 0.81171875 0.6064814814814815 0.0765625 0.07777777777777778
2 0.29375 0.5953703703703703 0.14791666666666667 0.15
2 0.44505208333333335 0.5805555555555556 0.03697916666666667 0.05185185185185185
3 0.3859375 0.624537037037037 0.04375 0.09166666666666666
2 0.4739583333333333 0.5703703703703704 0.030208333333333334 0.04259259259259259
3 0.5276041666666667 0.6050925925925926 0.022916666666666665 0.0712962962962963
2 0.5145833333333333 0.575 0.0375 0.05925925925925926
0 0.38385416666666666 0.5949074074074074 0.040625 0.125
0 0.9559895833333333 0.6106481481481482 0.0171875 0.08796296296296297
0 0.9838541666666667 0.6125 0.015625 0.08611111111111111
