3 0.2794270833333333 0.6481481481481481 0.08489583333333334 0.12037037037037036
3 0.4015625 0.6967592592592593 0.09791666666666667 0.1935185185185185
2 0.8010416666666667 0.5944444444444444 0.078125 0.07222222222222222
3 0.45625 0.6199074074074075 0.029166666666666667 0.08611111111111111
3 0.6197916666666666 0.6615740740740741 0.03854166666666667 0.11018518518518519
3 0.45546875 0.6060185185185185 0.03177083333333333 0.11018518518518519
0 0.2830729166666667 0.6064814814814815 0.0421875 0.17222222222222222
0 0.94453125 0.5921296296296297 0.021354166666666667 0.09351851851851851
0 0.61484375 0.6175925925925926 0.0453125 0.15185185185185185
0 0.9721354166666667 0.600462962962963 0.016145833333333335 0.09537037037037037
0 0.2877604166666667 0.6101851851851852 0.058854166666666666 0.17222222222222222
0 0.40598958333333335 0.6291666666666667 0.07760416666666667 0.23055555555555557
0 0.41041666666666665 0.562037037037037 0.052083333333333336 0.08888888888888889
0 0.415625 0.6152777777777778 0.0625 0.19537037037037036
