2 0.7822916666666667 0.612037037037037 0.08020833333333334 0.07222222222222222
3 0.5169270833333334 0.6949074074074074 0.06302083333333333 0.11944444444444445
2 0.4471354166666667 0.6305555555555555 0.14427083333333332 0.17037037037037037
3 0.6861979166666666 0.6620370370370371 0.027604166666666666 0.08148148148148149
2 0.30390625 0.5597222222222222 0.0296875 0.032407407407407406
2 0.39739583333333334 0.5680555555555555 0.027083333333333334 0.030555555555555555
0 0.6828125 0.6203703703703703 0.034375 0.1425925925925926
0 0.5171875 0.6398148148148148 0.053125 0.18703703703703703
0 0.85625 0.5972222222222222 0.014583333333333334 0.06666666666666667
0 0.61875 0.586574074074074 0.011458333333333333 0.04722222222222222
0 0.6200520833333333 0.5902777777777778 0.015104166666666667 0.049074074074074076
0 0.52265625 0.6319444444444444 0.0421875 0.15092592592592594
0 0.8205729166666667 0.5976851851851852 0.016145833333333335 0.06944444444444445
