2 0.42552083333333335 0.5800925925925926 0.0625 0.08055555555555556
2 0.8286458333333333 0.5990740740740741 0.06875 0.08148148148148149
3 0.5229166666666667 0.6587962962962963 0.051041666666666666 0.12685185185185185
7 0.16614583333333333 0.788425925925926 0.33229166666666665 0.41388888888888886
2 0.16666666666666666 0.7898148148148149 0.3333333333333333 0.412962962962963
2 0.4713541666666667 0.5675925925925925 0.03125 0.03888888888888889
3 0.31354166666666666 0.5972222222222222 0.034375 0.08518518518518518
2 0.3653645833333333 0.5504629629629629 0.030729166666666665 0.03425925925925926
3 0.696875 0.5976851851851852 0.017708333333333333 0.05462962962962963
0 0.1953125 0.5564814814814815 0.042708333333333334 0.07407407407407407
0 0.5229166666666667 0.6092592592592593 0.05520833333333333 0.15925925925925927
0 0.6966145833333334 0.5949074074074074 0.019270833333333334 0.05462962962962963
0 0.31171875 0.5930555555555556 0.030729166666666665 0.08796296296296297
