3 0.41328125 0.7486111111111111 0.1140625 0.22314814814814815
2 0.80078125 0.6148148148148148 0.0765625 0.07407407407407407
2 0.47682291666666665 0.6087962962962963 0.07239583333333334 0.10648148148148148
2 0.5770833333333333 0.5935185185185186 0.03229166666666667 0.05185185185185185
3 0.634375 0.6328703703703704 0.021875 0.06388888888888888
2 0.3489583333333333 0.5805555555555556 0.036458333333333336 0.03518518518518519
2 0.3809895833333333 0.6037037037037037 0.044270833333333336 0.07962962962962963
0 0.41041666666666665 0.6800925925925926 0.06354166666666666 0.23981481481481481
0 0.8791666666666667 0.6055555555555555 0.013541666666666667 0.06851851851851852
0 0.859375 0.6041666666666666 0.015625 0.07314814814814814
0 0.8817708333333333 0.6060185185185185 0.013541666666666667 0.06759259259259259
0 0.86171875 0.6064814814814815 0.015104166666666667 0.07592592592592592
0 0.5390625 0.6074074074074074 0.013541666666666667 0.06296296296296296
