2 0.7989583333333333 0.5842592592592593 0.078125 0.07592592592592592
3 0.53828125 0.6425925925925926 0.05364583333333333 0.11666666666666667
3 0.4546875 0.6152777777777778 0.03958333333333333 0.08611111111111111
3 0.18515625 0.6587962962962963 0.12239583333333333 0.14722222222222223
2 0.43020833333333336 0.5574074074074075 0.046875 0.07777777777777778
3 0.6510416666666666 0.6208333333333333 0.027083333333333334 0.0712962962962963
2 0.3177083333333333 0.5347222222222222 0.029166666666666667 0.032407407407407406
2 0.4869791666666667 0.5652777777777778 0.04375 0.09351851851851851
2 0.35052083333333334 0.5430555555555555 0.03125 0.032407407407407406
0 0.45546875 0.5833333333333334 0.03802083333333333 0.12962962962962962
0 0.18411458333333333 0.5976851851851852 0.04635416666666667 0.19722222222222222
0 0.6479166666666667 0.5824074074074074 0.023958333333333335 0.10185185185185185
0 0.5346354166666667 0.5851851851851851 0.04010416666666667 0.10555555555555556
0 0.9427083333333334 0.5824074074074074 0.019791666666666666 0.09074074074074075
0 0.9625 0.5949074074074074 0.017708333333333333 0.10092592592592593
0 0.221875 0.5810185185185185 0.034375 0.12685185185185185
0 0.5921875 0.5634259259259259 0.0125 0.03796296296296296
0 0.9364583333333333 0.5828703703703704 0.021875 0.09351851851851851
