2 0.15390625 0.6296296296296297 0.28177083333333336 0.24444444444444444
2 0.8114583333333333 0.6060185185185185 0.07604166666666666 0.075
3 0.4158854166666667 0.6236111111111111 0.03802083333333333 0.08796296296296297
2 0.4453125 0.5782407407407407 0.03333333333333333 0.04722222222222222
2 0.3341145833333333 0.5898148148148148 0.1078125 0.13518518518518519
2 0.5109375 0.5740740740740741 0.036458333333333336 0.05740740740740741
3 0.05234375 0.8652777777777778 0.1046875 0.2657407407407407
2 0.47369791666666666 0.5694444444444444 0.0296875 0.04259259259259259
0 0.95625 0.6111111111111112 0.01875 0.09259259259259259
0 0.9828125 0.6097222222222223 0.01875 0.08981481481481482
0 0.41640625 0.5879629629629629 0.0296875 0.09444444444444444
