3 0.1484375 0.6583333333333333 0.07291666666666667 0.09259259259259259
3 0.6221354166666667 0.7236111111111111 0.043229166666666666 0.13240740740740742
2 0.7825520833333334 0.6652777777777777 0.07552083333333333 0.075
3 0.4825520833333333 0.6800925925925926 0.050520833333333334 0.10462962962962963
7 0.2911458333333333 0.6310185185185185 0.17604166666666668 0.1824074074074074
2 0.5559895833333334 0.6212962962962963 0.0234375 0.03333333333333333
0 0.140625 0.6194444444444445 0.04791666666666667 0.13148148148148148
0 0.61640625 0.6620370370370371 0.0578125 0.15185185185185185
0 0.4278645833333333 0.6361111111111111 0.021354166666666667 0.06481481481481481
0 0.48880208333333336 0.663425925925926 0.0296875 0.1175925925925926
0 0.82734375 0.6620370370370371 0.0171875 0.07222222222222222
0 0.5385416666666667 0.6370370370370371 0.016666666666666666 0.05740740740740741
0 0.84140625 0.6569444444444444 0.013020833333333334 0.075
