3 0.2716145833333333 0.7842592592592592 0.1703125 0.2722222222222222
2 0.8015625 0.6032407407407407 0.078125 0.0712962962962963
2 0.4630208333333333 0.6018518518518519 0.08958333333333333 0.11481481481481481
2 0.38828125 0.5930555555555556 0.07552083333333333 0.09351851851851851
2 0.5799479166666667 0.5861111111111111 0.034895833333333334 0.05
2 0.315625 0.5708333333333333 0.036458333333333336 0.03981481481481482
3 0.6270833333333333 0.6300925925925925 0.025 0.07314814814814814
3 0.36432291666666666 0.6643518518518519 0.07760416666666667 0.15833333333333333
0 0.27630208333333334 0.6930555555555555 0.06927083333333334 0.3138888888888889
0 0.8809895833333333 0.5967592592592592 0.015104166666666667 0.06574074074074074
0 0.8645833333333334 0.5958333333333333 0.016666666666666666 0.07314814814814814
0 0.6260416666666667 0.6074074074074074 0.028125 0.1111111111111111
0 0.36223958333333334 0.6560185185185186 0.06927083333333334 0.1638888888888889
