2 0.3203125 0.5962962962962963 0.18333333333333332 0.17407407407407408
2 0.19270833333333334 0.5912037037037037 0.18229166666666666 0.16018518518518518
2 0.8018229166666667 0.5796296296296296 0.0765625 0.07222222222222222
3 0.4669270833333333 0.662962962962963 0.06927083333333334 0.13148148148148148
3 0.58671875 0.6069444444444444 0.030729166666666665 0.07314814814814814
2 0.6098958333333333 0.5648148148148148 0.036458333333333336 0.06296296296296296
2 0.42942708333333335 0.5662037037037037 0.043229166666666666 0.06944444444444445
2 0.49895833333333334 0.5569444444444445 0.035416666666666666 0.05277777777777778
3 0.66328125 0.575462962962963 0.016145833333333335 0.05648148148148148
0 0.4640625 0.6027777777777777 0.06354166666666666 0.1962962962962963
0 0.5864583333333333 0.5828703703703704 0.034375 0.11203703703703703
0 0.6635416666666667 0.5768518518518518 0.015625 0.05555555555555555
0 0.8932291666666666 0.575925925925926 0.015625 0.06481481481481481
0 0.8783854166666667 0.5712962962962963 0.011979166666666667 0.07222222222222222
