3 0.16536458333333334 0.7027777777777777 0.12760416666666666 0.1648148148148148
2 0.78671875 0.6078703703703704 0.0765625 0.07314814814814814
2 0.5583333333333333 0.5972222222222222 0.06145833333333333 0.09259259259259259
3 0.043229166666666666 0.6439814814814815 0.08645833333333333 0.12685185185185185
3 0.62734375 0.6231481481481481 0.0203125 0.046296296296296294
3 0.9572916666666667 0.7462962962962963 0.08333333333333333 0.14629629629629629
2 0.3065104166666667 0.5564814814814815 0.0296875 0.02962962962962963
2 0.5130208333333334 0.5837962962962963 0.029166666666666667 0.03611111111111111
2 0.40598958333333335 0.5671296296296297 0.03177083333333333 0.030555555555555555
0 0.16796875 0.625462962962963 0.08177083333333333 0.23425925925925925
0 0.9541666666666667 0.6606481481481481 0.071875 0.2361111111111111
0 0.03697916666666667 0.5986111111111111 0.03854166666666667 0.14907407407407408
0 0.9825520833333333 0.6699074074074074 0.033854166666666664 0.2324074074074074
0 0.029427083333333333 0.600462962962963 0.0546875 0.15648148148148147
