2 0.8041666666666667 0.6 0.07916666666666666 0.07407407407407407
3 0.09401041666666667 0.7773148148148148 0.18802083333333333 0.30833333333333335
2 0.38333333333333336 0.5972222222222222 0.12083333333333333 0.16111111111111112
1 0.5307291666666667 0.7282407407407407 0.06979166666666667 0.17685185185185184
3 0.3151041666666667 0.6527777777777778 0.07083333333333333 0.11666666666666667
2 0.66015625 0.5990740740740741 0.0421875 0.09259259259259259
3 0.48072916666666665 0.5847222222222223 0.023958333333333335 0.0824074074074074
0 0.5236979166666667 0.6407407407407407 0.0671875 0.23148148148148148
0 0.0859375 0.6842592592592592 0.09479166666666666 0.37777777777777777
0 0.3171875 0.612037037037037 0.040625 0.15925925925925927
0 0.9786458333333333 0.6018518518518519 0.019791666666666666 0.09074074074074075
0 0.9502604166666667 0.5995370370370371 0.018229166666666668 0.10092592592592593
0 0.9752604166666666 0.6027777777777777 0.024479166666666666 0.0962962962962963
