3 0.225 0.6837962962962963 0.10416666666666667 0.175
3 0.37578125 0.6148148148148148 0.044270833333333336 0.07962962962962963
2 0.5674479166666667 0.587037037037037 0.0484375 0.07407407407407407
2 0.7893229166666667 0.6078703703703704 0.07552083333333333 0.0712962962962963
3 0.93203125 0.7462962962962963 0.10989583333333333 0.16666666666666666
7 0.06328125 0.624537037037037 0.1265625 0.2972222222222222
3 0.44557291666666665 0.6365740740740741 0.0390625 0.08981481481481482
3 0.16979166666666667 0.6240740740740741 0.046875 0.11481481481481481
2 0.34270833333333334 0.5601851851851852 0.035416666666666666 0.03518518518518519
2 0.5174479166666667 0.575925925925926 0.033854166666666664 0.037037037037037035
0 0.22473958333333333 0.6212962962962963 0.05572916666666667 0.22037037037037038
0 0.44479166666666664 0.5842592592592593 0.03854166666666667 0.09444444444444444
0 0.92890625 0.6666666666666666 0.1015625 0.26481481481481484
0 0.37395833333333334 0.5828703703703704 0.034375 0.11018518518518519
0 0.6692708333333334 0.6050925925925926 0.015625 0.049074074074074076
0 0.83515625 0.612037037037037 0.019270833333333334 0.07037037037037037
0 0.66796875 0.5944444444444444 0.0171875 0.05925925925925926
0 0.9481770833333333 0.6893518518518519 0.04635416666666667 0.2101851851851852
