2 0.3614583333333333 0.586574074074074 0.10729166666666666 0.10462962962962963
3 0.11614583333333334 0.7625 0.23229166666666667 0.33425925925925926
2 0.8471354166666667 0.5875 0.0703125 0.08425925925925926
2 0.5091145833333334 0.5740740740740741 0.06927083333333334 0.10740740740740741
3 0.71328125 0.6064814814814815 0.0265625 0.07037037037037037
2 0.46848958333333335 0.5657407407407408 0.0234375 0.040740740740740744
2 0.5856770833333333 0.5708333333333333 0.027604166666666666 0.049074074074074076
3 0.7135416666666666 0.6203703703703703 0.023958333333333335 0.053703703703703705
0 0.14296875 0.6666666666666666 0.08697916666666666 0.3685185185185185
0 0.19817708333333334 0.6388888888888888 0.0609375 0.29074074074074074
0 0.7125 0.5962962962962963 0.023958333333333335 0.05740740740740741
0 0.7127604166666667 0.6050925925925926 0.0265625 0.06759259259259259
