3 0.1515625 0.7050925925925926 0.134375 0.1675925925925926
2 0.7864583333333334 0.6074074074074074 0.07708333333333334 0.07407407407407407
2 0.5575520833333333 0.5972222222222222 0.06197916666666667 0.09444444444444444
3 0.03723958333333333 0.6532407407407408 0.07447916666666667 0.10833333333333334
3 0.6276041666666666 0.6222222222222222 0.020833333333333332 0.04814814814814815
3 0.95859375 0.7462962962962963 0.08072916666666667 0.14444444444444443
2 0.30546875 0.5569444444444445 0.028645833333333332 0.028703703703703703
2 0.484375 0.5736111111111111 0.029166666666666667 0.028703703703703703
0 0.153125 0.6300925925925925 0.0875 0.25092592592592594
0 0.9541666666666667 0.6601851851851852 0.06979166666666667 0.23703703703703705
0 0.02109375 0.6018518518518519 0.0421875 0.1574074074074074
0 0.9825520833333333 0.6685185185185185 0.033854166666666664 0.2388888888888889
0 0.0234375 0.5851851851851851 0.036458333333333336 0.11851851851851852
