3 0.21354166666666666 0.6921296296296297 0.1125 0.15092592592592594
2 0.5611979166666666 0.5967592592592592 0.0609375 0.09166666666666666
3 0.08411458333333334 0.6425925925925926 0.10364583333333334 0.12777777777777777
2 0.7864583333333334 0.6092592592592593 0.07604166666666666 0.07222222222222222
3 0.9541666666666667 0.749537037037037 0.08854166666666667 0.15092592592592594
3 0.6270833333333333 0.6212962962962963 0.019791666666666666 0.044444444444444446
2 0.30572916666666666 0.5560185185185185 0.030208333333333334 0.030555555555555555
2 0.4049479166666667 0.5671296296296297 0.0328125 0.032407407407407406
2 0.51875 0.5805555555555556 0.01875 0.03333333333333333
0 0.21536458333333333 0.6240740740740741 0.07760416666666667 0.22777777777777777
0 0.95390625 0.6680555555555555 0.0859375 0.23981481481481481
0 0.09140625 0.600925925925926 0.0359375 0.15185185185185185
0 0.9783854166666667 0.675 0.0421875 0.22962962962962963
0 0.6880208333333333 0.6129629629629629 0.016666666666666666 0.05740740740740741
