2 0.12291666666666666 0.7222222222222222 0.24583333333333332 0.37962962962962965
2 0.7815104166666667 0.6328703703703704 0.07760416666666667 0.07314814814814814
3 0.5609375 0.749537037037037 0.084375 0.19722222222222222
2 0.4197916666666667 0.5902777777777778 0.03125 0.03981481481481482
2 0.46015625 0.6087962962962963 0.05677083333333333 0.09351851851851851
2 0.33125 0.5851851851851851 0.029166666666666667 0.03148148148148148
2 0.39427083333333335 0.5875 0.023958333333333335 0.032407407407407406
2 0.5265625 0.5912037037037037 0.035416666666666666 0.030555555555555555
3 0.66875 0.6356481481481482 0.020833333333333332 0.062037037037037036
0 0.5591145833333333 0.675 0.05677083333333333 0.2462962962962963
0 0.8393229166666667 0.6236111111111111 0.015104166666666667 0.0712962962962963
0 0.5591145833333333 0.6055555555555555 0.05364583333333333 0.10185185185185185
0 0.6268229166666667 0.6106481481481482 0.0140625 0.05462962962962963
