2 0.8015625 0.5875 0.08020833333333334 0.07314814814814814
3 0.12109375 0.6189814814814815 0.0828125 0.1287037037037037
3 0.0421875 0.6824074074074075 0.084375 0.1574074074074074
2 0.46484375 0.5712962962962963 0.07239583333333334 0.09814814814814815
3 0.3984375 0.6175925925925926 0.05416666666666667 0.11851851851851852
3 0.49635416666666665 0.662962962962963 0.06458333333333334 0.15185185185185185
3 0.6427083333333333 0.6305555555555555 0.03229166666666667 0.08703703703703704
2 0.46640625 0.5597222222222222 0.06510416666666667 0.075
0 0.025 0.6125 0.05 0.25092592592592594
0 0.4075520833333333 0.5819444444444445 0.049479166666666664 0.14166666666666666
0 0.9416666666666667 0.5828703703703704 0.019791666666666666 0.09537037037037037
0 0.6408854166666667 0.5907407407407408 0.034895833333333334 0.10555555555555556
0 0.9674479166666666 0.5962962962962963 0.018229166666666668 0.10555555555555556
0 0.1203125 0.575462962962963 0.03958333333333333 0.14537037037037037
0 0.49713541666666666 0.6078703703703704 0.059895833333333336 0.16944444444444445
0 0.11223958333333334 0.5773148148148148 0.0546875 0.14722222222222223
0 0.9643229166666667 0.5958333333333333 0.024479166666666666 0.11203703703703703
