3 0.20390625 0.7273148148148149 0.1453125 0.21944444444444444
2 0.7880208333333333 0.6027777777777777 0.075 0.07407407407407407
2 0.5640625 0.5824074074074074 0.04479166666666667 0.06666666666666667
3 0.4041666666666667 0.6458333333333334 0.052083333333333336 0.11574074074074074
3 0.9213541666666667 0.7351851851851852 0.09166666666666666 0.18703703703703703
2 0.18671875 0.6087962962962963 0.30885416666666665 0.23981481481481481
3 0.4666666666666667 0.6050925925925926 0.030208333333333334 0.06944444444444445
3 0.51015625 0.6148148148148148 0.027604166666666666 0.07962962962962963
7 0.18697916666666667 0.6092592592592593 0.31145833333333334 0.23333333333333334
0 0.2 0.6458333333333334 0.08958333333333333 0.27314814814814814
0 0.9177083333333333 0.6666666666666666 0.09479166666666666 0.2611111111111111
0 0.5080729166666667 0.5921296296296297 0.0265625 0.10833333333333334
0 0.40234375 0.6069444444444444 0.049479166666666664 0.15648148148148147
0 0.60703125 0.5912037037037037 0.016145833333333335 0.04722222222222222
0 0.8479166666666667 0.6 0.01875 0.05185185185185185
