2 0.8015625 0.5902777777777778 0.08020833333333334 0.0712962962962963
3 0.3453125 0.6263888888888889 0.06666666666666667 0.125
3 0.03984375 0.6347222222222222 0.0796875 0.11574074074074074
3 0.6348958333333333 0.6416666666666667 0.035416666666666666 0.1
3 0.45625 0.6731481481481482 0.08020833333333334 0.1685185185185185
2 0.4197916666666667 0.5657407407407408 0.058333333333333334 0.09074074074074075
3 0.4591145833333333 0.6958333333333333 0.07552083333333333 0.12685185185185185
2 0.49713541666666666 0.5671296296296297 0.04114583333333333 0.07685185185185185
2 0.41380208333333335 0.5634259259259259 0.04739583333333333 0.0787037037037037
0 0.9434895833333333 0.5879629629629629 0.0203125 0.09259259259259259
0 0.6309895833333333 0.5898148148148148 0.033854166666666664 0.10555555555555556
0 0.026302083333333334 0.6050925925925926 0.0515625 0.14351851851851852
0 0.3546875 0.5912037037037037 0.046875 0.14537037037037037
0 0.45416666666666666 0.6259259259259259 0.07708333333333334 0.2037037037037037
0 0.96796875 0.5976851851851852 0.016145833333333335 0.10277777777777777
0 0.4666666666666667 0.6064814814814815 0.046875 0.16666666666666666
0 0.6330729166666667 0.6148148148148148 0.0390625 0.13333333333333333
