2 0.7888020833333333 0.6050925925925926 0.07552083333333333 0.0712962962962963
2 0.56484375 0.5833333333333334 0.044270833333333336 0.07037037037037037
3 0.07604166666666666 0.7398148148148148 0.15208333333333332 0.26481481481481484
3 0.92109375 0.7430555555555556 0.09322916666666667 0.1675925925925926
3 0.3606770833333333 0.6583333333333333 0.0609375 0.12222222222222222
3 0.44296875 0.6083333333333333 0.034895833333333334 0.06666666666666667
3 0.49192708333333335 0.6222222222222222 0.028645833333333332 0.08333333333333333
7 0.140625 0.6055555555555555 0.28125 0.23703703703703705
2 0.14166666666666666 0.6074074074074074 0.2833333333333333 0.23333333333333334
2 0.5239583333333333 0.575 0.026041666666666668 0.03888888888888889
3 0.29375 0.6143518518518518 0.041666666666666664 0.08796296296296297
0 0.058333333333333334 0.6532407407407408 0.09479166666666666 0.3194444444444444
0 0.4901041666666667 0.5949074074074074 0.027083333333333334 0.10833333333333334
0 0.35625 0.6138888888888889 0.05 0.1648148148148148
0 0.9192708333333334 0.6671296296296296 0.090625 0.2564814814814815
0 0.8447916666666667 0.6087962962962963 0.016666666666666666 0.062037037037037036
0 0.29375 0.5976851851851852 0.03854166666666667 0.1175925925925926
0 0.44296875 0.5921296296296297 0.0328125 0.09537037037037037
0 0.6596354166666667 0.5953703703703703 0.016145833333333335 0.05185185185185185
0 0.49244791666666665 0.6101851851851852 0.03177083333333333 0.1037037037037037
