3 0.21302083333333333 0.8356481481481481 0.2552083333333333 0.30833333333333335
2 0.7908854166666667 0.6430555555555556 0.07864583333333333 0.07314814814814814
3 0.05026041666666667 0.8032407407407407 0.10052083333333334 0.20277777777777778
2 0.49192708333333335 0.624537037037037 0.04114583333333333 0.062037037037037036
3 0.35494791666666664 0.663425925925926 0.03697916666666667 0.0824074074074074
2 0.55390625 0.6185185185185185 0.034895833333333334 0.04259259259259259
2 0.42473958333333334 0.624537037037037 0.0390625 0.05648148148148148
2 0.4609375 0.6180555555555556 0.026041666666666668 0.03611111111111111
2 0.30572916666666666 0.6060185185185185 0.035416666666666666 0.041666666666666664
3 0.2890625 0.6555555555555556 0.03333333333333333 0.08518518518518518
0 0.23333333333333334 0.736574074074074 0.128125 0.38981481481481484
0 0.6450520833333333 0.6504629629629629 0.019270833333333334 0.08796296296296297
0 0.11927083333333334 0.6171296296296296 0.03229166666666667 0.10648148148148148
0 0.016927083333333332 0.6365740740740741 0.033854166666666664 0.15833333333333333
0 0.6083333333333333 0.6439814814814815 0.014583333333333334 0.05092592592592592
0 0.08932291666666667 0.6231481481481481 0.044270833333333336 0.11296296296296296
0 0.8416666666666667 0.6365740740740741 0.016666666666666666 0.06759259259259259
0 0.16770833333333332 0.6449074074074074 0.03854166666666667 0.09907407407407408
0 0.1203125 0.5995370370370371 0.03125 0.07314814814814814
