2 0.10130208333333333 0.6319444444444444 0.20260416666666667 0.30462962962962964
2 0.8596354166666667 0.5976851851851852 0.08489583333333334 0.11203703703703703
2 0.42552083333333335 0.5703703703703704 0.07083333333333333 0.08703703703703704
3 0.5830729166666667 0.6791666666666667 0.06614583333333333 0.1638888888888889
3 0.3684895833333333 0.600462962962963 0.044270833333333336 0.09722222222222222
2 0.6361979166666667 0.5564814814814815 0.0359375 0.05185185185185185
3 0.47630208333333335 0.6236111111111111 0.05364583333333333 0.11574074074074074
3 0.5143229166666666 0.6055555555555555 0.027604166666666666 0.07222222222222222
0 0.5809895833333333 0.612037037037037 0.06197916666666667 0.2
0 0.47604166666666664 0.5847222222222223 0.053125 0.14166666666666666
0 0.48854166666666665 0.5824074074074074 0.0375 0.12962962962962962
0 0.5778645833333333 0.5643518518518519 0.059895833333333336 0.10648148148148148
0 0.3768229166666667 0.5814814814814815 0.0328125 0.0962962962962963
