3 0.4244791666666667 0.7662037037037037 0.14479166666666668 0.30833333333333335
2 0.8645833333333334 0.5944444444444444 0.07604166666666666 0.0962962962962963
2 0.25546875 0.6092592592592593 0.2557291666666667 0.23333333333333334
3 0.10208333333333333 0.6337962962962963 0.08020833333333334 0.13425925925925927
3 0.6653645833333334 0.6421296296296296 0.04010416666666667 0.10462962962962963
3 0.546875 0.6092592592592593 0.028125 0.07962962962962963
2 0.62265625 0.5541666666666667 0.03177083333333333 0.04537037037037037
0 0.440625 0.6569444444444444 0.08854166666666667 0.33611111111111114
0 0.1109375 0.6 0.05416666666666667 0.16111111111111112
0 0.5526041666666667 0.5916666666666667 0.021875 0.0962962962962963
0 0.6611979166666667 0.5643518518518519 0.0359375 0.0712962962962963
0 0.5450520833333333 0.5921296296296297 0.0296875 0.10648148148148148
0 0.5497395833333333 0.5962962962962963 0.028645833333333332 0.1037037037037037
0 0.6635416666666667 0.6041666666666666 0.040625 0.15462962962962962
