3 0.15442708333333333 0.6481481481481481 0.0984375 0.14074074074074075
2 0.8208333333333333 0.6018518518518519 0.071875 0.07962962962962963
3 0.45703125 0.6212962962962963 0.0359375 0.08888888888888889
7 0.12838541666666667 0.5995370370370371 0.25677083333333334 0.2101851851851852
2 0.35885416666666664 0.5550925925925926 0.034375 0.03611111111111111
2 0.3671875 0.5564814814814815 0.030208333333333334 0.03333333333333333
7 0.5703125 0.6342592592592593 0.14791666666666667 0.28888888888888886
0 0.9921875 0.6046296296296296 0.014583333333333334 0.0962962962962963
0 0.67265625 0.5893518518518519 0.015104166666666667 0.05277777777777778
0 0.45234375 0.5861111111111111 0.0390625 0.07407407407407407
0 0.39505208333333336 0.5907407407407408 0.0234375 0.06111111111111111
