2 0.2984375 0.5995370370370371 0.14270833333333333 0.13425925925925927
3 0.10546875 0.7305555555555555 0.1578125 0.21296296296296297
3 0.46510416666666665 0.6356481481481482 0.040625 0.09166666666666666
2 0.029427083333333333 0.6671296296296296 0.058854166666666666 0.23425925925925925
2 0.50078125 0.5810185185185185 0.0609375 0.09351851851851851
3 0.9169270833333333 0.7657407407407407 0.07239583333333334 0.17777777777777778
2 0.5447916666666667 0.5740740740740741 0.029166666666666667 0.040740740740740744
2 0.76171875 0.5972222222222222 0.04739583333333333 0.06111111111111111
2 0.7486979166666666 0.5958333333333333 0.0734375 0.06018518518518518
3 0.9231770833333334 0.7361111111111112 0.0921875 0.21666666666666667
2 0.051041666666666666 0.6666666666666666 0.10208333333333333 0.2351851851851852
2 0.7265625 0.5939814814814814 0.03229166666666667 0.05462962962962963
2 0.07630208333333334 0.6611111111111111 0.1515625 0.24444444444444444
3 0.5888020833333333 0.6060185185185185 0.027604166666666666 0.06574074074074074
0 0.9270833333333334 0.6805555555555556 0.109375 0.29259259259259257
0 0.10651041666666666 0.649074074074074 0.07447916666666667 0.2740740740740741
0 0.828125 0.5902777777777778 0.015625 0.06944444444444445
0 0.5911458333333334 0.5949074074074074 0.025 0.08055555555555556
0 0.8828125 0.6064814814814815 0.017708333333333333 0.07037037037037037
0 0.4622395833333333 0.5842592592592593 0.0359375 0.08888888888888889
