2 0.22682291666666668 0.600462962962963 0.18697916666666667 0.14351851851851852
2 0.8578125 0.586574074074074 0.07291666666666667 0.08796296296296297
2 0.475 0.5787037037037037 0.103125 0.13148148148148148
2 0.34348958333333335 0.5333333333333333 0.0359375 0.02962962962962963
3 0.6966145833333334 0.6412037037037037 0.03177083333333333 0.09907407407407408
2 0.38125 0.5407407407407407 0.034375 0.03888888888888889
2 0.37838541666666664 0.5439814814814815 0.024479166666666666 0.030555555555555555
3 0.5908854166666667 0.5810185185185185 0.021354166666666667 0.04722222222222222
0 0.6963541666666667 0.6148148148148148 0.03854166666666667 0.11296296296296296
0 0.690625 0.5740740740740741 0.022916666666666665 0.06481481481481481
