2 0.7838541666666666 0.6069444444444444 0.07604166666666666 0.0712962962962963
2 0.5158854166666667 0.6148148148148148 0.0984375 0.13518518518518519
3 0.5981770833333333 0.6435185185185185 0.034895833333333334 0.0962962962962963
3 0.5984375 0.6564814814814814 0.03229166666666667 0.07407407407407407
2 0.30390625 0.5587962962962963 0.0296875 0.032407407407407406
2 0.4002604166666667 0.5675925925925925 0.0296875 0.02962962962962963
2 0.46640625 0.5699074074074074 0.028645833333333332 0.03611111111111111
2 0.40286458333333336 0.5666666666666667 0.03697916666666667 0.037037037037037035
2 0.46197916666666666 0.5685185185185185 0.03229166666666667 0.03888888888888889
0 0.8682291666666667 0.5958333333333333 0.016666666666666666 0.06759259259259259
0 0.6924479166666667 0.6157407407407407 0.0265625 0.10185185185185185
0 0.6927083333333334 0.5921296296296297 0.026041666666666668 0.06759259259259259
