2 0.09973958333333334 0.5967592592592592 0.19947916666666668 0.1824074074074074
2 0.5127604166666667 0.600462962962963 0.13802083333333334 0.15462962962962962
2 0.8010416666666667 0.5745370370370371 0.078125 0.0712962962962963
3 0.043229166666666666 0.8481481481481481 0.08645833333333333 0.3
2 0.44140625 0.5694444444444444 0.07135416666666666 0.1
3 0.27291666666666664 0.625462962962963 0.07291666666666667 0.12314814814814815
3 0.61171875 0.6648148148148149 0.049479166666666664 0.13703703703703704
3 0.37161458333333336 0.5736111111111111 0.028645833333333332 0.06944444444444445
2 0.3184895833333333 0.5277777777777778 0.0390625 0.040740740740740744
2 0.3502604166666667 0.5319444444444444 0.030729166666666665 0.03981481481481482
0 0.2830729166666667 0.575462962962963 0.04114583333333333 0.15462962962962962
0 0.6080729166666666 0.5949074074074074 0.0546875 0.17685185185185184
0 0.2557291666666667 0.6148148148148148 0.035416666666666666 0.1259259259259259
0 0.27317708333333335 0.575925925925926 0.059895833333333336 0.15925925925925927
