2 0.14088541666666668 0.7268518518518519 0.28177083333333336 0.3851851851851852
3 0.5776041666666667 0.7412037037037037 0.07916666666666666 0.18425925925925926
2 0.7815104166666667 0.6324074074074074 0.07760416666666667 0.07407407407407407
2 0.4200520833333333 0.5898148148148148 0.030729166666666665 0.03518518518518519
2 0.46510416666666665 0.6101851851851852 0.05625 0.08888888888888889
2 0.5317708333333333 0.5925925925925926 0.03125 0.03148148148148148
2 0.32890625 0.5828703703703704 0.028645833333333332 0.030555555555555555
3 0.6666666666666666 0.6263888888888889 0.022916666666666665 0.075
2 0.5013020833333334 0.6101851851851852 0.022395833333333334 0.05925925925925926
2 0.3958333333333333 0.5856481481481481 0.022916666666666665 0.032407407407407406
0 0.5791666666666667 0.6796296296296296 0.065625 0.21851851851851853
0 0.83984375 0.6212962962962963 0.0140625 0.06851851851851852
0 0.6658854166666667 0.6194444444444445 0.025520833333333333 0.08518518518518518
