2 0.3255208333333333 0.5916666666666667 0.11979166666666667 0.12407407407407407
2 0.4200520833333333 0.5958333333333333 0.1140625 0.13425925925925927
3 0.5872395833333334 0.6361111111111111 0.0359375 0.09074074074074075
2 0.8018229166666667 0.5893518518518519 0.07760416666666667 0.0712962962962963
3 0.06484375 0.7231481481481481 0.1296875 0.22037037037037038
5 0.5390625 0.5361111111111111 0.07916666666666666 0.11481481481481481
0 0.0390625 0.6620370370370371 0.071875 0.3055555555555556
0 0.8661458333333333 0.5796296296296296 0.016666666666666666 0.07777777777777778
0 0.6088541666666667 0.5800925925925926 0.021875 0.0787037037037037
0 0.58046875 0.5837962962962963 0.025520833333333333 0.08611111111111111
0 0.5791666666666667 0.5685185185185185 0.023958333333333335 0.06111111111111111
0 0.50546875 0.5884259259259259 0.018229166666666668 0.0712962962962963
0 0.6135416666666667 0.5773148148148148 0.016666666666666666 0.06574074074074074
