2 0.15963541666666667 0.5898148148148148 0.20885416666666667 0.15925925925925927
2 0.5432291666666667 0.5935185185185186 0.11770833333333333 0.13703703703703704
3 0.3140625 0.7453703703703703 0.16354166666666667 0.29074074074074074
2 0.8018229166666667 0.575925925925926 0.07864583333333333 0.07222222222222222
2 0.46458333333333335 0.5648148148148148 0.07395833333333333 0.0962962962962963
2 0.4192708333333333 0.537962962962963 0.028125 0.03148148148148148
3 0.6505208333333333 0.6476851851851851 0.03854166666666667 0.11018518518518519
3 0.39375 0.5736111111111111 0.025 0.05462962962962963
0 0.32109375 0.6527777777777778 0.08697916666666666 0.3277777777777778
0 0.6481770833333333 0.6060185185185185 0.04114583333333333 0.1675925925925926
0 0.6466145833333333 0.575 0.0421875 0.11481481481481481
