2 0.15052083333333333 0.7166666666666667 0.30104166666666665 0.362962962962963
2 0.42083333333333334 0.5875 0.03229166666666667 0.03796296296296296
2 0.78125 0.6300925925925925 0.078125 0.07314814814814814
3 0.5861979166666667 0.7328703703703704 0.0796875 0.18425925925925926
2 0.53125 0.5925925925925926 0.029166666666666667 0.03148148148148148
2 0.46953125 0.6101851851851852 0.059895833333333336 0.08518518518518518
3 0.6653645833333334 0.6324074074074074 0.0203125 0.05925925925925926
2 0.3307291666666667 0.5833333333333334 0.03125 0.02962962962962963
0 0.5888020833333333 0.6587962962962963 0.0515625 0.20833333333333334
0 0.8390625 0.6226851851851852 0.015625 0.075
0 0.5872395833333334 0.6074074074074074 0.04739583333333333 0.1
