2 0.78671875 0.6023148148148149 0.07552083333333333 0.06944444444444445
3 0.9268229166666667 0.7402777777777778 0.09010416666666667 0.175
2 0.321875 0.600925925925926 0.17916666666666667 0.17962962962962964
2 0.5625 0.5768518518518518 0.03229166666666667 0.05740740740740741
3 0.48046875 0.6305555555555555 0.034895833333333334 0.08148148148148149
3 0.42213541666666665 0.6652777777777777 0.059895833333333336 0.14722222222222223
0 0.9252604166666667 0.6615740740740741 0.0953125 0.262037037037037
0 0.4231770833333333 0.6175925925925926 0.0609375 0.18888888888888888
0 0.515625 0.5856481481481481 0.01875 0.0787037037037037
0 0.8583333333333333 0.6032407407407407 0.019791666666666666 0.07685185185185185
0 0.640625 0.5810185185185185 0.013541666666666667 0.05462962962962963
0 0.478125 0.5990740740740741 0.03333333333333333 0.1111111111111111
