3 0.3106770833333333 0.7240740740740741 0.14635416666666667 0.2740740740740741
2 0.7986979166666667 0.5824074074074074 0.07864583333333333 0.07592592592592592
3 0.60546875 0.6097222222222223 0.03177083333333333 0.08055555555555556
2 0.4947916666666667 0.5583333333333333 0.052083333333333336 0.08148148148148149
3 0.41848958333333336 0.6069444444444444 0.0390625 0.10648148148148148
3 0.6049479166666667 0.5921296296296297 0.033854166666666664 0.11388888888888889
3 0.5479166666666667 0.5912037037037037 0.020833333333333332 0.06018518518518518
2 0.4421875 0.5527777777777778 0.036458333333333336 0.06296296296296296
3 0.4140625 0.6087962962962963 0.03229166666666667 0.09722222222222222
3 0.6518229166666667 0.5925925925925926 0.0171875 0.04814814814814815
0 0.31953125 0.6333333333333333 0.08697916666666666 0.3
0 0.9794270833333333 0.587037037037037 0.016145833333333335 0.08518518518518518
0 0.41901041666666666 0.5824074074074074 0.0390625 0.13518518518518519
0 0.9471354166666667 0.5837962962962963 0.018229166666666668 0.0824074074074074
0 0.60234375 0.5828703703703704 0.028645833333333332 0.11574074074074074
0 0.36276041666666664 0.6125 0.0578125 0.24537037037037038
0 0.36875 0.6328703703703704 0.04791666666666667 0.21203703703703702
0 0.2755208333333333 0.562962962962963 0.05 0.12407407407407407
0 0.9497395833333333 0.5888888888888889 0.0203125 0.09444444444444444
0 0.2799479166666667 0.549074074074074 0.0453125 0.09814814814814815
