3 0.17838541666666666 0.7310185185185185 0.20260416666666667 0.33240740740740743
2 0.37005208333333334 0.5847222222222223 0.09739583333333333 0.10462962962962963
2 0.8458333333333333 0.5888888888888889 0.06979166666666667 0.08148148148148149
2 0.5109375 0.5740740740740741 0.06770833333333333 0.10555555555555556
3 0.7125 0.6069444444444444 0.026041666666666668 0.06944444444444445
2 0.47291666666666665 0.5583333333333333 0.03229166666666667 0.053703703703703705
0 0.19869791666666667 0.6560185185185186 0.08802083333333334 0.33240740740740743
0 0.24583333333333332 0.5847222222222223 0.05625 0.17314814814814813
0 0.24505208333333334 0.6351851851851852 0.0578125 0.2740740740740741
0 0.71171875 0.5972222222222222 0.0234375 0.05925925925925926
0 0.7119791666666667 0.6055555555555555 0.026041666666666668 0.06666666666666667
