2 0.4231770833333333 0.6430555555555556 0.05364583333333333 0.075
2 0.7979166666666667 0.6560185185185186 0.078125 0.075
2 0.49635416666666665 0.6453703703703704 0.05625 0.08518518518518518
3 0.34348958333333335 0.7069444444444445 0.06614583333333333 0.13240740740740742
3 0.5989583333333334 0.7208333333333333 0.041666666666666664 0.11574074074074074
2 0.4588541666666667 0.6273148148148148 0.028125 0.049074074074074076
3 0.5541666666666667 0.6935185185185185 0.026041666666666668 0.07777777777777778
0 0.5947916666666667 0.6754629629629629 0.041666666666666664 0.13240740740740742
0 0.859375 0.65 0.017708333333333333 0.07777777777777778
0 0.8416666666666667 0.6481481481481481 0.015625 0.06481481481481481
0 0.5528645833333333 0.6796296296296296 0.027604166666666666 0.1
0 0.865625 0.6472222222222223 0.015625 0.07407407407407407
0 0.86875 0.6476851851851851 0.013541666666666667 0.07314814814814814
0 0.6403645833333333 0.6513888888888889 0.019270833333333334 0.06388888888888888
