2 0.1671875 0.7078703703703704 0.334375 0.38796296296296295
2 0.8 0.5740740740740741 0.07916666666666666 0.07037037037037037
2 0.31640625 0.587037037037037 0.13385416666666666 0.14629629629629629
2 0.43828125 0.537962962962963 0.033854166666666664 0.05185185185185185
3 0.6075520833333333 0.625 0.0296875 0.0962962962962963
3 0.49270833333333336 0.6027777777777777 0.026041666666666668 0.06851851851851852
3 0.6096354166666667 0.6162037037037037 0.04010416666666667 0.10462962962962963
0 0.9411458333333333 0.5726851851851852 0.015625 0.08425925925925926
0 0.60703125 0.5837962962962963 0.034895833333333334 0.10648148148148148
0 0.9708333333333333 0.5763888888888888 0.017708333333333333 0.08981481481481482
