2 0.12473958333333333 0.6125 0.24947916666666667 0.2657407407407407
2 0.8596354166666667 0.5976851851851852 0.08385416666666666 0.11203703703703703
2 0.43333333333333335 0.5675925925925925 0.06041666666666667 0.08148148148148149
3 0.07916666666666666 0.8550925925925926 0.15833333333333333 0.28055555555555556
3 0.6065104166666667 0.6777777777777778 0.0578125 0.13333333333333333
3 0.4942708333333333 0.6222222222222222 0.04479166666666667 0.10185185185185185
2 0.6364583333333333 0.5569444444444445 0.035416666666666666 0.05277777777777778
3 0.38307291666666665 0.6037037037037037 0.0390625 0.08333333333333333
2 0.3536458333333333 0.5351851851851852 0.027083333333333334 0.03333333333333333
2 0.3497395833333333 0.5333333333333333 0.033854166666666664 0.03148148148148148
0 0.6026041666666667 0.6171296296296296 0.05625 0.19166666666666668
0 0.04453125 0.7180555555555556 0.0890625 0.5361111111111111
0 0.38515625 0.5768518518518518 0.03802083333333333 0.1111111111111111
0 0.49322916666666666 0.5888888888888889 0.05 0.12037037037037036
0 0.54765625 0.5708333333333333 0.0203125 0.07685185185185185
0 0.49973958333333335 0.586574074074074 0.03802083333333333 0.11388888888888889
