2 0.4940104166666667 0.6222222222222222 0.1140625 0.14814814814814814
2 0.7846354166666667 0.6074074074074074 0.07760416666666667 0.07222222222222222
3 0.5739583333333333 0.6615740740740741 0.04583333333333333 0.10648148148148148
3 0.5760416666666667 0.6754629629629629 0.041666666666666664 0.0824074074074074
2 0.39921875 0.5675925925925925 0.0296875 0.02962962962962963
2 0.4471354166666667 0.5694444444444444 0.025520833333333333 0.03518518518518519
2 0.30390625 0.5587962962962963 0.028645833333333332 0.032407407407407406
3 0.6924479166666667 0.6472222222222223 0.024479166666666666 0.06666666666666667
2 0.40234375 0.5675925925925925 0.03802083333333333 0.03518518518518519
2 0.4515625 0.562037037037037 0.03229166666666667 0.03518518518518519
0 0.68984375 0.6069444444444444 0.027604166666666666 0.10833333333333334
