2 0.7984375 0.5833333333333334 0.078125 0.07592592592592592
3 0.09869791666666666 0.7902777777777777 0.19739583333333333 0.35648148148148145
2 0.490625 0.5606481481481481 0.057291666666666664 0.08611111111111111
2 0.43802083333333336 0.5532407407407407 0.04375 0.0712962962962963
3 0.3625 0.6138888888888889 0.053125 0.1111111111111111
3 0.5895833333333333 0.6189814814814815 0.034375 0.09351851851851851
3 0.6541666666666667 0.5990740740740741 0.020833333333333332 0.05740740740740741
3 0.19583333333333333 0.687037037037037 0.04895833333333333 0.1574074074074074
2 0.3145833333333333 0.5324074074074074 0.026041666666666668 0.027777777777777776
3 0.5265625 0.5967592592592592 0.023958333333333335 0.06574074074074074
0 0.07786458333333333 0.675 0.1359375 0.4388888888888889
0 0.3611979166666667 0.5768518518518518 0.0390625 0.13703703703703704
0 0.58828125 0.5791666666666667 0.03177083333333333 0.1175925925925926
0 0.15963541666666667 0.637962962962963 0.05677083333333333 0.28703703703703703
0 0.9809895833333333 0.586574074074074 0.0171875 0.08425925925925926
0 0.6536458333333334 0.5791666666666667 0.022916666666666665 0.09166666666666666
0 0.5283854166666667 0.5740740740740741 0.027604166666666666 0.09444444444444444
