3 0.20390625 0.6564814814814814 0.1046875 0.14629629629629629
3 0.33697916666666666 0.7189814814814814 0.12395833333333334 0.22870370370370371
2 0.8026041666666667 0.5976851851851852 0.07708333333333334 0.06944444444444445
3 0.6044270833333333 0.6777777777777778 0.044270833333333336 0.12222222222222222
3 0.42291666666666666 0.6203703703703703 0.04791666666666667 0.11296296296296296
2 0.5010416666666667 0.575925925925926 0.04479166666666667 0.07777777777777778
2 0.509375 0.5648148148148148 0.030208333333333334 0.044444444444444446
0 0.5981770833333333 0.6240740740740741 0.0515625 0.17222222222222222
0 0.20963541666666666 0.6148148148148148 0.04635416666666667 0.1814814814814815
0 0.35104166666666664 0.6449074074074074 0.06458333333333334 0.2601851851851852
0 0.23958333333333334 0.6041666666666666 0.027083333333333334 0.1638888888888889
0 0.97421875 0.6037037037037037 0.0171875 0.09814814814814815
0 0.94453125 0.5925925925925926 0.019270833333333334 0.0962962962962963
0 0.42161458333333335 0.6046296296296296 0.04739583333333333 0.13703703703703704
0 0.99453125 0.6013888888888889 0.009895833333333333 0.08796296296296297
0 0.41328125 0.5930555555555556 0.0578125 0.12314814814814815
0 0.3338541666666667 0.6453703703703704 0.10625 0.2611111111111111
