2 0.20208333333333334 0.675 0.4041666666666667 0.32592592592592595
2 0.8005208333333333 0.5740740740740741 0.07916666666666666 0.07037037037037037
2 0.43776041666666665 0.538425925925926 0.03177083333333333 0.05092592592592592
3 0.6200520833333333 0.6180555555555556 0.03697916666666667 0.09166666666666666
3 0.5059895833333333 0.6018518518518519 0.0234375 0.05740740740740741
2 0.3765625 0.5712962962962963 0.059375 0.1111111111111111
2 0.48463541666666665 0.5449074074074074 0.034895833333333334 0.06759259259259259
2 0.5309895833333333 0.5458333333333333 0.033854166666666664 0.06018518518518518
2 0.028385416666666666 0.8912037037037037 0.05677083333333333 0.20462962962962963
2 0.5260416666666666 0.55 0.028125 0.07222222222222222
0 0.6197916666666666 0.5768518518518518 0.03854166666666667 0.11666666666666667
0 0.940625 0.5708333333333333 0.014583333333333334 0.08055555555555556
0 0.9692708333333333 0.5773148148148148 0.016666666666666666 0.08981481481481482
