2 0.8192708333333333 0.6023148148148149 0.071875 0.07685185185185185
3 0.21119791666666668 0.6486111111111111 0.10364583333333334 0.125
2 0.4427083333333333 0.575462962962963 0.036458333333333336 0.05648148148148148
3 0.4734375 0.6138888888888889 0.03229166666666667 0.09259259259259259
2 0.51640625 0.5726851851851852 0.0359375 0.06388888888888888
7 0.14713541666666666 0.5967592592592592 0.25677083333333334 0.19907407407407407
2 0.12942708333333333 0.5958333333333333 0.22552083333333334 0.20277777777777778
2 0.35703125 0.5555555555555556 0.030729166666666665 0.03518518518518519
2 0.32447916666666665 0.5537037037037037 0.03333333333333333 0.03518518518518519
2 0.3684895833333333 0.5564814814814815 0.028645833333333332 0.03518518518518519
3 0.5890625 0.6296296296296297 0.13333333333333333 0.2833333333333333
0 0.9919270833333333 0.6046296296296296 0.015104166666666667 0.09814814814814815
0 0.9705729166666667 0.6083333333333333 0.027604166666666666 0.11666666666666667
0 0.9768229166666667 0.6064814814814815 0.0203125 0.10555555555555556
0 0.6692708333333334 0.5898148148148148 0.014583333333333334 0.05
