2 0.09244791666666667 0.6194444444444445 0.18489583333333334 0.1925925925925926
2 0.4239583333333333 0.5861111111111111 0.14375 0.16296296296296298
2 0.86328125 0.5912037037037037 0.07239583333333334 0.09351851851851851
3 0.6510416666666666 0.6717592592592593 0.04895833333333333 0.13425925925925927
2 0.6075520833333333 0.5550925925925926 0.030729166666666665 0.049074074074074076
2 0.35208333333333336 0.5375 0.03229166666666667 0.03981481481481482
3 0.58359375 0.5851851851851851 0.025520833333333333 0.06481481481481481
5 0.5028645833333333 0.5231481481481481 0.0359375 0.10555555555555556
3 0.6518229166666667 0.6856481481481481 0.0421875 0.11018518518518519
0 0.6502604166666667 0.6259259259259259 0.05364583333333333 0.14074074074074075
