3 0.284375 0.7273148148148149 0.14791666666666667 0.26944444444444443
2 0.8033854166666666 0.5958333333333333 0.07760416666666667 0.06944444444444445
3 0.14583333333333334 0.6662037037037037 0.12083333333333333 0.16574074074074074
3 0.5893229166666667 0.6851851851851852 0.04739583333333333 0.14074074074074075
2 0.42109375 0.587037037037037 0.10572916666666667 0.13518518518518519
2 0.5114583333333333 0.5657407407407408 0.03125 0.04814814814814815
2 0.50234375 0.5662037037037037 0.04739583333333333 0.05462962962962963
2 0.35208333333333336 0.5541666666666667 0.035416666666666666 0.03796296296296296
1 0.5888020833333333 0.6902777777777778 0.044270833333333336 0.13240740740740742
0 0.29765625 0.6458333333333334 0.0640625 0.2712962962962963
0 0.18645833333333334 0.6037037037037037 0.030208333333333334 0.17037037037037037
0 0.15390625 0.6138888888888889 0.0453125 0.18518518518518517
0 0.5830729166666667 0.6300925925925925 0.0609375 0.1824074074074074
0 0.14453125 0.6222222222222222 0.06614583333333333 0.1962962962962963
0 0.9752604166666666 0.600925925925926 0.0171875 0.09259259259259259
0 0.39791666666666664 0.6060185185185185 0.04479166666666667 0.14722222222222223
0 0.9583333333333334 0.5949074074074074 0.014583333333333334 0.09907407407407408
0 0.9455729166666667 0.5925925925925926 0.0203125 0.1
