3 0.25078125 0.8166666666666667 0.2453125 0.3611111111111111
2 0.7822916666666667 0.6476851851851851 0.07708333333333334 0.0712962962962963
2 0.43125 0.6226851851851852 0.07708333333333334 0.11203703703703703
2 0.5065104166666666 0.6050925925925926 0.0296875 0.028703703703703703
2 0.5794270833333334 0.6425925925925926 0.0234375 0.05185185185185185
5 0.5065104166666666 0.575925925925926 0.0453125 0.08518518518518518
0 0.2747395833333333 0.7273148148148149 0.08385416666666666 0.4212962962962963
0 0.6346354166666667 0.6268518518518519 0.0140625 0.06111111111111111
0 0.8307291666666666 0.638425925925926 0.017708333333333333 0.07685185185185185
0 0.6330729166666667 0.6222222222222222 0.013020833333333334 0.05555555555555555
