3 0.36380208333333336 0.7125 0.11510416666666666 0.20833333333333334
2 0.8020833333333334 0.5972222222222222 0.078125 0.06851851851851852
3 0.234375 0.6587962962962963 0.09791666666666667 0.12685185185185185
3 0.6104166666666667 0.6680555555555555 0.04375 0.12314814814814815
1 0.23385416666666667 0.6560185185185186 0.096875 0.13055555555555556
2 0.5098958333333333 0.5652777777777778 0.030208333333333334 0.04351851851851852
2 0.6536458333333334 0.5875 0.034375 0.08611111111111111
0 0.23489583333333333 0.6143518518518518 0.05416666666666667 0.18055555555555555
0 0.6044270833333333 0.6222222222222222 0.0484375 0.15185185185185185
0 0.37994791666666666 0.6375 0.06614583333333333 0.2490740740740741
0 0.9734375 0.6032407407407407 0.016666666666666666 0.09907407407407408
0 0.26510416666666664 0.6 0.028125 0.15555555555555556
0 0.94453125 0.5930555555555556 0.019270833333333334 0.09537037037037037
0 0.43723958333333335 0.6037037037037037 0.03697916666666667 0.12962962962962962
