3 0.15755208333333334 0.8203703703703704 0.31302083333333336 0.34629629629629627
2 0.8619791666666666 0.5962962962962963 0.08020833333333334 0.10740740740740741
2 0.4479166666666667 0.5666666666666667 0.05520833333333333 0.07962962962962963
2 0.15182291666666667 0.6189814814814815 0.30364583333333334 0.27870370370370373
3 0.4049479166666667 0.600462962962963 0.0359375 0.08055555555555556
3 0.5161458333333333 0.6157407407407407 0.03854166666666667 0.09814814814814815
3 0.6315104166666666 0.6611111111111111 0.049479166666666664 0.12407407407407407
2 0.09348958333333333 0.6222222222222222 0.18697916666666667 0.2611111111111111
2 0.3541666666666667 0.5370370370370371 0.027083333333333334 0.03333333333333333
0 0.20364583333333333 0.7083333333333334 0.13125 0.4962962962962963
0 0.6283854166666667 0.6069444444444444 0.050520833333333334 0.1527777777777778
0 0.1796875 0.725925925925926 0.18645833333333334 0.5333333333333333
0 0.40546875 0.5837962962962963 0.03802083333333333 0.10833333333333334
0 0.6234375 0.575462962962963 0.040625 0.08796296296296297
0 0.51796875 0.5791666666666667 0.0390625 0.10277777777777777
