2 0.4265625 0.6319444444444444 0.12291666666666666 0.175
3 0.6854166666666667 0.6638888888888889 0.028125 0.08333333333333333
2 0.78203125 0.6125 0.08072916666666667 0.07314814814814814
3 0.5057291666666667 0.7097222222222223 0.06666666666666667 0.10648148148148148
3 0.5046875 0.6861111111111111 0.06979166666666667 0.14814814814814814
2 0.30364583333333334 0.5592592592592592 0.029166666666666667 0.03148148148148148
2 0.39479166666666665 0.5699074074074074 0.019791666666666666 0.032407407407407406
0 0.68125 0.6199074074074075 0.035416666666666666 0.14166666666666666
0 0.6197916666666666 0.586574074074074 0.013541666666666667 0.04722222222222222
0 0.8559895833333333 0.5981481481481481 0.016145833333333335 0.06851851851851852
0 0.5033854166666667 0.6231481481481481 0.050520833333333334 0.16111111111111112
