2 0.2513020833333333 0.6819444444444445 0.2796875 0.287962962962963
3 0.08776041666666666 0.8125 0.17552083333333332 0.2916666666666667
2 0.7828125 0.625 0.075 0.07222222222222222
3 0.6315104166666666 0.7037037037037037 0.06302083333333333 0.15925925925925927
2 0.42682291666666666 0.5819444444444445 0.034895833333333334 0.03611111111111111
2 0.4765625 0.5972222222222222 0.05520833333333333 0.08703703703703704
2 0.3971354166666667 0.5777777777777777 0.0296875 0.03518518518518519
3 0.5744791666666667 0.6041666666666666 0.01875 0.05277777777777778
0 0.05859375 0.6902777777777778 0.1171875 0.3768518518518518
0 0.628125 0.6435185185185185 0.053125 0.16111111111111112
0 0.5734375 0.5958333333333333 0.01875 0.058333333333333334
