3 0.22447916666666667 0.7662037037037037 0.19583333333333333 0.2824074074074074
2 0.7986979166666667 0.5828703703703704 0.07864583333333333 0.07685185185185185
2 0.49244791666666665 0.5583333333333333 0.05364583333333333 0.08148148148148149
3 0.5994791666666667 0.6162037037037037 0.030208333333333334 0.08055555555555556
2 0.4395833333333333 0.5513888888888889 0.042708333333333334 0.06759259259259259
3 0.39817708333333335 0.6143518518518518 0.04114583333333333 0.08796296296296297
2 0.315625 0.538425925925926 0.03125 0.032407407407407406
3 0.6536458333333334 0.5953703703703703 0.019791666666666666 0.04814814814814815
3 0.5416666666666666 0.5925925925925926 0.021875 0.06666666666666667
0 0.2390625 0.6513888888888889 0.090625 0.35462962962962963
0 0.28515625 0.6259259259259259 0.059895833333333336 0.30185185185185187
0 0.5981770833333333 0.5888888888888889 0.030729166666666665 0.11666666666666667
0 0.39739583333333334 0.5814814814814815 0.03854166666666667 0.12962962962962962
0 0.9802083333333333 0.5888888888888889 0.015625 0.08148148148148149
0 0.6536458333333334 0.5939814814814814 0.019791666666666666 0.049074074074074076
0 0.9453125 0.5833333333333334 0.015625 0.07962962962962963
0 0.29140625 0.6351851851851852 0.0453125 0.22777777777777777
