2 0.5151041666666667 0.5731481481481482 0.06458333333333334 0.09814814814814815
2 0.8416666666666667 0.5888888888888889 0.06875 0.08148148148148149
3 0.3111979166666667 0.7189814814814814 0.13489583333333333 0.2175925925925926
3 0.19635416666666666 0.6134259259259259 0.06458333333333334 0.11203703703703703
2 0.4005208333333333 0.5791666666666667 0.06354166666666666 0.09351851851851851
2 0.471875 0.5601851851851852 0.03333333333333333 0.05
3 0.7106770833333333 0.6027777777777777 0.021354166666666667 0.06111111111111111
0 0.32083333333333336 0.6412037037037037 0.08125 0.27870370370370373
0 0.71015625 0.5925925925925926 0.0203125 0.07037037037037037
0 0.3578125 0.5805555555555556 0.041666666666666664 0.15
0 0.359375 0.6199074074074075 0.04375 0.225
