2 0.28151041666666665 0.5921296296296297 0.16510416666666666 0.16944444444444445
2 0.13697916666666668 0.6893518518518519 0.27395833333333336 0.3527777777777778
2 0.7997395833333333 0.5745370370370371 0.07864583333333333 0.0712962962962963
2 0.4388020833333333 0.5388888888888889 0.034895833333333334 0.05185185185185185
3 0.596875 0.624537037037037 0.042708333333333334 0.11388888888888889
3 0.4822916666666667 0.6050925925925926 0.03125 0.07314814814814814
0 0.5994791666666667 0.5722222222222222 0.052083333333333336 0.13518518518518519
0 0.94140625 0.5726851851851852 0.0140625 0.0787037037037037
0 0.9708333333333333 0.575 0.01875 0.08333333333333333
0 0.546875 0.5444444444444444 0.01875 0.06481481481481481
