3 0.40703125 0.6125 0.04010416666666667 0.075
3 0.28984375 0.6685185185185185 0.08385416666666666 0.1537037037037037
2 0.78984375 0.6083333333333333 0.07760416666666667 0.07037037037037037
2 0.56640625 0.5861111111111111 0.04739583333333333 0.07037037037037037
3 0.46640625 0.6324074074074074 0.033854166666666664 0.08518518518518518
3 0.9307291666666667 0.7324074074074074 0.10729166666666666 0.19444444444444445
7 0.10130208333333333 0.6152777777777778 0.20260416666666667 0.2675925925925926
2 0.10130208333333333 0.6143518518518518 0.20260416666666667 0.2675925925925926
3 0.23020833333333332 0.625462962962963 0.05 0.09537037037037037
3 0.22760416666666666 0.6092592592592593 0.05416666666666667 0.12777777777777777
2 0.5200520833333333 0.5763888888888888 0.0296875 0.03981481481481482
3 0.9109375 0.7509259259259259 0.07083333333333333 0.15555555555555556
0 0.9268229166666667 0.675 0.1046875 0.2796296296296296
0 0.290625 0.6166666666666667 0.05520833333333333 0.19814814814814816
0 0.4661458333333333 0.5925925925925926 0.03125 0.1037037037037037
0 0.40729166666666666 0.5884259259259259 0.036458333333333336 0.10462962962962963
0 0.665625 0.5990740740740741 0.014583333333333334 0.05185185185185185
