2 0.365625 0.5856481481481481 0.10416666666666667 0.10648148148148148
3 0.15572916666666667 0.7388888888888889 0.209375 0.3351851851851852
2 0.8463541666666666 0.5879629629629629 0.07083333333333333 0.08333333333333333
2 0.5114583333333333 0.575462962962963 0.06875 0.10648148148148148
3 0.7130208333333333 0.6078703703703704 0.026041666666666668 0.0712962962962963
2 0.47369791666666666 0.5587962962962963 0.0328125 0.05462962962962963
2 0.5838541666666667 0.5648148148148148 0.029166666666666667 0.05185185185185185
0 0.18723958333333332 0.6606481481481481 0.07760416666666667 0.33796296296296297
0 0.23020833333333332 0.5884259259259259 0.05520833333333333 0.18425925925925926
0 0.23072916666666668 0.6277777777777778 0.05625 0.26666666666666666
0 0.7122395833333334 0.5976851851851852 0.0234375 0.058333333333333334
0 0.7125 0.6060185185185185 0.026041666666666668 0.06759259259259259
