2 0.3234375 0.5912037037037037 0.12083333333333333 0.125
2 0.8018229166666667 0.5893518518518519 0.07760416666666667 0.07314814814814814
3 0.05677083333333333 0.7319444444444444 0.11354166666666667 0.2064814814814815
3 0.5854166666666667 0.6361111111111111 0.035416666666666666 0.09444444444444444
2 0.41770833333333335 0.5944444444444444 0.115625 0.12962962962962962
5 0.5388020833333333 0.5370370370370371 0.07864583333333333 0.11481481481481481
3 0.5059895833333333 0.5962962962962963 0.0171875 0.05925925925925926
0 0.02890625 0.6601851851851852 0.0578125 0.3074074074074074
0 0.8661458333333333 0.5796296296296296 0.016666666666666666 0.07777777777777778
0 0.5799479166666667 0.5675925925925925 0.0203125 0.05740740740740741
0 0.6078125 0.5800925925925926 0.021875 0.0787037037037037
0 0.8921875 0.5819444444444445 0.013541666666666667 0.0712962962962963
0 0.5796875 0.5791666666666667 0.023958333333333335 0.075
0 0.5052083333333334 0.5935185185185186 0.017708333333333333 0.06296296296296296
