2 0.315625 0.5986111111111111 0.13125 0.13055555555555556
3 0.17447916666666666 0.7180555555555556 0.13333333333333333 0.18611111111111112
2 0.0578125 0.663425925925926 0.115625 0.22314814814814815
2 0.08177083333333333 0.600462962962963 0.159375 0.1287037037037037
3 0.4747395833333333 0.6300925925925925 0.03697916666666667 0.09351851851851851
2 0.5078125 0.5796296296296296 0.052083333333333336 0.09074074074074075
2 0.5455729166666666 0.5736111111111111 0.028645833333333332 0.03981481481481482
3 0.9169270833333333 0.7689814814814815 0.07135416666666666 0.17685185185185184
2 0.7463541666666667 0.5958333333333333 0.07083333333333333 0.06018518518518518
2 0.7567708333333333 0.5962962962962963 0.051041666666666666 0.06111111111111111
2 0.06354166666666666 0.6328703703703704 0.12708333333333333 0.17685185185185184
3 0.9203125 0.7412037037037037 0.08645833333333333 0.21388888888888888
2 0.7239583333333334 0.5953703703703703 0.03125 0.05
3 0.5927083333333333 0.6083333333333333 0.023958333333333335 0.06296296296296296
3 0.58828125 0.6078703703703704 0.033854166666666664 0.06018518518518518
2 0.5466145833333333 0.5675925925925925 0.03177083333333333 0.05185185185185185
0 0.9263020833333333 0.6800925925925926 0.10885416666666667 0.287962962962963
0 0.1796875 0.6398148148148148 0.057291666666666664 0.2351851851851852
0 0.8291666666666667 0.5935185185185186 0.017708333333333333 0.07037037037037037
0 0.4734375 0.5824074074074074 0.03854166666666667 0.09074074074074075
0 0.8833333333333333 0.6083333333333333 0.020833333333333332 0.07222222222222222
0 0.16901041666666666 0.6435185185185185 0.0796875 0.2388888888888889
0 0.5921875 0.5912037037037037 0.027083333333333334 0.07314814814814814
