3 0.34401041666666665 0.8310185185185185 0.17239583333333333 0.31574074074074077
3 0.13151041666666666 0.7606481481481482 0.18802083333333333 0.27314814814814814
2 0.42135416666666664 0.6240740740740741 0.042708333333333334 0.05555555555555555
2 0.78984375 0.6462962962962963 0.07760416666666667 0.07407407407407407
2 0.49140625 0.625462962962963 0.044270833333333336 0.06018518518518518
2 0.553125 0.6199074074074075 0.036458333333333336 0.04351851851851852
2 0.46015625 0.6180555555555556 0.0265625 0.03611111111111111
3 0.2375 0.6768518518518518 0.06145833333333333 0.12407407407407407
7 0.03046875 0.6907407407407408 0.0609375 0.2759259259259259
0 0.35390625 0.7245370370370371 0.10364583333333334 0.3527777777777778
0 0.14088541666666668 0.6842592592592592 0.06927083333333334 0.25555555555555554
0 0.6453125 0.6462962962962963 0.01875 0.08703703703703704
0 0.07864583333333333 0.6268518518518519 0.04791666666666667 0.13333333333333333
0 0.18645833333333334 0.662962962962963 0.058333333333333334 0.20555555555555555
