2 0.8177083333333334 0.6023148148148149 0.075 0.0787037037037037
2 0.5200520833333333 0.5722222222222222 0.04114583333333333 0.06296296296296296
3 0.2546875 0.6462962962962963 0.075 0.1111111111111111
2 0.16328125 0.5967592592592592 0.19635416666666666 0.1935185185185185
2 0.44557291666666665 0.5791666666666667 0.0390625 0.058333333333333334
3 0.48776041666666664 0.6208333333333333 0.03177083333333333 0.07314814814814814
2 0.32057291666666665 0.5555555555555556 0.044270833333333336 0.04259259259259259
7 0.6111979166666667 0.6194444444444445 0.1203125 0.24259259259259258
7 0.16822916666666668 0.5976851851851852 0.21145833333333333 0.1935185185185185
2 0.3572916666666667 0.5564814814814815 0.034375 0.03888888888888889
2 0.3640625 0.5555555555555556 0.042708333333333334 0.040740740740740744
0 0.99140625 0.6055555555555555 0.016145833333333335 0.1
0 0.2557291666666667 0.6055555555555555 0.05 0.14814814814814814
0 0.9760416666666667 0.6069444444444444 0.019791666666666666 0.10277777777777777
0 0.9690104166666667 0.6101851851851852 0.025520833333333333 0.1111111111111111
0 0.2596354166666667 0.5990740740740741 0.03802083333333333 0.13333333333333333
