2 0.12317708333333334 0.5953703703703703 0.22135416666666666 0.17962962962962964
2 0.2643229166666667 0.6032407407407407 0.21197916666666666 0.19722222222222222
3 0.38828125 0.6773148148148148 0.09635416666666667 0.175
2 0.6096354166666667 0.5643518518518519 0.043229166666666666 0.06574074074074074
2 0.4942708333333333 0.5546296296296296 0.03125 0.05185185185185185
2 0.8015625 0.5777777777777777 0.07604166666666666 0.07222222222222222
3 0.57109375 0.6189814814814815 0.04010416666666667 0.08055555555555556
2 0.49713541666666666 0.5625 0.03802083333333333 0.06759259259259259
3 0.51796875 0.575925925925926 0.027604166666666666 0.06111111111111111
0 0.5671875 0.5805555555555556 0.034375 0.1111111111111111
0 0.3828125 0.6069444444444444 0.07083333333333333 0.2175925925925926
0 0.66796875 0.575925925925926 0.019270833333333334 0.05740740740740741
0 0.8796875 0.5694444444444444 0.015625 0.07962962962962963
0 0.56953125 0.5986111111111111 0.03802083333333333 0.1175925925925926
