2 0.23802083333333332 0.6620370370370371 0.36875 0.30925925925925923
2 0.80078125 0.5736111111111111 0.07864583333333333 0.0712962962962963
3 0.6231770833333333 0.6157407407407407 0.033854166666666664 0.09259259259259259
2 0.43802083333333336 0.537962962962963 0.03229166666666667 0.05
3 0.5098958333333333 0.600925925925926 0.023958333333333335 0.05555555555555555
2 0.5315104166666667 0.5449074074074074 0.0328125 0.06388888888888888
2 0.48385416666666664 0.5439814814814815 0.040625 0.06944444444444445
3 0.63046875 0.6060185185185185 0.022395833333333334 0.08611111111111111
2 0.07447916666666667 0.7671296296296296 0.14791666666666667 0.4527777777777778
3 0.07447916666666667 0.7666666666666667 0.14895833333333333 0.45555555555555555
0 0.6315104166666666 0.5921296296296297 0.019270833333333334 0.08425925925925926
0 0.9401041666666666 0.5726851851851852 0.014583333333333334 0.07685185185185185
