2 0.1765625 0.6967592592592593 0.353125 0.3638888888888889
2 0.8 0.5740740740740741 0.07916666666666666 0.07037037037037037
2 0.328125 0.5837962962962963 0.12291666666666666 0.14166666666666666
2 0.43802083333333336 0.538425925925926 0.03333333333333333 0.05092592592592592
3 0.6091145833333333 0.6175925925925926 0.033854166666666664 0.1037037037037037
2 0.3497395833333333 0.5856481481481481 0.07864583333333333 0.1398148148148148
3 0.4953125 0.6037037037037037 0.026041666666666668 0.06666666666666667
3 0.49609375 0.5949074074074074 0.030729166666666665 0.0824074074074074
0 0.9411458333333333 0.5717592592592593 0.014583333333333334 0.0824074074074074
0 0.4953125 0.5833333333333334 0.030208333333333334 0.1037037037037037
0 0.9703125 0.575925925925926 0.017708333333333333 0.08333333333333333
0 0.5239583333333333 0.5555555555555556 0.022916666666666665 0.08148148148148149
0 0.6072916666666667 0.5972222222222222 0.03125 0.09074074074074075
