2 0.5661458333333333 0.5949074074074074 0.05520833333333333 0.08796296296296297
3 0.9479166666666666 0.7314814814814815 0.103125 0.1925925925925926
2 0.7888020833333333 0.6092592592592593 0.07864583333333333 0.07222222222222222
3 0.3221354166666667 0.6611111111111111 0.0734375 0.12777777777777777
3 0.21197916666666666 0.6347222222222222 0.07604166666666666 0.09907407407407408
2 0.515625 0.575 0.03125 0.046296296296296294
2 0.40703125 0.5671296296296297 0.030729166666666665 0.030555555555555555
0 0.9333333333333333 0.6675925925925926 0.08333333333333333 0.2537037037037037
0 0.325 0.611574074074074 0.053125 0.17685185185185184
0 0.21510416666666668 0.5962962962962963 0.028125 0.12777777777777777
0 0.68125 0.5939814814814814 0.019791666666666666 0.0787037037037037
0 0.9705729166666667 0.6810185185185185 0.0546875 0.21944444444444444
0 0.6838541666666667 0.6 0.01875 0.07407407407407407
