7 0.33697916666666666 0.6259259259259259 0.14479166666666668 0.1685185185185185
3 0.23671875 0.6481481481481481 0.05260416666666667 0.09074074074074075
3 0.5229166666666667 0.6694444444444444 0.04375 0.0962962962962963
2 0.47708333333333336 0.6138888888888889 0.041666666666666664 0.05555555555555555
3 0.6494791666666667 0.7092592592592593 0.03333333333333333 0.10740740740740741
2 0.7833333333333333 0.6638888888888889 0.07604166666666666 0.07777777777777778
2 0.56015625 0.6208333333333333 0.028645833333333332 0.03425925925925926
0 0.23177083333333334 0.624537037037037 0.03854166666666667 0.125
0 0.8268229166666666 0.6606481481481481 0.0234375 0.0787037037037037
0 0.6486979166666667 0.6625 0.04114583333333333 0.13240740740740742
