2 0.22864583333333333 0.6037037037037037 0.18125 0.15555555555555556
2 0.48515625 0.5828703703703704 0.0734375 0.10092592592592593
3 0.4109375 0.6407407407407407 0.04895833333333333 0.12222222222222222
3 0.91640625 0.7625 0.06822916666666666 0.1638888888888889
2 0.5453125 0.5745370370370371 0.03229166666666667 0.04537037037037037
2 0.3263020833333333 0.5583333333333333 0.0359375 0.03333333333333333
3 0.91953125 0.7384259259259259 0.08697916666666666 0.20277777777777778
3 0.58359375 0.6175925925925926 0.024479166666666666 0.06666666666666667
3 0.5794270833333334 0.6152777777777778 0.0328125 0.06759259259259259
2 0.7716145833333333 0.5990740740740741 0.0515625 0.06111111111111111
2 0.759375 0.5972222222222222 0.078125 0.06296296296296296
2 0.73671875 0.6 0.0328125 0.046296296296296294
2 0.3575520833333333 0.5625 0.027604166666666666 0.032407407407407406
0 0.9255208333333333 0.6837962962962963 0.10729166666666666 0.2898148148148148
0 0.40677083333333336 0.6175925925925926 0.042708333333333334 0.1425925925925926
0 0.8278645833333333 0.5939814814814814 0.016145833333333335 0.0712962962962963
0 0.8794270833333333 0.6037037037037037 0.0171875 0.06481481481481481
0 0.58125 0.5935185185185186 0.029166666666666667 0.08888888888888889
