3 0.3078125 0.8356481481481481 0.19375 0.3287037037037037
3 0.0953125 0.7736111111111111 0.190625 0.2898148148148148
2 0.4231770833333333 0.6240740740740741 0.04114583333333333 0.05555555555555555
2 0.790625 0.6449074074074074 0.078125 0.075
2 0.55390625 0.6180555555555556 0.0359375 0.04351851851851852
2 0.49140625 0.625462962962963 0.0421875 0.06018518518518518
2 0.46015625 0.6175925925925926 0.0265625 0.037037037037037035
3 0.22395833333333334 0.6865740740740741 0.059375 0.1175925925925926
3 0.3684895833333333 0.6532407407407408 0.027604166666666666 0.08796296296296297
0 0.31328125 0.7287037037037037 0.1234375 0.362962962962963
0 0.09375 0.6814814814814815 0.08020833333333334 0.26296296296296295
0 0.6458333333333334 0.649074074074074 0.01875 0.08703703703703704
0 0.5231770833333333 0.6504629629629629 0.0203125 0.06574074074074074
0 0.8401041666666667 0.6375 0.015625 0.06759259259259259
0 0.09661458333333334 0.6277777777777778 0.07239583333333334 0.14629629629629629
0 0.6080729166666666 0.6444444444444445 0.0140625 0.05
0 0.030729166666666665 0.6375 0.06041666666666667 0.14166666666666666
0 0.8565104166666667 0.6356481481481482 0.0140625 0.062037037037037036
