2 0.2989583333333333 0.6722222222222223 0.21875 0.2722222222222222
3 0.12317708333333334 0.799074074074074 0.2328125 0.34074074074074073
2 0.7815104166666667 0.6226851851851852 0.07552083333333333 0.07314814814814814
3 0.6388020833333333 0.6902777777777778 0.05677083333333333 0.16018518518518518
2 0.4778645833333333 0.5944444444444444 0.0546875 0.08888888888888889
2 0.42682291666666666 0.5777777777777777 0.03177083333333333 0.037037037037037035
2 0.5455729166666666 0.5861111111111111 0.0203125 0.03333333333333333
2 0.3997395833333333 0.5740740740740741 0.0265625 0.03518518518518519
3 0.6440104166666667 0.7069444444444445 0.04739583333333333 0.13240740740740742
0 0.14817708333333332 0.6796296296296296 0.09947916666666666 0.34629629629629627
0 0.6390625 0.6606481481481481 0.05520833333333333 0.15092592592592594
0 0.8421875 0.6097222222222223 0.016666666666666666 0.0712962962962963
