2 0.12291666666666666 0.638425925925926 0.24583333333333332 0.26944444444444443
2 0.8119791666666667 0.6069444444444444 0.07604166666666666 0.07685185185185185
2 0.30416666666666664 0.5935185185185186 0.13854166666666667 0.14444444444444443
3 0.39375 0.6259259259259259 0.042708333333333334 0.08888888888888889
2 0.4453125 0.5796296296296296 0.036458333333333336 0.05185185185185185
2 0.47317708333333336 0.5703703703703704 0.027604166666666666 0.04259259259259259
2 0.5114583333333333 0.575 0.03229166666666667 0.06111111111111111
0 0.9559895833333333 0.6106481481481482 0.018229166666666668 0.08981481481481482
0 0.98359375 0.6134259259259259 0.016145833333333335 0.08611111111111111
0 0.3927083333333333 0.6041666666666666 0.04375 0.12685185185185185
