2 0.09869791666666666 0.6337962962962963 0.19739583333333333 0.2712962962962963
2 0.8127604166666667 0.6069444444444444 0.07552083333333333 0.07685185185185185
3 0.37057291666666664 0.6282407407407408 0.044270833333333336 0.09537037037037037
2 0.2703125 0.5962962962962963 0.16458333333333333 0.15555555555555556
2 0.44505208333333335 0.5819444444444445 0.0390625 0.05462962962962963
3 0.5236979166666667 0.6069444444444444 0.0234375 0.0712962962962963
2 0.47317708333333336 0.5722222222222222 0.027604166666666666 0.04259259259259259
3 0.62421875 0.6597222222222222 0.0390625 0.10648148148148148
0 0.9565104166666667 0.6106481481481482 0.018229166666666668 0.08796296296296297
0 0.37005208333333334 0.6078703703703704 0.043229166666666666 0.12129629629629629
0 0.98359375 0.6157407407407407 0.013020833333333334 0.08148148148148149
