2 0.1484375 0.6185185185185185 0.2947916666666667 0.21851851851851853
2 0.7984375 0.5773148148148148 0.07708333333333334 0.07314814814814814
3 0.6221354166666667 0.5837962962962963 0.021354166666666667 0.0712962962962963
3 0.44296875 0.6189814814814815 0.0421875 0.09537037037037037
3 0.5541666666666667 0.6532407407407408 0.057291666666666664 0.125
2 0.3502604166666667 0.5365740740740741 0.034895833333333334 0.032407407407407406
2 0.35625 0.5370370370370371 0.03229166666666667 0.03333333333333333
0 0.5471354166666667 0.5990740740740741 0.04635416666666667 0.18333333333333332
0 0.43984375 0.5810185185185185 0.03802083333333333 0.1287037037037037
0 0.9442708333333333 0.5787037037037037 0.015625 0.08333333333333333
0 0.5020833333333333 0.562037037037037 0.021875 0.0962962962962963
0 0.62265625 0.575 0.024479166666666666 0.08148148148148149
