2 0.8583333333333333 0.5981481481481481 0.08645833333333333 0.11296296296296296
2 0.09192708333333334 0.6324074074074074 0.18385416666666668 0.3111111111111111
2 0.42265625 0.5726851851851852 0.06927083333333334 0.08796296296296297
3 0.35989583333333336 0.6060185185185185 0.04583333333333333 0.09351851851851851
3 0.46796875 0.6259259259259259 0.049479166666666664 0.11481481481481481
3 0.57265625 0.6875 0.06822916666666666 0.1675925925925926
2 0.6346354166666667 0.5578703703703703 0.0390625 0.05277777777777778
3 0.5114583333333333 0.6050925925925926 0.029166666666666667 0.075
0 0.5713541666666667 0.6208333333333333 0.06666666666666667 0.2101851851851852
0 0.46875 0.5847222222222223 0.05 0.14907407407407408
0 0.36744791666666665 0.5842592592592593 0.0328125 0.11296296296296296
0 0.36041666666666666 0.5856481481481481 0.042708333333333334 0.1175925925925926
