3 0.63046875 0.6453703703703704 0.0359375 0.10925925925925926
3 0.3255208333333333 0.6398148148148148 0.07291666666666667 0.11481481481481481
2 0.8005208333333333 0.5912037037037037 0.078125 0.07314814814814814
3 0.44088541666666664 0.6800925925925926 0.08697916666666666 0.1824074074074074
3 0.0234375 0.6425925925925926 0.046875 0.12037037037037036
2 0.4127604166666667 0.5652777777777778 0.050520833333333334 0.08796296296296297
0 0.33541666666666664 0.6 0.04791666666666667 0.15555555555555556
0 0.94453125 0.5898148148148148 0.021354166666666667 0.09259259259259259
0 0.9697916666666667 0.5995370370370371 0.015625 0.09537037037037037
0 0.6299479166666667 0.6060185185185185 0.04010416666666667 0.1287037037037037
0 0.4393229166666667 0.6111111111111112 0.0765625 0.17777777777777778
0 0.007552083333333333 0.5912037037037037 0.015104166666666667 0.12129629629629629
