3 0.46640625 0.7837962962962963 0.10885416666666667 0.23981481481481481
3 0.2859375 0.7361111111111112 0.11666666666666667 0.18703703703703703
2 0.7877604166666666 0.6486111111111111 0.07552083333333333 0.07314814814814814
7 0.12265625 0.6657407407407407 0.2453125 0.2611111111111111
3 0.38619791666666664 0.662962962962963 0.024479166666666666 0.05925925925925926
2 0.55234375 0.6208333333333333 0.03802083333333333 0.03981481481481482
3 0.3885416666666667 0.6523148148148148 0.029166666666666667 0.07685185185185185
2 0.32135416666666666 0.6328703703703704 0.05416666666666667 0.09351851851851851
2 0.42083333333333334 0.6157407407407407 0.034375 0.053703703703703705
3 0.5302083333333333 0.6467592592592593 0.019791666666666666 0.06018518518518518
0 0.28098958333333335 0.6671296296296296 0.0609375 0.225
0 0.64453125 0.6444444444444445 0.018229166666666668 0.08148148148148149
0 0.46796875 0.6916666666666667 0.09635416666666667 0.25555555555555554
0 0.27005208333333336 0.6703703703703704 0.08489583333333334 0.22962962962962963
