2 0.2903645833333333 0.5902777777777778 0.1328125 0.13425925925925927
3 0.5606770833333333 0.6416666666666667 0.0421875 0.09814814814814815
2 0.80234375 0.5875 0.07864583333333333 0.0712962962962963
2 0.39401041666666664 0.5967592592592592 0.13489583333333333 0.15092592592592594
3 0.60390625 0.600925925925926 0.028645833333333332 0.05925925925925926
5 0.5388020833333333 0.5375 0.07864583333333333 0.11388888888888889
3 0.4934895833333333 0.5962962962962963 0.0171875 0.05925925925925926
0 0.8934895833333333 0.5805555555555556 0.013020833333333334 0.07222222222222222
0 0.5591145833333333 0.6055555555555555 0.04114583333333333 0.1425925925925926
0 0.49322916666666666 0.5935185185185186 0.022916666666666665 0.06481481481481481
