3 0.4510416666666667 0.7962962962962963 0.13333333333333333 0.26481481481481484
2 0.7822916666666667 0.6425925925925926 0.078125 0.07037037037037037
2 0.01640625 0.7810185185185186 0.0328125 0.27685185185185185
3 0.6736979166666667 0.6472222222222223 0.0234375 0.06111111111111111
2 0.51875 0.6032407407407407 0.03229166666666667 0.030555555555555555
7 0.016145833333333335 0.7814814814814814 0.03229166666666667 0.2814814814814815
2 0.30390625 0.5800925925925926 0.025520833333333333 0.030555555555555555
2 0.5231770833333333 0.6046296296296296 0.0328125 0.03148148148148148
0 0.45703125 0.7013888888888888 0.07552083333333333 0.2953703703703704
0 0.63203125 0.6199074074074075 0.013020833333333334 0.049074074074074076
0 0.6721354166666667 0.6337962962962963 0.0234375 0.08055555555555556
0 0.8291666666666667 0.6324074074074074 0.013541666666666667 0.06666666666666667
