2 0.4166666666666667 0.6347222222222222 0.06041666666666667 0.08425925925925926
3 0.2421875 0.7152777777777778 0.09479166666666666 0.16203703703703703
2 0.7986979166666667 0.6467592592592593 0.0765625 0.07314814814814814
2 0.4875 0.6342592592592593 0.057291666666666664 0.08888888888888889
3 0.5638020833333334 0.7342592592592593 0.05260416666666667 0.1259259259259259
2 0.45677083333333335 0.6222222222222222 0.029166666666666667 0.04259259259259259
2 0.36640625 0.6125 0.025520833333333333 0.03425925925925926
2 0.35494791666666664 0.6129629629629629 0.04114583333333333 0.03518518518518519
0 0.55703125 0.6833333333333333 0.050520833333333334 0.17037037037037037
0 0.23385416666666667 0.6861111111111111 0.06145833333333333 0.15
0 0.86015625 0.6412037037037037 0.016145833333333335 0.075
0 0.8661458333333333 0.638425925925926 0.013541666666666667 0.075
0 0.8458333333333333 0.6402777777777777 0.0125 0.06018518518518518
