2 0.353125 0.5925925925925926 0.10104166666666667 0.11296296296296296
3 0.21145833333333333 0.7032407407407407 0.13645833333333332 0.2064814814814815
2 0.4432291666666667 0.5958333333333333 0.1 0.12314814814814815
3 0.031510416666666666 0.8685185185185185 0.06302083333333333 0.2611111111111111
3 0.6078125 0.6351851851851852 0.029166666666666667 0.08148148148148149
2 0.8026041666666667 0.5958333333333333 0.078125 0.06944444444444445
2 0.5815104166666667 0.5726851851851852 0.033854166666666664 0.05648148148148148
5 0.5375 0.5351851851851852 0.078125 0.0962962962962963
2 0.3111979166666667 0.5555555555555556 0.027604166666666666 0.03333333333333333
0 0.21979166666666666 0.6407407407407407 0.052083333333333336 0.22777777777777777
0 0.5192708333333333 0.5921296296296297 0.017708333333333333 0.06574074074074074
0 0.6046875 0.5949074074074074 0.030208333333333334 0.11574074074074074
0 0.8658854166666666 0.587037037037037 0.015104166666666667 0.07407407407407407
0 0.8901041666666667 0.5893518518518519 0.015625 0.06944444444444445
0 0.8809895833333333 0.5898148148148148 0.013020833333333334 0.06481481481481481
0 0.60546875 0.5768518518518518 0.028645833333333332 0.07222222222222222
0 0.21223958333333334 0.6546296296296297 0.07135416666666666 0.20925925925925926
