2 0.8622395833333333 0.5944444444444444 0.07864583333333333 0.1
3 0.2752604166666667 0.8212962962962963 0.22760416666666666 0.35
3 0.64609375 0.65 0.049479166666666664 0.12222222222222222
2 0.16666666666666666 0.6199074074074075 0.28229166666666666 0.2638888888888889
3 0.5294270833333333 0.6148148148148148 0.03697916666666667 0.08703703703703704
2 0.45286458333333335 0.5648148148148148 0.050520833333333334 0.07592592592592592
3 0.41796875 0.5990740740740741 0.034895833333333334 0.07777777777777778
1 0.0171875 0.6578703703703703 0.034375 0.11944444444444445
2 0.3502604166666667 0.5398148148148149 0.0328125 0.03518518518518519
2 0.3885416666666667 0.5375 0.026041666666666668 0.03981481481481482
0 0.31223958333333335 0.6944444444444444 0.10989583333333333 0.4388888888888889
0 0.6432291666666666 0.6 0.04583333333333333 0.14444444444444443
0 0.5263020833333333 0.5833333333333334 0.034895833333333334 0.11296296296296296
0 0.5528645833333333 0.5726851851851852 0.015104166666666667 0.05648148148148148
