2 0.1765625 0.612037037037037 0.26875 0.20925925925925926
2 0.79921875 0.5763888888888888 0.07864583333333333 0.07314814814814814
3 0.44895833333333335 0.6125 0.040625 0.09722222222222222
3 0.62421875 0.586574074074074 0.022395833333333334 0.06018518518518518
3 0.5643229166666667 0.6458333333333334 0.0546875 0.12685185185185185
2 0.03307291666666667 0.7458333333333333 0.06614583333333333 0.32314814814814813
2 0.3494791666666667 0.5333333333333333 0.03125 0.03518518518518519
2 0.4817708333333333 0.5592592592592592 0.030208333333333334 0.044444444444444446
2 0.3143229166666667 0.5337962962962963 0.03802083333333333 0.03425925925925926
2 0.4348958333333333 0.5333333333333333 0.026041666666666668 0.03888888888888889
2 0.4903645833333333 0.5462962962962963 0.044270833333333336 0.07037037037037037
3 0.62421875 0.5773148148148148 0.024479166666666666 0.07685185185185185
0 0.5645833333333333 0.5884259259259259 0.05416666666666667 0.16018518518518518
0 0.4513020833333333 0.5777777777777777 0.0390625 0.11851851851851852
0 0.94296875 0.575925925925926 0.015104166666666667 0.07962962962962963
0 0.9731770833333333 0.5722222222222222 0.021354166666666667 0.07407407407407407
0 0.50078125 0.5643518518518519 0.027604166666666666 0.09537037037037037
0 0.5028645833333333 0.5768518518518518 0.018229166666666668 0.07777777777777778
0 0.6234375 0.5717592592592593 0.023958333333333335 0.075
