2 0.20729166666666668 0.6898148148148148 0.33229166666666665 0.3037037037037037
2 0.7817708333333333 0.6268518518518519 0.07604166666666666 0.07222222222222222
3 0.042708333333333334 0.8476851851851852 0.08541666666666667 0.2675925925925926
3 0.625 0.7185185185185186 0.057291666666666664 0.14814814814814814
2 0.4236979166666667 0.5824074074074074 0.028645833333333332 0.037037037037037035
2 0.396875 0.5810185185185185 0.028125 0.032407407407407406
2 0.4747395833333333 0.5972222222222222 0.05677083333333333 0.08888888888888889
7 0.4752604166666667 0.5972222222222222 0.05677083333333333 0.09444444444444444
0 0.6197916666666666 0.6472222222222223 0.06145833333333333 0.18888888888888888
0 0.009375 0.674537037037037 0.01875 0.19722222222222222
0 0.8424479166666666 0.6125 0.0140625 0.06944444444444445
0 0.010416666666666666 0.7083333333333334 0.020833333333333332 0.27037037037037037
