3 0.18203125 0.6736111111111112 0.10885416666666667 0.14907407407407408
3 0.4 0.7875 0.13333333333333333 0.287962962962963
2 0.3026041666666667 0.6078703703703704 0.18125 0.18796296296296297
2 0.8067708333333333 0.6032407407407407 0.07916666666666666 0.07314814814814814
2 0.51015625 0.5712962962962963 0.034895833333333334 0.05740740740740741
3 0.46171875 0.6087962962962963 0.0265625 0.0712962962962963
2 0.478125 0.5634259259259259 0.027083333333333334 0.04351851851851852
3 0.453125 0.6055555555555555 0.04479166666666667 0.08148148148148149
0 0.39348958333333334 0.6694444444444444 0.09739583333333333 0.3148148148148148
0 0.18411458333333333 0.625 0.05364583333333333 0.18703703703703703
0 0.9786458333333333 0.6078703703703704 0.01875 0.08981481481481482
