3 0.22395833333333334 0.6958333333333333 0.06041666666666667 0.10277777777777777
2 0.79453125 0.6467592592592593 0.0765625 0.07314814814814814
3 0.11354166666666667 0.7032407407407407 0.071875 0.09907407407407408
2 0.4283854166666667 0.6305555555555555 0.0453125 0.06666666666666667
2 0.5028645833333333 0.6314814814814815 0.04635416666666667 0.07037037037037037
3 0.4747395833333333 0.675 0.0328125 0.08148148148148149
3 0.6359375 0.6875 0.022916666666666665 0.06944444444444445
2 0.55546875 0.624537037037037 0.030729166666666665 0.041666666666666664
2 0.309375 0.6162037037037037 0.0375 0.03981481481481482
2 0.34375 0.6189814814814815 0.030208333333333334 0.028703703703703703
3 0.5955729166666667 0.6638888888888889 0.019270833333333334 0.06296296296296296
0 0.11484375 0.6643518518518519 0.04739583333333333 0.1361111111111111
0 0.63359375 0.6597222222222222 0.0296875 0.11018518518518519
0 0.22994791666666667 0.6601851851851852 0.033854166666666664 0.13333333333333333
0 0.8518229166666667 0.6375 0.016145833333333335 0.0712962962962963
0 0.225 0.6638888888888889 0.04895833333333333 0.1425925925925926
0 0.59453125 0.6537037037037037 0.0234375 0.07777777777777778
0 0.23489583333333333 0.6643518518518519 0.04583333333333333 0.13796296296296295
0 0.4739583333333333 0.6666666666666666 0.0375 0.09074074074074075
0 0.8690104166666667 0.6324074074074074 0.011979166666666667 0.06296296296296296
