2 0.796875 0.6574074074074074 0.07916666666666666 0.07592592592592592
2 0.4981770833333333 0.6462962962962963 0.0546875 0.08333333333333333
3 0.38046875 0.7069444444444445 0.0546875 0.10462962962962963
2 0.42682291666666666 0.6444444444444445 0.04739583333333333 0.07592592592592592
3 0.5627604166666667 0.6902777777777778 0.024479166666666666 0.07685185185185185
3 0.6111979166666667 0.7175925925925926 0.0328125 0.1037037037037037
2 0.46067708333333335 0.6314814814814815 0.0265625 0.046296296296296294
2 0.34427083333333336 0.624537037037037 0.03125 0.03425925925925926
2 0.3151041666666667 0.6231481481481481 0.028125 0.02962962962962963
2 0.3104166666666667 0.6217592592592592 0.034375 0.030555555555555555
0 0.6065104166666667 0.6671296296296296 0.03697916666666667 0.11388888888888889
0 0.8572916666666667 0.6504629629629629 0.017708333333333333 0.07685185185185185
0 0.56328125 0.6657407407407407 0.0265625 0.10740740740740741
0 0.56171875 0.6314814814814815 0.022395833333333334 0.046296296296296294
