2 0.12890625 0.6291666666666667 0.2578125 0.23796296296296296
2 0.7989583333333333 0.5805555555555556 0.07708333333333334 0.07222222222222222
3 0.5244791666666667 0.6601851851851852 0.06770833333333333 0.14814814814814814
3 0.42083333333333334 0.6199074074074075 0.046875 0.11203703703703703
3 0.6213541666666667 0.5828703703703704 0.025 0.0824074074074074
3 0.5739583333333333 0.5699074074074074 0.022916666666666665 0.06574074074074074
2 0.3541666666666667 0.5365740740740741 0.036458333333333336 0.03611111111111111
2 0.31484375 0.5333333333333333 0.03177083333333333 0.03148148148148148
0 0.5265625 0.6018518518518519 0.0625 0.19814814814814816
0 0.9450520833333333 0.5814814814814815 0.016145833333333335 0.08518518518518518
0 0.42083333333333334 0.5814814814814815 0.046875 0.13148148148148148
0 0.44765625 0.562037037037037 0.021354166666666667 0.07777777777777778
0 0.9739583333333334 0.587037037037037 0.020833333333333332 0.1
0 0.49192708333333335 0.5708333333333333 0.04010416666666667 0.10648148148148148
0 0.6205729166666667 0.5745370370370371 0.0265625 0.09351851851851851
