2 0.7971354166666667 0.6564814814814814 0.08072916666666667 0.07592592592592592
2 0.4986979166666667 0.6449074074074074 0.05364583333333333 0.08055555555555556
3 0.39921875 0.6995370370370371 0.05260416666666667 0.11018518518518519
2 0.42578125 0.6439814814814815 0.05260416666666667 0.075
3 0.034895833333333334 0.7375 0.06979166666666667 0.1175925925925926
2 0.46015625 0.6328703703703704 0.025520833333333333 0.03981481481481482
3 0.61640625 0.7101851851851851 0.0296875 0.1
3 0.5697916666666667 0.6898148148148148 0.022916666666666665 0.07037037037037037
2 0.34453125 0.625 0.033854166666666664 0.03518518518518519
2 0.3140625 0.6217592592592592 0.030208333333333334 0.032407407407407406
0 0.024479166666666666 0.6824074074074075 0.04895833333333333 0.18333333333333332
0 0.6130208333333333 0.674537037037037 0.035416666666666666 0.11388888888888889
0 0.8559895833333333 0.6486111111111111 0.016145833333333335 0.075
0 0.6151041666666667 0.6912037037037037 0.036458333333333336 0.13240740740740742
