2 0.8140625 0.6050925925925926 0.07395833333333333 0.0787037037037037
2 0.24114583333333334 0.5976851851851852 0.171875 0.16574074074074074
2 0.06953125 0.6296296296296297 0.1390625 0.2777777777777778
3 0.33932291666666664 0.6324074074074074 0.06197916666666667 0.1
2 0.44557291666666665 0.5810185185185185 0.03802083333333333 0.05462962962962963
3 0.5138020833333333 0.6143518518518518 0.028645833333333332 0.0712962962962963
2 0.47291666666666665 0.5703703703703704 0.026041666666666668 0.04259259259259259
2 0.4388020833333333 0.5847222222222223 0.0515625 0.062037037037037036
3 0.51796875 0.6087962962962963 0.0328125 0.08055555555555556
0 0.34375 0.6037037037037037 0.04791666666666667 0.1259259259259259
0 0.33958333333333335 0.6138888888888889 0.06041666666666667 0.13148148148148148
0 0.5135416666666667 0.5851851851851851 0.028125 0.07962962962962963
0 0.9825520833333333 0.6134259259259259 0.015104166666666667 0.09166666666666666
