3 0.49557291666666664 0.7722222222222223 0.09322916666666667 0.2222222222222222
2 0.7877604166666666 0.649537037037037 0.07760416666666667 0.07314814814814814
7 0.14322916666666666 0.6643518518518519 0.26145833333333335 0.24722222222222223
3 0.3171875 0.7194444444444444 0.109375 0.18333333333333332
2 0.4205729166666667 0.6203703703703703 0.0359375 0.05925925925925926
3 0.3932291666666667 0.6481481481481481 0.030208333333333334 0.08148148148148149
2 0.5536458333333333 0.6194444444444445 0.0375 0.040740740740740744
0 0.31979166666666664 0.6643518518518519 0.051041666666666666 0.20462962962962963
0 0.4979166666666667 0.6865740740740741 0.084375 0.23981481481481481
0 0.64453125 0.6444444444444445 0.018229166666666668 0.08148148148148149
0 0.48541666666666666 0.6226851851851852 0.06145833333333333 0.11203703703703703
