3 0.3268229166666667 0.6574074074074074 0.0703125 0.14444444444444443
2 0.7893229166666667 0.6060185185185185 0.07447916666666667 0.07314814814814814
2 0.12239583333333333 0.6097222222222223 0.24479166666666666 0.25462962962962965
2 0.5666666666666667 0.5847222222222223 0.04583333333333333 0.06944444444444445
3 0.48046875 0.6259259259259259 0.03177083333333333 0.08518518518518518
3 0.26536458333333335 0.6185185185185185 0.04739583333333333 0.09074074074074075
3 0.42630208333333336 0.6083333333333333 0.0359375 0.07592592592592592
3 0.92265625 0.7398148148148148 0.09739583333333333 0.17777777777777778
3 0.02109375 0.7722222222222223 0.0421875 0.2574074074074074
2 0.5221354166666666 0.5662037037037037 0.0265625 0.05648148148148148
0 0.33098958333333334 0.6083333333333333 0.04114583333333333 0.17222222222222222
0 0.9200520833333333 0.6699074074074074 0.09322916666666667 0.2657407407407407
0 0.4786458333333333 0.5921296296296297 0.029166666666666667 0.10277777777777777
0 0.42578125 0.5912037037037037 0.03177083333333333 0.09722222222222222
0 0.8432291666666667 0.6111111111111112 0.016666666666666666 0.05925925925925926
0 0.6630208333333333 0.5990740740740741 0.015625 0.05
