3 0.10364583333333334 0.7171296296296297 0.20729166666666668 0.3175925925925926
2 0.59921875 0.5745370370370371 0.06614583333333333 0.09166666666666666
2 0.80234375 0.575 0.07760416666666667 0.07037037037037037
2 0.34427083333333336 0.5740740740740741 0.08958333333333333 0.10185185185185185
3 0.25442708333333336 0.6106481481481482 0.0609375 0.09537037037037037
2 0.496875 0.5550925925925926 0.04479166666666667 0.0712962962962963
3 0.4075520833333333 0.6300925925925925 0.07447916666666667 0.14166666666666666
3 0.64765625 0.6217592592592592 0.025520833333333333 0.0787037037037037
3 0.40338541666666666 0.649074074074074 0.0609375 0.1037037037037037
3 0.47239583333333335 0.5800925925925926 0.028125 0.07685185185185185
0 0.11614583333333334 0.6231481481481481 0.0875 0.3074074074074074
0 0.25703125 0.575 0.0421875 0.13518518518518519
0 0.6473958333333333 0.6092592592592593 0.03125 0.09814814814814815
0 0.40572916666666664 0.6 0.03854166666666667 0.16111111111111112
0 0.8927083333333333 0.5671296296296297 0.016666666666666666 0.0824074074074074
0 0.39765625 0.6041666666666666 0.04739583333333333 0.17314814814814813
0 0.69140625 0.5847222222222223 0.0234375 0.06759259259259259
0 0.042708333333333334 0.6032407407407407 0.071875 0.19166666666666668
0 0.41744791666666664 0.5916666666666667 0.04010416666666667 0.14444444444444443
0 0.8841145833333334 0.5685185185185185 0.016145833333333335 0.07962962962962963
