2 0.78671875 0.649537037037037 0.0765625 0.075
3 0.37864583333333335 0.712037037037037 0.08125 0.14814814814814814
7 0.18854166666666666 0.6546296296296297 0.23541666666666666 0.23148148148148148
3 0.540625 0.7578703703703704 0.075 0.18055555555555555
2 0.48385416666666664 0.6208333333333333 0.04479166666666667 0.06018518518518518
2 0.41953125 0.6111111111111112 0.0328125 0.06296296296296296
2 0.45755208333333336 0.6087962962962963 0.0265625 0.04351851851851852
0 0.5361979166666667 0.6773148148148148 0.08385416666666666 0.20462962962962963
0 0.6450520833333333 0.6430555555555556 0.018229166666666668 0.0787037037037037
0 0.3763020833333333 0.6504629629629629 0.0578125 0.17314814814814813
0 0.3059895833333333 0.6652777777777777 0.0265625 0.09722222222222222
0 0.609375 0.6393518518518518 0.016666666666666666 0.05462962962962963
0 0.32864583333333336 0.6541666666666667 0.028125 0.11203703703703703
