2 0.82421875 0.600462962962963 0.0703125 0.0787037037037037
3 0.5598958333333334 0.6444444444444445 0.036458333333333336 0.10555555555555556
7 0.04401041666666667 0.6287037037037037 0.08802083333333334 0.18333333333333332
7 0.334375 0.7018518518518518 0.35208333333333336 0.5574074074074075
2 0.5229166666666667 0.5685185185185185 0.03854166666666667 0.07222222222222222
3 0.3346354166666667 0.7041666666666667 0.3546875 0.5546296296296296
3 0.6890625 0.5953703703703703 0.016666666666666666 0.05
2 0.47265625 0.5625 0.03802083333333333 0.05648148148148148
2 0.4328125 0.5657407407407408 0.04375 0.04814814814814815
0 0.5583333333333333 0.600462962962963 0.04375 0.14166666666666666
0 0.6888020833333334 0.5944444444444444 0.018229166666666668 0.05185185185185185
