3 0.09322916666666667 0.8212962962962963 0.18645833333333334 0.28888888888888886
2 0.3658854166666667 0.5912037037037037 0.09635416666666667 0.11018518518518519
3 0.2669270833333333 0.6935185185185185 0.11302083333333333 0.18518518518518517
2 0.44973958333333336 0.5962962962962963 0.0984375 0.12037037037037036
2 0.8015625 0.5972222222222222 0.078125 0.06851851851851852
3 0.6135416666666667 0.6314814814814815 0.03125 0.08518518518518518
2 0.31640625 0.5560185185185185 0.03177083333333333 0.028703703703703703
2 0.5825520833333333 0.575 0.0328125 0.053703703703703705
5 0.5372395833333333 0.5402777777777777 0.07864583333333333 0.10833333333333334
0 0.050520833333333334 0.7240740740740741 0.10104166666666667 0.4222222222222222
0 0.5231770833333333 0.5930555555555556 0.0171875 0.06944444444444445
0 0.265625 0.6550925925925926 0.06354166666666666 0.18611111111111112
0 0.6135416666666667 0.5898148148148148 0.026041666666666668 0.10740740740740741
0 0.8653645833333333 0.5925925925925926 0.015104166666666667 0.06851851851851852
0 0.8817708333333333 0.5907407407407408 0.013541666666666667 0.06296296296296296
0 0.609375 0.5851851851851851 0.029166666666666667 0.1037037037037037
0 0.8908854166666667 0.5902777777777778 0.011979166666666667 0.06574074074074074
