2 0.6080729166666666 0.5657407407407408 0.05260416666666667 0.07407407407407407
2 0.8013020833333333 0.5763888888888888 0.07864583333333333 0.0712962962962963
2 0.15338541666666666 0.6050925925925926 0.20677083333333332 0.22870370370370371
3 0.07734375 0.7476851851851852 0.1546875 0.23981481481481481
3 0.4869791666666667 0.6407407407407407 0.059375 0.12962962962962962
3 0.2734375 0.5990740740740741 0.04583333333333333 0.08518518518518518
2 0.40859375 0.5643518518518519 0.05677083333333333 0.0824074074074074
3 0.3489583333333333 0.6069444444444444 0.046875 0.09166666666666666
3 0.5307291666666667 0.6101851851851852 0.026041666666666668 0.06296296296296296
0 0.04114583333333333 0.6523148148148148 0.08229166666666667 0.3731481481481482
0 0.27265625 0.5787037037037037 0.043229166666666666 0.11481481481481481
0 0.48828125 0.586574074074074 0.0421875 0.15092592592592594
0 0.48463541666666665 0.5939814814814814 0.0546875 0.16574074074074074
0 0.6690104166666667 0.5800925925925926 0.0171875 0.0712962962962963
0 0.8940104166666667 0.5689814814814815 0.0171875 0.07685185185185185
0 0.52890625 0.5810185185185185 0.0296875 0.11203703703703703
0 0.8791666666666667 0.5680555555555555 0.013541666666666667 0.075
0 0.68515625 0.5740740740740741 0.015104166666666667 0.05925925925925926
