3 0.39010416666666664 0.6134259259259259 0.041666666666666664 0.08055555555555556
3 0.2552083333333333 0.6773148148148148 0.09583333333333334 0.1675925925925926
2 0.790625 0.6078703703703704 0.07708333333333334 0.0712962962962963
2 0.5669270833333333 0.587037037037037 0.04739583333333333 0.07222222222222222
3 0.4552083333333333 0.6351851851851852 0.035416666666666666 0.08703703703703704
3 0.9317708333333333 0.7375 0.109375 0.18425925925925926
2 0.0796875 0.6171296296296296 0.159375 0.287962962962963
7 0.07890625 0.6180555555555556 0.1578125 0.2861111111111111
3 0.9171875 0.75 0.08333333333333333 0.1574074074074074
2 0.5190104166666667 0.5768518518518518 0.03177083333333333 0.037037037037037035
0 0.253125 0.6175925925925926 0.052083333333333336 0.1925925925925926
0 0.9291666666666667 0.6717592592592593 0.10416666666666667 0.275
0 0.38776041666666666 0.5925925925925926 0.034895833333333334 0.09814814814814815
0 0.45364583333333336 0.6050925925925926 0.034375 0.1287037037037037
