2 0.7828125 0.662962962962963 0.078125 0.07962962962962963
3 0.6544270833333333 0.7032407407407407 0.034895833333333334 0.11018518518518519
2 0.4765625 0.6138888888888889 0.03958333333333333 0.05555555555555555
7 0.35078125 0.6282407407407408 0.14739583333333334 0.16018518518518518
3 0.528125 0.6694444444444444 0.03958333333333333 0.08703703703703704
3 0.253125 0.6435185185185185 0.04479166666666667 0.08888888888888889
2 0.5606770833333333 0.6189814814814815 0.028645833333333332 0.03796296296296296
0 0.8278645833333333 0.6583333333333333 0.024479166666666666 0.08148148148148149
0 0.6518229166666667 0.6736111111111112 0.0421875 0.13240740740740742
0 0.25052083333333336 0.6282407407407408 0.036458333333333336 0.10462962962962963
0 0.5205729166666667 0.6101851851851852 0.0203125 0.06296296296296296
