3 0.4440104166666667 0.7907407407407407 0.1203125 0.2518518518518518
3 0.25729166666666664 0.7319444444444444 0.128125 0.21388888888888888
2 0.78828125 0.6467592592592593 0.07552083333333333 0.075
7 0.11927083333333334 0.6689814814814815 0.23854166666666668 0.26944444444444443
3 0.38359375 0.6569444444444444 0.0265625 0.0787037037037037
2 0.49114583333333334 0.6222222222222222 0.041666666666666664 0.06481481481481481
2 0.5528645833333333 0.6199074074074075 0.03802083333333333 0.041666666666666664
3 0.31197916666666664 0.6425925925925926 0.06145833333333333 0.09814814814814815
2 0.3111979166666667 0.6361111111111111 0.0609375 0.1037037037037037
0 0.2557291666666667 0.6685185185185185 0.058333333333333334 0.22592592592592592
0 0.6447916666666667 0.6458333333333334 0.017708333333333333 0.08425925925925926
0 0.4513020833333333 0.6865740740740741 0.09947916666666666 0.24722222222222223
