3 0.6286458333333333 0.649074074074074 0.035416666666666666 0.10555555555555556
3 0.434375 0.6828703703703703 0.0875 0.1787037037037037
3 0.32005208333333335 0.637962962962963 0.07864583333333333 0.12037037037037036
2 0.80078125 0.5930555555555556 0.07760416666666667 0.06944444444444445
3 0.017447916666666667 0.6458333333333334 0.034895833333333334 0.1175925925925926
2 0.41171875 0.5634259259259259 0.050520833333333334 0.08611111111111111
0 0.9442708333333333 0.5907407407407408 0.020833333333333332 0.09074074074074075
0 0.3216145833333333 0.6018518518518519 0.06302083333333333 0.16296296296296298
0 0.4393229166666667 0.6148148148148148 0.07239583333333334 0.18333333333333332
0 0.6268229166666667 0.6078703703703704 0.03697916666666667 0.1361111111111111
0 0.9703125 0.5990740740740741 0.014583333333333334 0.09259259259259259
0 0.9924479166666667 0.5944444444444444 0.0140625 0.09074074074074075
