3 0.1046875 0.7208333333333333 0.10104166666666667 0.12314814814814815
2 0.79453125 0.6439814814814815 0.0765625 0.06944444444444445
3 0.3106770833333333 0.6787037037037037 0.044270833333333336 0.08333333333333333
3 0.23072916666666668 0.6726851851851852 0.04583333333333333 0.09351851851851851
2 0.5565104166666667 0.6185185185185185 0.033854166666666664 0.044444444444444446
2 0.42864583333333334 0.625 0.04375 0.06111111111111111
3 0.5075520833333333 0.6615740740740741 0.025520833333333333 0.0712962962962963
2 0.46171875 0.6194444444444445 0.0265625 0.037037037037037035
3 0.6065104166666667 0.65 0.016145833333333335 0.05925925925925926
2 0.4859375 0.637962962962963 0.021875 0.046296296296296294
2 0.49557291666666664 0.6356481481481482 0.04114583333333333 0.05462962962962963
0 0.6411458333333333 0.6504629629629629 0.026041666666666668 0.10277777777777777
0 0.10130208333333333 0.6643518518518519 0.0515625 0.1527777777777778
0 0.23046875 0.6611111111111111 0.043229166666666666 0.0962962962962963
0 0.23151041666666666 0.6467592592592593 0.034895833333333334 0.10092592592592593
0 0.8674479166666667 0.6314814814814815 0.011979166666666667 0.06296296296296296
0 0.315625 0.6504629629629629 0.03229166666666667 0.10833333333333334
0 0.8471354166666667 0.6333333333333333 0.013020833333333334 0.07222222222222222
0 0.50703125 0.6574074074074074 0.027604166666666666 0.07222222222222222
0 0.6059895833333333 0.6486111111111111 0.0171875 0.06018518518518518
