2 0.3078125 0.5898148148148148 0.12604166666666666 0.12962962962962962
3 0.5734375 0.637962962962963 0.041666666666666664 0.0962962962962963
2 0.8013020833333333 0.5884259259259259 0.07760416666666667 0.0712962962962963
2 0.40703125 0.5958333333333333 0.12552083333333333 0.14166666666666666
3 0.011979166666666667 0.7462962962962963 0.023958333333333335 0.19444444444444445
3 0.4986979166666667 0.5958333333333333 0.021354166666666667 0.06018518518518518
3 0.6052083333333333 0.5986111111111111 0.021875 0.05648148148148148
5 0.5388020833333333 0.5370370370370371 0.0796875 0.11851851851851852
0 0.5669270833333333 0.5925925925925926 0.03177083333333333 0.13333333333333333
0 0.8924479166666667 0.5819444444444445 0.015104166666666667 0.06944444444444445
0 0.56484375 0.575 0.028645833333333332 0.10185185185185185
0 0.8682291666666667 0.5787037037037037 0.015625 0.07777777777777778
