3 0.1515625 0.6949074074074074 0.13645833333333332 0.20092592592592592
3 0.3458333333333333 0.6157407407407407 0.04895833333333333 0.09074074074074075
2 0.5684895833333333 0.5884259259259259 0.049479166666666664 0.075
3 0.9369791666666667 0.7416666666666667 0.11145833333333334 0.17592592592592593
3 0.42421875 0.6402777777777777 0.04635416666666667 0.10092592592592593
2 0.78984375 0.6083333333333333 0.0765625 0.07037037037037037
2 0.5091145833333334 0.5731481481481482 0.024479166666666666 0.03148148148148148
2 0.020833333333333332 0.6175925925925926 0.041666666666666664 0.14074074074074075
2 0.5182291666666666 0.5726851851851852 0.035416666666666666 0.03981481481481482
2 0.52421875 0.575 0.0265625 0.037037037037037035
0 0.159375 0.6300925925925925 0.05416666666666667 0.24351851851851852
0 0.921875 0.6689814814814815 0.08645833333333333 0.2657407407407407
0 0.42239583333333336 0.6018518518518519 0.03958333333333333 0.12777777777777777
0 0.421875 0.5791666666666667 0.03854166666666667 0.09351851851851851
0 0.3424479166666667 0.587037037037037 0.03802083333333333 0.1037037037037037
0 0.8325520833333333 0.6060185185185185 0.019270833333333334 0.0787037037037037
0 0.6729166666666667 0.5986111111111111 0.014583333333333334 0.06388888888888888
0 0.67109375 0.5907407407407408 0.015104166666666667 0.05555555555555555
0 0.3338541666666667 0.5893518518518519 0.023958333333333335 0.0824074074074074
