2 0.41328125 0.6273148148148148 0.0609375 0.08611111111111111
3 0.1921875 0.725 0.11041666666666666 0.17222222222222222
3 0.5489583333333333 0.7375 0.05520833333333333 0.13055555555555556
2 0.8010416666666667 0.6398148148148148 0.07708333333333334 0.07222222222222222
2 0.48333333333333334 0.6296296296296297 0.05416666666666667 0.09074074074074075
2 0.5760416666666667 0.6199074074074075 0.03958333333333333 0.049074074074074076
2 0.346875 0.6060185185185185 0.03333333333333333 0.03611111111111111
2 0.31588541666666664 0.6027777777777777 0.027604166666666666 0.027777777777777776
2 0.45625 0.6138888888888889 0.03333333333333333 0.05740740740740741
0 0.54140625 0.6787037037037037 0.06302083333333333 0.17962962962962964
0 0.19817708333333334 0.6837962962962963 0.04739583333333333 0.1712962962962963
0 0.5065104166666666 0.6736111111111112 0.0296875 0.11944444444444445
0 0.8776041666666666 0.6300925925925925 0.0125 0.06759259259259259
0 0.6419270833333334 0.6425925925925926 0.0203125 0.07592592592592592
