2 0.7986979166666667 0.6527777777777778 0.07760416666666667 0.07407407407407407
2 0.42135416666666664 0.6402777777777777 0.05625 0.08055555555555556
2 0.49557291666666664 0.6435185185185185 0.06197916666666667 0.08703703703703704
3 0.58984375 0.7282407407407407 0.0390625 0.11388888888888889
3 0.31223958333333335 0.7175925925925926 0.07447916666666667 0.13148148148148148
2 0.459375 0.625462962962963 0.027083333333333334 0.04537037037037037
3 0.31223958333333335 0.736574074074074 0.07239583333333334 0.08981481481481482
3 0.6401041666666667 0.6569444444444444 0.022916666666666665 0.05462962962962963
2 0.35572916666666665 0.6217592592592592 0.030208333333333334 0.03611111111111111
0 0.5830729166666667 0.6800925925925926 0.043229166666666666 0.1398148148148148
0 0.8596354166666667 0.6486111111111111 0.0171875 0.08055555555555556
0 0.8432291666666667 0.6453703703703704 0.014583333333333334 0.06296296296296296
0 0.5440104166666667 0.6787037037037037 0.028645833333333332 0.10740740740740741
0 0.3026041666666667 0.6958333333333333 0.05 0.1175925925925926
