3 0.3731770833333333 0.6532407407407408 0.0578125 0.11574074074074074
2 0.5674479166666667 0.5902777777777778 0.050520833333333334 0.08055555555555556
3 0.9434895833333333 0.7388888888888889 0.11197916666666667 0.1962962962962963
3 0.27630208333333334 0.6268518518518519 0.059895833333333336 0.0962962962962963
2 0.7895833333333333 0.6074074074074074 0.078125 0.07222222222222222
3 0.034895833333333334 0.7305555555555555 0.06979166666666667 0.18888888888888888
2 0.3065104166666667 0.5578703703703703 0.034895833333333334 0.03425925925925926
2 0.5161458333333333 0.575925925925926 0.030208333333333334 0.044444444444444446
3 0.92265625 0.7518518518518519 0.06822916666666666 0.15
0 0.2752604166666667 0.587037037037037 0.03802083333333333 0.11296296296296296
0 0.37395833333333334 0.6074074074074074 0.05 0.15555555555555556
0 0.928125 0.6671296296296296 0.084375 0.25277777777777777
0 0.9611979166666667 0.6717592592592593 0.0734375 0.2638888888888889
0 0.9442708333333333 0.6768518518518518 0.10729166666666666 0.2740740740740741
0 0.27317708333333335 0.5939814814814814 0.049479166666666664 0.1287037037037037
0 0.8294270833333334 0.6041666666666666 0.018229166666666668 0.06944444444444445
0 0.6776041666666667 0.5972222222222222 0.017708333333333333 0.07037037037037037
0 0.015885416666666666 0.6550925925925926 0.03177083333333333 0.25277777777777777
