2 0.13020833333333334 0.6074074074074074 0.25833333333333336 0.24444444444444444
2 0.7893229166666667 0.6069444444444444 0.07552083333333333 0.0712962962962963
3 0.3419270833333333 0.6597222222222222 0.0671875 0.13240740740740742
2 0.5658854166666667 0.5837962962962963 0.044270833333333336 0.06944444444444445
3 0.43307291666666664 0.6101851851851852 0.034895833333333334 0.07037037037037037
3 0.9223958333333333 0.7407407407407407 0.096875 0.17592592592592593
3 0.48463541666666665 0.6236111111111111 0.03177083333333333 0.08611111111111111
3 0.04635416666666667 0.7430555555555556 0.09270833333333334 0.28055555555555556
3 0.27682291666666664 0.6194444444444445 0.0453125 0.08333333333333333
3 0.27682291666666664 0.6 0.04635416666666667 0.12222222222222222
2 0.5234375 0.5740740740740741 0.026041666666666668 0.040740740740740744
0 0.48359375 0.5958333333333333 0.0296875 0.10833333333333334
0 0.3372395833333333 0.6212962962962963 0.05260416666666667 0.1685185185185185
0 0.9184895833333333 0.6666666666666666 0.0890625 0.2574074074074074
0 0.4328125 0.5912037037037037 0.03333333333333333 0.09166666666666666
0 0.27447916666666666 0.5976851851851852 0.041666666666666664 0.12314814814814815
0 0.016145833333333335 0.649537037037037 0.03229166666666667 0.31203703703703706
0 0.8434895833333333 0.6078703703703704 0.016145833333333335 0.05648148148148148
0 0.34401041666666665 0.6148148148148148 0.04114583333333333 0.15185185185185185
0 0.6622395833333333 0.6032407407407407 0.0140625 0.04537037037037037
