3 0.2994791666666667 0.7384259259259259 0.15625 0.25462962962962965
2 0.7986979166666667 0.5824074074074074 0.07864583333333333 0.07592592592592592
3 0.6049479166666667 0.6106481481481482 0.030729166666666665 0.08055555555555556
2 0.49453125 0.5583333333333333 0.05364583333333333 0.08148148148148149
2 0.44192708333333336 0.5509259259259259 0.03802083333333333 0.06296296296296296
3 0.415625 0.6064814814814815 0.03854166666666667 0.1037037037037037
3 0.6520833333333333 0.5930555555555556 0.017708333333333333 0.049074074074074076
3 0.6046875 0.5916666666666667 0.03333333333333333 0.11666666666666667
3 0.54765625 0.5888888888888889 0.0234375 0.06666666666666667
0 0.3078125 0.6398148148148148 0.090625 0.31296296296296294
0 0.9796875 0.5875 0.016666666666666666 0.08796296296296297
0 0.9471354166666667 0.5837962962962963 0.018229166666666668 0.0824074074074074
0 0.6026041666666667 0.5837962962962963 0.029166666666666667 0.1175925925925926
0 0.35 0.6078703703703704 0.057291666666666664 0.23981481481481481
0 0.265625 0.5694444444444444 0.057291666666666664 0.13333333333333333
0 0.41484375 0.5828703703703704 0.03802083333333333 0.13240740740740742
0 0.9497395833333333 0.5888888888888889 0.0203125 0.09444444444444444
