3 0.128125 0.837037037037037 0.25625 0.30925925925925923
2 0.7927083333333333 0.6430555555555556 0.07708333333333334 0.07314814814814814
2 0.42578125 0.6240740740740741 0.04114583333333333 0.05925925925925926
2 0.5541666666666667 0.6166666666666667 0.030208333333333334 0.04259259259259259
3 0.34296875 0.6685185185185185 0.03697916666666667 0.07777777777777778
2 0.49583333333333335 0.6231481481481481 0.04479166666666667 0.06666666666666667
3 0.27421875 0.6666666666666666 0.0390625 0.07962962962962963
2 0.46145833333333336 0.6180555555555556 0.026041666666666668 0.03796296296296296
2 0.30494791666666665 0.6078703703703704 0.03802083333333333 0.041666666666666664
0 0.10651041666666666 0.7578703703703704 0.19427083333333334 0.4546296296296296
0 0.84375 0.6328703703703704 0.016666666666666666 0.06944444444444445
0 0.27838541666666666 0.638425925925926 0.025520833333333333 0.08981481481481482
0 0.6440104166666667 0.6481481481481481 0.021354166666666667 0.09074074074074075
0 0.34401041666666665 0.6472222222222223 0.03802083333333333 0.10555555555555556
0 0.86640625 0.6300925925925925 0.0140625 0.06388888888888888
0 0.3528645833333333 0.6449074074074074 0.0234375 0.10462962962962963
0 0.8690104166666667 0.6310185185185185 0.0140625 0.06388888888888888
0 0.18255208333333334 0.6513888888888889 0.03177083333333333 0.11944444444444445
0 0.5169270833333334 0.6486111111111111 0.022395833333333334 0.06759259259259259
0 0.33567708333333335 0.6462962962962963 0.022395833333333334 0.0962962962962963
