3 0.61015625 0.7277777777777777 0.0453125 0.1425925925925926
2 0.784375 0.6597222222222222 0.07708333333333334 0.075
3 0.11302083333333333 0.6657407407407407 0.08020833333333334 0.10555555555555556
7 0.26875 0.6356481481481482 0.18020833333333333 0.1935185185185185
3 0.4666666666666667 0.6865740740740741 0.053125 0.10833333333333334
2 0.409375 0.6083333333333333 0.03229166666666667 0.044444444444444446
0 0.10755208333333334 0.625 0.04635416666666667 0.13518518518518519
0 0.64375 0.6453703703703704 0.01875 0.07407407407407407
0 0.6046875 0.6601851851851852 0.05625 0.14444444444444443
0 0.8424479166666666 0.6527777777777778 0.013020833333333334 0.06666666666666667
0 0.8276041666666667 0.6532407407407408 0.015625 0.06388888888888888
