2 0.7817708333333333 0.6175925925925926 0.07916666666666666 0.07222222222222222
2 0.39036458333333335 0.6458333333333334 0.1890625 0.19166666666666668
3 0.6752604166666667 0.6694444444444444 0.0390625 0.1111111111111111
3 0.42161458333333335 0.7185185185185186 0.10052083333333334 0.1925925925925926
2 0.3606770833333333 0.6430555555555556 0.12760416666666666 0.19907407407407407
2 0.30364583333333334 0.5592592592592592 0.029166666666666667 0.03333333333333333
2 0.48828125 0.5851851851851851 0.0453125 0.07592592592592592
2 0.33307291666666666 0.562962962962963 0.03177083333333333 0.03333333333333333
0 0.425 0.6467592592592593 0.05520833333333333 0.225
0 0.6716145833333333 0.6300925925925925 0.0390625 0.13425925925925927
