2 0.7973958333333333 0.6564814814814814 0.08020833333333334 0.07592592592592592
2 0.4986979166666667 0.6458333333333334 0.05364583333333333 0.0824074074074074
3 0.3893229166666667 0.7023148148148148 0.0546875 0.11018518518518519
2 0.42630208333333336 0.6435185185185185 0.049479166666666664 0.07407407407407407
3 0.6130208333333333 0.7143518518518519 0.03229166666666667 0.10277777777777777
2 0.46041666666666664 0.6319444444444444 0.026041666666666668 0.041666666666666664
3 0.5674479166666667 0.6884259259259259 0.0234375 0.07685185185185185
2 0.3455729166666667 0.6240740740740741 0.034895833333333334 0.037037037037037035
3 0.025260416666666667 0.7421296296296296 0.050520833333333334 0.11203703703703703
2 0.315625 0.6231481481481481 0.027083333333333334 0.02962962962962963
0 0.609375 0.6717592592592593 0.040625 0.11388888888888889
0 0.8572916666666667 0.6486111111111111 0.017708333333333333 0.075
0 0.011458333333333333 0.6606481481481481 0.022916666666666665 0.11944444444444445
