3 0.10989583333333333 0.7898148148148149 0.21979166666666666 0.3537037037037037
2 0.8041666666666667 0.600462962962963 0.07916666666666666 0.0712962962962963
2 0.39114583333333336 0.5967592592592592 0.11458333333333333 0.15833333333333333
3 0.32864583333333336 0.6462962962962963 0.07083333333333333 0.11666666666666667
3 0.5424479166666667 0.7194444444444444 0.06197916666666667 0.17037037037037037
1 0.3294270833333333 0.6527777777777778 0.06927083333333334 0.11296296296296296
2 0.5059895833333333 0.5740740740740741 0.034895833333333334 0.06111111111111111
2 0.66015625 0.5976851851851852 0.0421875 0.09722222222222222
2 0.4981770833333333 0.5851851851851851 0.050520833333333334 0.08703703703703704
3 0.4875 0.5893518518518519 0.028125 0.07685185185185185
0 0.12916666666666668 0.6768518518518518 0.08854166666666667 0.35555555555555557
0 0.5388020833333333 0.637962962962963 0.07135416666666666 0.21666666666666667
0 0.33229166666666665 0.6087962962962963 0.035416666666666666 0.1527777777777778
0 0.978125 0.5990740740740741 0.016666666666666666 0.08888888888888889
0 0.02109375 0.6050925925925926 0.0421875 0.18611111111111112
0 0.9505208333333334 0.5962962962962963 0.016666666666666666 0.0962962962962963
0 0.13151041666666666 0.5791666666666667 0.0859375 0.16018518518518518
0 0.975 0.6013888888888889 0.021875 0.09351851851851851
