3 0.1109375 0.7953703703703704 0.221875 0.37592592592592594
2 0.7984375 0.5833333333333334 0.078125 0.07592592592592592
2 0.43802083333333336 0.5527777777777778 0.04479166666666667 0.07037037037037037
2 0.4908854166666667 0.5597222222222222 0.05572916666666667 0.08611111111111111
3 0.3671875 0.6134259259259259 0.05 0.11018518518518519
3 0.590625 0.6180555555555556 0.034375 0.09166666666666666
3 0.65390625 0.5990740740740741 0.0203125 0.05555555555555555
3 0.20807291666666666 0.687962962962963 0.04114583333333333 0.1425925925925926
2 0.31536458333333334 0.5333333333333333 0.0265625 0.027777777777777776
0 0.1078125 0.6689814814814815 0.115625 0.42314814814814816
0 0.16640625 0.6319444444444444 0.07135416666666666 0.3490740740740741
0 0.37213541666666666 0.5745370370370371 0.03697916666666667 0.14351851851851852
0 0.5893229166666667 0.5856481481481481 0.034895833333333334 0.13240740740740742
0 0.9807291666666667 0.5884259259259259 0.016666666666666666 0.08425925925925926
0 0.6536458333333334 0.5819444444444445 0.021875 0.08611111111111111
0 0.37864583333333335 0.5777777777777777 0.034375 0.15
