2 0.7817708333333333 0.6592592592592592 0.07916666666666666 0.07037037037037037
3 0.553125 0.6587962962962963 0.03229166666666667 0.08055555555555556
7 0.3809895833333333 0.6277777777777778 0.11197916666666667 0.1425925925925926
3 0.6700520833333333 0.6875 0.0296875 0.09351851851851851
3 0.3140625 0.6421296296296296 0.034375 0.07314814814814814
3 0.3104166666666667 0.6486111111111111 0.027083333333333334 0.062037037037037036
0 0.8268229166666666 0.6541666666666667 0.025520833333333333 0.07685185185185185
0 0.55234375 0.6476851851851851 0.0328125 0.10092592592592593
0 0.31302083333333336 0.625462962962963 0.030208333333333334 0.09907407407407408
0 0.6653645833333334 0.6393518518518518 0.03697916666666667 0.15092592592592594
