2 0.12135416666666667 0.6166666666666667 0.24166666666666667 0.18888888888888888
3 0.32369791666666664 0.6597222222222222 0.07447916666666667 0.14166666666666666
2 0.46536458333333336 0.587037037037037 0.08385416666666666 0.1111111111111111
3 0.9130208333333333 0.7578703703703704 0.06875 0.1638888888888889
3 0.5666666666666667 0.6217592592592592 0.034375 0.0824074074074074
2 0.76640625 0.600462962962963 0.07447916666666667 0.06574074074074074
2 0.5427083333333333 0.5768518518518518 0.029166666666666667 0.05
2 0.74765625 0.5967592592592592 0.0390625 0.06018518518518518
0 0.9208333333333333 0.6861111111111111 0.096875 0.28703703703703703
0 0.32369791666666664 0.6101851851851852 0.0390625 0.15555555555555556
0 0.5669270833333333 0.5773148148148148 0.027604166666666666 0.06018518518518518
