3 0.19322916666666667 0.6615740740740741 0.109375 0.14351851851851852
3 0.3299479166666667 0.7148148148148148 0.13177083333333334 0.25
2 0.8028645833333333 0.5976851851851852 0.07760416666666667 0.06944444444444445
3 0.60078125 0.6782407407407407 0.0453125 0.1287037037037037
3 0.4203125 0.6236111111111111 0.053125 0.10648148148148148
2 0.5091145833333334 0.5648148148148148 0.03177083333333333 0.044444444444444446
2 0.5046875 0.562037037037037 0.03958333333333333 0.05
0 0.5947916666666667 0.6231481481481481 0.05416666666666667 0.16666666666666666
0 0.19270833333333334 0.6180555555555556 0.0625 0.18796296296296297
0 0.19921875 0.612037037037037 0.04635416666666667 0.17777777777777778
0 0.34348958333333335 0.6453703703703704 0.07239583333333334 0.26481481481481484
0 0.22942708333333334 0.5944444444444444 0.0265625 0.1425925925925926
0 0.97421875 0.6027777777777777 0.0171875 0.1
0 0.94453125 0.5921296296296297 0.018229166666666668 0.09722222222222222
0 0.33828125 0.5648148148148148 0.05677083333333333 0.1
