2 0.13177083333333334 0.6092592592592593 0.24270833333333333 0.16666666666666666
2 0.8625 0.5888888888888889 0.07291666666666667 0.09259259259259259
2 0.4505208333333333 0.5814814814814815 0.12395833333333334 0.15
2 0.60546875 0.5537037037037037 0.024479166666666666 0.04259259259259259
3 0.67421875 0.6532407407407408 0.04114583333333333 0.11944444444444445
2 0.3846354166666667 0.5425925925925926 0.028645833333333332 0.03518518518518519
3 0.5880208333333333 0.5824074074074074 0.022916666666666665 0.05555555555555555
2 0.34453125 0.5328703703703703 0.0328125 0.026851851851851852
2 0.3885416666666667 0.5435185185185185 0.026041666666666668 0.03148148148148148
0 0.6763020833333333 0.6157407407407407 0.04739583333333333 0.14814814814814814
