2 0.8205729166666667 0.6023148148148149 0.07135416666666666 0.0787037037037037
3 0.08255208333333333 0.6592592592592592 0.12552083333333333 0.15925925925925927
7 0.5416666666666666 0.6416666666666667 0.175 0.3425925925925926
3 0.4359375 0.624537037037037 0.034375 0.09351851851851851
7 0.11380208333333333 0.5925925925925926 0.22760416666666666 0.2037037037037037
2 0.11354166666666667 0.5925925925925926 0.22708333333333333 0.2037037037037037
3 0.38723958333333336 0.5962962962962963 0.024479166666666666 0.05740740740740741
2 0.35859375 0.5537037037037037 0.03177083333333333 0.03518518518518519
2 0.328125 0.5513888888888889 0.030208333333333334 0.03425925925925926
3 0.43723958333333335 0.6148148148148148 0.04114583333333333 0.1111111111111111
0 0.9934895833333334 0.6046296296296296 0.011979166666666667 0.09259259259259259
0 0.9768229166666667 0.6027777777777777 0.022395833333333334 0.10925925925925926
0 0.67578125 0.5916666666666667 0.0140625 0.05
0 0.9713541666666666 0.6041666666666666 0.020833333333333332 0.11388888888888889
