3 0.20364583333333333 0.8069444444444445 0.2125 0.30462962962962964
3 0.33151041666666664 0.6726851851851852 0.0921875 0.18611111111111112
2 0.4596354166666667 0.5981481481481481 0.08802083333333334 0.11666666666666667
2 0.8020833333333334 0.600925925925926 0.078125 0.07222222222222222
2 0.3796875 0.5916666666666667 0.07708333333333334 0.09814814814814815
2 0.58203125 0.5814814814814815 0.0390625 0.053703703703703705
3 0.6236979166666666 0.6300925925925925 0.0265625 0.0712962962962963
5 0.5377604166666666 0.5375 0.07552083333333333 0.09722222222222222
0 0.20677083333333332 0.6990740740740741 0.08333333333333333 0.3425925925925926
0 0.5263020833333333 0.5986111111111111 0.0203125 0.06759259259259259
0 0.8815104166666666 0.5939814814814814 0.0140625 0.06388888888888888
0 0.8643229166666667 0.5912037037037037 0.015104166666666667 0.075
