2 0.8005208333333333 0.5745370370370371 0.08020833333333334 0.0712962962962963
3 0.09140625 0.6444444444444445 0.12552083333333333 0.17777777777777778
3 0.48072916666666665 0.7180555555555556 0.10208333333333333 0.2324074074074074
2 0.40078125 0.6138888888888889 0.13489583333333333 0.18888888888888888
2 0.020572916666666666 0.6231481481481481 0.04114583333333333 0.15555555555555556
3 0.31927083333333334 0.5736111111111111 0.03958333333333333 0.10462962962962963
2 0.4283854166666667 0.6157407407407407 0.1890625 0.19074074074074074
3 0.640625 0.5939814814814814 0.023958333333333335 0.07314814814814814
2 0.3533854166666667 0.5319444444444444 0.03697916666666667 0.03796296296296296
0 0.4778645833333333 0.6263888888888889 0.08489583333333334 0.2972222222222222
0 0.11276041666666667 0.586574074074074 0.06927083333333334 0.18611111111111112
0 0.12838541666666667 0.5879629629629629 0.04114583333333333 0.17407407407407408
