3 0.22552083333333334 0.8162037037037037 0.26145833333333335 0.3509259259259259
2 0.7825520833333334 0.6486111111111111 0.07760416666666667 0.07314814814814814
2 0.4296875 0.6231481481481481 0.075 0.11296296296296296
2 0.5059895833333333 0.6050925925925926 0.030729166666666665 0.028703703703703703
2 0.5802083333333333 0.6430555555555556 0.022916666666666665 0.05092592592592592
2 0.33125 0.5921296296296297 0.029166666666666667 0.032407407407407406
3 0.67890625 0.6662037037037037 0.0203125 0.05648148148148148
5 0.5059895833333333 0.575 0.044270833333333336 0.08888888888888889
0 0.25364583333333335 0.7277777777777777 0.084375 0.42962962962962964
0 0.83046875 0.637962962962963 0.018229166666666668 0.07962962962962963
0 0.6348958333333333 0.6273148148148148 0.013541666666666667 0.06018518518518518
