2 0.14895833333333333 0.6078703703703704 0.23229166666666667 0.16203703703703703
2 0.86171875 0.5884259259259259 0.07135416666666666 0.09166666666666666
2 0.4549479166666667 0.5828703703703704 0.1203125 0.14537037037037037
3 0.68125 0.6578703703703703 0.040625 0.10092592592592593
2 0.6052083333333333 0.5527777777777778 0.022916666666666665 0.04259259259259259
2 0.3453125 0.5337962962962963 0.035416666666666666 0.026851851851851852
2 0.3846354166666667 0.5421296296296296 0.0296875 0.03611111111111111
2 0.35130208333333335 0.5370370370370371 0.0296875 0.03333333333333333
3 0.58828125 0.5810185185185185 0.022395833333333334 0.05648148148148148
2 0.3841145833333333 0.5435185185185185 0.022395833333333334 0.03148148148148148
0 0.6791666666666667 0.611574074074074 0.042708333333333334 0.1361111111111111
0 0.58671875 0.5671296296296297 0.0265625 0.0824074074074074
