3 0.128125 0.6171296296296296 0.08229166666666667 0.12314814814814815
2 0.6015625 0.5722222222222222 0.06145833333333333 0.08888888888888889
3 0.25286458333333334 0.6828703703703703 0.14010416666666667 0.2490740740740741
2 0.8020833333333334 0.5740740740740741 0.078125 0.07407407407407407
2 0.3625 0.5722222222222222 0.084375 0.09444444444444444
3 0.44505208333333335 0.6231481481481481 0.0515625 0.11666666666666667
2 0.019791666666666666 0.6370370370370371 0.03958333333333333 0.2574074074074074
2 0.5028645833333333 0.5555555555555556 0.034895833333333334 0.06481481481481481
2 0.503125 0.5662037037037037 0.03229166666666667 0.04537037037037037
3 0.69296875 0.5916666666666667 0.0203125 0.053703703703703705
3 0.6567708333333333 0.6032407407407407 0.026041666666666668 0.08611111111111111
0 0.259375 0.6083333333333333 0.071875 0.24814814814814815
0 0.1296875 0.575 0.03333333333333333 0.13518518518518519
0 0.6552083333333333 0.5939814814814814 0.025 0.09537037037037037
0 0.30104166666666665 0.5564814814814815 0.030208333333333334 0.1
0 0.88125 0.5634259259259259 0.013541666666666667 0.0824074074074074
0 0.45546875 0.5833333333333334 0.03177083333333333 0.11481481481481481
0 0.89375 0.5662037037037037 0.015625 0.08055555555555556
0 0.48203125 0.575925925925926 0.0234375 0.09259259259259259
0 0.69140625 0.5708333333333333 0.0234375 0.0824074074074074
0 0.44192708333333336 0.5935185185185186 0.044270833333333336 0.12407407407407407
0 0.45286458333333335 0.5847222222222223 0.04010416666666667 0.13055555555555556
