2 0.8231770833333333 0.600462962962963 0.0703125 0.0787037037037037
3 0.5643229166666667 0.6416666666666667 0.03697916666666667 0.10740740740740741
7 0.36380208333333336 0.7027777777777777 0.32864583333333336 0.5111111111111111
7 0.05286458333333333 0.6166666666666667 0.10572916666666667 0.20185185185185187
2 0.5192708333333333 0.5666666666666667 0.05 0.07222222222222222
3 0.6877604166666667 0.5939814814814814 0.016145833333333335 0.05092592592592592
0 0.5645833333333333 0.5967592592592592 0.042708333333333334 0.13055555555555556
0 0.6875 0.5902777777777778 0.017708333333333333 0.058333333333333334
0 0.5713541666666667 0.5962962962962963 0.03229166666666667 0.11851851851851852
0 0.09661458333333334 0.5879629629629629 0.018229166666666668 0.08703703703703704
0 0.6552083333333333 0.5810185185185185 0.0125 0.041666666666666664
