2 0.7942708333333334 0.6444444444444445 0.07708333333333334 0.07037037037037037
3 0.0484375 0.7268518518518519 0.096875 0.1537037037037037
2 0.428125 0.6263888888888889 0.042708333333333334 0.06388888888888888
3 0.49557291666666664 0.6662037037037037 0.028645833333333332 0.0712962962962963
3 0.28098958333333335 0.6819444444444445 0.04739583333333333 0.08981481481481482
2 0.5567708333333333 0.6185185185185185 0.03125 0.044444444444444446
3 0.19114583333333332 0.6851851851851852 0.05625 0.09259259259259259
2 0.46145833333333336 0.6208333333333333 0.028125 0.03611111111111111
2 0.50859375 0.6259259259259259 0.03802083333333333 0.06666666666666667
3 0.603125 0.65 0.01875 0.06666666666666667
2 0.46484375 0.6208333333333333 0.030729166666666665 0.041666666666666664
3 0.6403645833333333 0.6754629629629629 0.024479166666666666 0.06944444444444445
0 0.19583333333333333 0.6527777777777778 0.035416666666666666 0.12222222222222222
0 0.63984375 0.6550925925925926 0.027604166666666666 0.10277777777777777
0 0.8489583333333334 0.6333333333333333 0.015625 0.07407407407407407
0 0.0359375 0.6763888888888889 0.057291666666666664 0.1675925925925926
0 0.19348958333333333 0.6574074074074074 0.04739583333333333 0.13148148148148148
0 0.8677083333333333 0.6324074074074074 0.011458333333333333 0.06111111111111111
0 0.2859375 0.6537037037037037 0.036458333333333336 0.11666666666666667
0 0.043229166666666666 0.6703703703703704 0.04375 0.15
0 0.8700520833333333 0.6328703703703704 0.013020833333333334 0.062037037037037036
