3 0.6200520833333333 0.7245370370370371 0.043229166666666666 0.1361111111111111
3 0.14036458333333332 0.6615740740740741 0.07135416666666666 0.09537037037037037
7 0.29635416666666664 0.6328703703703704 0.19375 0.18796296296296297
2 0.7838541666666666 0.6638888888888889 0.07604166666666666 0.07407407407407407
3 0.4786458333333333 0.6833333333333333 0.04895833333333333 0.1037037037037037
2 0.55546875 0.6212962962962963 0.0234375 0.03333333333333333
2 0.41171875 0.6018518518518519 0.0328125 0.053703703703703705
0 0.134375 0.6194444444444445 0.04583333333333333 0.12962962962962962
0 0.6114583333333333 0.6606481481481481 0.05520833333333333 0.14722222222222223
0 0.8419270833333333 0.6578703703703703 0.013020833333333334 0.06944444444444445
0 0.42682291666666666 0.6337962962962963 0.021354166666666667 0.0712962962962963
0 0.64375 0.6444444444444445 0.017708333333333333 0.07222222222222222
0 0.6057291666666667 0.6416666666666667 0.04375 0.10555555555555556
0 0.48125 0.625 0.0375 0.0962962962962963
0 0.8270833333333333 0.6601851851851852 0.014583333333333334 0.06851851851851852
0 0.48359375 0.6435185185185185 0.0359375 0.13148148148148148
0 0.5388020833333333 0.6398148148148148 0.015104166666666667 0.05
0 0.14088541666666668 0.6217592592592592 0.03177083333333333 0.13240740740740742
