2 0.79921875 0.5810185185185185 0.07864583333333333 0.07685185185185185
2 0.0484375 0.6393518518518518 0.096875 0.23981481481481481
2 0.496875 0.5574074074074075 0.04895833333333333 0.07777777777777778
3 0.38828125 0.7013888888888888 0.1171875 0.23425925925925925
3 0.6111979166666667 0.6046296296296296 0.028645833333333332 0.07407407407407407
3 0.32083333333333336 0.6486111111111111 0.053125 0.1361111111111111
3 0.5578125 0.5861111111111111 0.021875 0.06111111111111111
3 0.64765625 0.5875 0.018229166666666668 0.05462962962962963
2 0.46380208333333334 0.5402777777777777 0.021354166666666667 0.04351851851851852
2 0.4510416666666667 0.5462962962962963 0.035416666666666666 0.053703703703703705
0 0.38697916666666665 0.6263888888888889 0.08854166666666667 0.27685185185185185
0 0.3221354166666667 0.6027777777777777 0.0515625 0.19074074074074074
0 0.9791666666666666 0.5828703703703704 0.016666666666666666 0.08055555555555556
0 0.9466145833333334 0.5814814814814815 0.018229166666666668 0.08148148148148149
0 0.5580729166666667 0.5745370370370371 0.022395833333333334 0.0787037037037037
