2 0.3703125 0.5949074074074074 0.15104166666666666 0.15833333333333333
2 0.26067708333333334 0.5902777777777778 0.14635416666666667 0.14351851851851852
2 0.80234375 0.5842592592592593 0.07864583333333333 0.07222222222222222
3 0.5341145833333333 0.6462962962962963 0.050520833333333334 0.11851851851851852
3 0.5971354166666667 0.6018518518518519 0.028645833333333332 0.06111111111111111
2 0.48802083333333335 0.5560185185185185 0.05 0.05462962962962963
2 0.4479166666666667 0.5638888888888889 0.035416666666666666 0.06481481481481481
2 0.49609375 0.5601851851851852 0.0328125 0.04259259259259259
0 0.5309895833333333 0.600925925925926 0.04635416666666667 0.15925925925925927
0 0.6552083333333333 0.575 0.01875 0.05555555555555555
0 0.8721354166666667 0.5782407407407407 0.021354166666666667 0.08796296296296297
