3 0.21875 0.7180555555555556 0.1625 0.2361111111111111
2 0.8015625 0.5773148148148148 0.078125 0.07314814814814814
2 0.17291666666666666 0.6074074074074074 0.28541666666666665 0.23148148148148148
2 0.6088541666666667 0.5652777777777778 0.04895833333333333 0.0712962962962963
2 0.07005208333333333 0.5981481481481481 0.14010416666666667 0.2
3 0.5328125 0.6212962962962963 0.05416666666666667 0.12037037037037036
2 0.4890625 0.5537037037037037 0.023958333333333335 0.05740740740740741
3 0.38177083333333334 0.6037037037037037 0.0375 0.08333333333333333
3 0.6752604166666667 0.587037037037037 0.0265625 0.05925925925925926
2 0.2786458333333333 0.5925925925925926 0.0875 0.18333333333333332
0 0.21432291666666667 0.6314814814814815 0.0859375 0.29814814814814816
0 0.5278645833333333 0.5791666666666667 0.04010416666666667 0.125
0 0.8770833333333333 0.5680555555555555 0.015625 0.08055555555555556
0 0.5341145833333333 0.5787037037037037 0.0421875 0.11481481481481481
0 0.671875 0.5791666666666667 0.022916666666666665 0.06388888888888888
0 0.89296875 0.5699074074074074 0.015104166666666667 0.07314814814814814
