2 0.7986979166666667 0.5805555555555556 0.07760416666666667 0.07592592592592592
2 0.10130208333333333 0.6333333333333333 0.20260416666666667 0.2537037037037037
3 0.3885416666666667 0.6273148148148148 0.05416666666666667 0.125
3 0.48151041666666666 0.6722222222222223 0.07864583333333333 0.17962962962962964
3 0.6174479166666667 0.5939814814814814 0.0265625 0.075
3 0.56953125 0.5782407407407407 0.0203125 0.06018518518518518
2 0.34817708333333336 0.538425925925926 0.034895833333333334 0.03425925925925926
0 0.4901041666666667 0.6 0.06666666666666667 0.19814814814814816
0 0.94609375 0.5814814814814815 0.0171875 0.08148148148148149
0 0.3828125 0.5884259259259259 0.042708333333333334 0.1398148148148148
0 0.9760416666666667 0.5800925925925926 0.017708333333333333 0.075
0 0.6171875 0.5842592592592593 0.03125 0.08888888888888889
