2 0.8638020833333333 0.5935185185185186 0.07760416666666667 0.09814814814814815
2 0.23723958333333334 0.6134259259259259 0.2703125 0.24351851851851852
3 0.384375 0.7810185185185186 0.16666666666666666 0.33796296296296297
3 0.0640625 0.6435185185185185 0.09895833333333333 0.13333333333333333
3 0.5403645833333334 0.6092592592592593 0.0328125 0.08333333333333333
2 0.6244791666666667 0.5537037037037037 0.03125 0.04814814814814815
2 0.46041666666666664 0.5643518518518519 0.04375 0.07685185185185185
3 0.6604166666666667 0.6435185185185185 0.042708333333333334 0.10740740740740741
2 0.4510416666666667 0.5611111111111111 0.058333333333333334 0.08148148148148149
2 0.42916666666666664 0.5574074074074075 0.036458333333333336 0.08148148148148149
0 0.40572916666666664 0.6773148148148148 0.09583333333333334 0.3787037037037037
0 0.07135416666666666 0.5958333333333333 0.05416666666666667 0.17314814814814813
0 0.6567708333333333 0.5675925925925925 0.03958333333333333 0.08703703703703704
0 0.5416666666666666 0.5944444444444444 0.034375 0.1037037037037037
0 0.6575520833333334 0.5884259259259259 0.04114583333333333 0.12685185185185185
0 0.53671875 0.5944444444444444 0.025520833333333333 0.09814814814814815
