2 0.6083333333333333 0.5652777777777778 0.052083333333333336 0.07314814814814814
2 0.8020833333333334 0.5768518518518518 0.08020833333333334 0.07037037037037037
3 0.10182291666666667 0.7509259259259259 0.20364583333333333 0.2851851851851852
2 0.20026041666666666 0.6018518518518519 0.15572916666666667 0.21296296296296297
2 0.14036458333333332 0.600462962962963 0.2796875 0.2212962962962963
2 0.41458333333333336 0.5634259259259259 0.04583333333333333 0.08055555555555556
3 0.503125 0.6337962962962963 0.059375 0.12129629629629629
3 0.28828125 0.5810185185185185 0.03802083333333333 0.1175925925925926
3 0.3614583333333333 0.600925925925926 0.04583333333333333 0.09444444444444444
2 0.039322916666666666 0.5324074074074074 0.07864583333333333 0.07222222222222222
2 0.31614583333333335 0.537962962962963 0.03958333333333333 0.037037037037037035
2 0.04010416666666667 0.586574074074074 0.08020833333333334 0.1824074074074074
0 0.08828125 0.6481481481481481 0.10989583333333333 0.34814814814814815
0 0.4973958333333333 0.5851851851851851 0.04479166666666667 0.14629629629629629
0 0.6684895833333333 0.5810185185185185 0.015104166666666667 0.06759259259259259
0 0.2875 0.5773148148148148 0.036458333333333336 0.11574074074074074
0 0.6838541666666667 0.5782407407407407 0.016666666666666666 0.06388888888888888
0 0.53671875 0.5787037037037037 0.030729166666666665 0.10740740740740741
0 0.8791666666666667 0.5689814814814815 0.014583333333333334 0.07685185185185185
0 0.503125 0.5791666666666667 0.034375 0.13425925925925927
0 0.8927083333333333 0.5685185185185185 0.016666666666666666 0.07777777777777778
0 0.51171875 0.5824074074074074 0.028645833333333332 0.12037037037037036
