2 0.79453125 0.6467592592592593 0.0765625 0.07314814814814814
3 0.12109375 0.6995370370370371 0.0703125 0.10092592592592593
2 0.42916666666666664 0.6305555555555555 0.04479166666666667 0.06666666666666667
2 0.5026041666666666 0.6310185185185185 0.04479166666666667 0.06944444444444445
3 0.2296875 0.6949074074074074 0.06041666666666667 0.10092592592592593
3 0.4778645833333333 0.6736111111111112 0.030729166666666665 0.0787037037037037
2 0.5557291666666667 0.6226851851851852 0.030208333333333334 0.04351851851851852
3 0.6359375 0.6888888888888889 0.022916666666666665 0.06666666666666667
3 0.5963541666666666 0.6666666666666666 0.019791666666666666 0.05555555555555555
2 0.34270833333333334 0.6185185185185185 0.030208333333333334 0.02962962962962963
0 0.12578125 0.6615740740740741 0.03802083333333333 0.1361111111111111
0 0.6346354166666667 0.6587962962962963 0.028645833333333332 0.11018518518518519
0 0.8515625 0.6375 0.017708333333333333 0.075
0 0.23567708333333334 0.6583333333333333 0.03697916666666667 0.12777777777777777
0 0.86953125 0.6324074074074074 0.013020833333333334 0.06481481481481481
0 0.23203125 0.6606481481481481 0.0609375 0.12685185185185185
0 0.5950520833333334 0.6532407407407408 0.024479166666666666 0.07685185185185185
0 0.24192708333333332 0.6601851851851852 0.044270833333333336 0.13518518518518519
