2 0.6010416666666667 0.5731481481481482 0.065625 0.09074074074074075
3 0.18359375 0.7069444444444445 0.17135416666666667 0.2638888888888889
2 0.80234375 0.575462962962963 0.07864583333333333 0.0712962962962963
2 0.35651041666666666 0.5717592592592593 0.0921875 0.09722222222222222
2 0.49921875 0.5550925925925926 0.04114583333333333 0.06944444444444445
3 0.2760416666666667 0.6041666666666666 0.05416666666666667 0.09166666666666666
3 0.08671875 0.6217592592592592 0.07135416666666666 0.1287037037037037
3 0.10052083333333334 0.6162037037037037 0.10208333333333333 0.14351851851851852
3 0.4778645833333333 0.5824074074074074 0.024479166666666666 0.07222222222222222
3 0.42473958333333334 0.6324074074074074 0.05260416666666667 0.11481481481481481
3 0.6546875 0.6175925925925926 0.025 0.07407407407407407
3 0.6528645833333333 0.6097222222222223 0.0296875 0.08796296296296297
0 0.19375 0.6217592592592592 0.08229166666666667 0.2898148148148148
0 0.65078125 0.5907407407407408 0.0328125 0.11481481481481481
0 0.27760416666666665 0.5768518518518518 0.04895833333333333 0.12777777777777777
0 0.42239583333333336 0.5921296296296297 0.04375 0.15648148148148147
0 0.8940104166666667 0.5671296296296297 0.016145833333333335 0.08055555555555556
0 0.09765625 0.5745370370370371 0.033854166666666664 0.14166666666666666
0 0.69140625 0.5796296296296296 0.024479166666666666 0.07037037037037037
0 0.8822916666666667 0.5675925925925925 0.014583333333333334 0.08148148148148149
0 0.08802083333333334 0.5787037037037037 0.05625 0.15185185185185185
