2 0.14765625 0.5902777777777778 0.21927083333333333 0.16203703703703703
3 0.27005208333333336 0.7587962962962963 0.1859375 0.31203703703703706
2 0.53984375 0.5939814814814814 0.12135416666666667 0.13796296296296295
2 0.8020833333333334 0.575925925925926 0.07916666666666666 0.07222222222222222
2 0.46145833333333336 0.5652777777777778 0.075 0.09907407407407408
2 0.41770833333333335 0.537962962962963 0.029166666666666667 0.03333333333333333
3 0.6432291666666666 0.6481481481481481 0.042708333333333334 0.12407407407407407
3 0.39036458333333335 0.562962962962963 0.027604166666666666 0.07962962962962963
1 0.6442708333333333 0.6523148148148148 0.03854166666666667 0.12129629629629629
0 0.2794270833333333 0.6597222222222222 0.08802083333333334 0.3472222222222222
0 0.6416666666666667 0.5990740740740741 0.04479166666666667 0.17407407407407408
