2 0.08151041666666667 0.6222222222222222 0.16302083333333334 0.21481481481481482
3 0.22578125 0.6856481481481481 0.10260416666666666 0.1638888888888889
2 0.44479166666666664 0.5907407407407408 0.09375 0.12037037037037036
3 0.9130208333333333 0.7550925925925925 0.06770833333333333 0.15648148148148147
2 0.7510416666666667 0.5953703703703703 0.034375 0.05740740740740741
3 0.5526041666666667 0.6273148148148148 0.03125 0.08981481481481482
2 0.78671875 0.5976851851851852 0.04635416666666667 0.06759259259259259
0 0.9216145833333333 0.6805555555555556 0.09427083333333333 0.28703703703703703
0 0.22109375 0.6212962962962963 0.0515625 0.20925925925925926
0 0.5528645833333333 0.5907407407407408 0.033854166666666664 0.09814814814814815
0 0.8684895833333334 0.5962962962962963 0.019270833333333334 0.06666666666666667
0 0.82734375 0.5875 0.015104166666666667 0.06574074074074074
0 0.5486979166666667 0.575 0.028645833333333332 0.07037037037037037
