2 0.79609375 0.6541666666666667 0.07864583333333333 0.07314814814814814
2 0.5002604166666667 0.6412037037037037 0.05260416666666667 0.08055555555555556
3 0.43046875 0.6972222222222222 0.043229166666666666 0.09814814814814815
3 0.10260416666666666 0.7277777777777777 0.09375 0.11481481481481481
3 0.6265625 0.7050925925925926 0.030208333333333334 0.08981481481481482
2 0.46145833333333336 0.625 0.025 0.044444444444444446
2 0.34296875 0.624537037037037 0.03177083333333333 0.032407407407407406
3 0.58046875 0.6828703703703703 0.021354166666666667 0.06759259259259259
2 0.46145833333333336 0.6328703703703704 0.023958333333333335 0.041666666666666664
0 0.10755208333333334 0.6680555555555555 0.0421875 0.15462962962962962
0 0.6234375 0.6708333333333333 0.036458333333333336 0.11574074074074074
0 0.85390625 0.6425925925925926 0.018229166666666668 0.07777777777777778
0 0.42890625 0.6620370370370371 0.0453125 0.12777777777777777
0 0.8697916666666666 0.6421296296296296 0.013541666666666667 0.06388888888888888
