3 0.15989583333333332 0.8166666666666667 0.23541666666666666 0.32037037037037036
2 0.80234375 0.5986111111111111 0.0796875 0.07314814814814814
3 0.3145833333333333 0.6810185185185185 0.09791666666666667 0.18055555555555555
2 0.45755208333333336 0.5962962962962963 0.09010416666666667 0.11296296296296296
2 0.3765625 0.5902777777777778 0.08854166666666667 0.10277777777777777
3 0.621875 0.6300925925925925 0.027083333333333334 0.07314814814814814
2 0.5807291666666666 0.5777777777777777 0.034375 0.053703703703703705
5 0.53828125 0.5430555555555555 0.0765625 0.11018518518518519
0 0.16692708333333334 0.7055555555555556 0.09010416666666667 0.36666666666666664
0 0.5247395833333334 0.5944444444444444 0.019270833333333334 0.07037037037037037
0 0.8651041666666667 0.5935185185185186 0.015625 0.06851851851851852
0 0.6333333333333333 0.5787037037037037 0.015625 0.05185185185185185
0 0.8822916666666667 0.5930555555555556 0.013541666666666667 0.062037037037037036
0 0.6169270833333333 0.5879629629629629 0.0203125 0.05555555555555555
