2 0.47578125 0.5856481481481481 0.0796875 0.10833333333333334
2 0.17786458333333333 0.6106481481481482 0.20885416666666667 0.175
3 0.3690104166666667 0.6523148148148148 0.059895833333333336 0.12685185185185185
3 0.91484375 0.7615740740740741 0.0671875 0.16203703703703703
3 0.5776041666666667 0.6189814814814815 0.027083333333333334 0.0712962962962963
2 0.5455729166666666 0.575 0.03177083333333333 0.05
2 0.7653645833333333 0.5990740740740741 0.07447916666666667 0.06481481481481481
3 0.5747395833333333 0.6125 0.034895833333333334 0.07685185185185185
2 0.32786458333333335 0.5564814814814815 0.030729166666666665 0.03148148148148148
2 0.4234375 0.5657407407407408 0.03125 0.03148148148148148
0 0.9208333333333333 0.6856481481481481 0.09791666666666667 0.2861111111111111
0 0.36666666666666664 0.6087962962962963 0.04583333333333333 0.15092592592592594
0 0.5765625 0.5976851851851852 0.03125 0.09351851851851851
0 0.8791666666666667 0.6023148148148149 0.016666666666666666 0.062037037037037036
0 0.8278645833333333 0.5944444444444444 0.016145833333333335 0.06666666666666667
