3 0.9286458333333333 0.7421296296296296 0.090625 0.17314814814814813
2 0.7856770833333333 0.6018518518518519 0.07552083333333333 0.06666666666666667
2 0.3411458333333333 0.5986111111111111 0.16979166666666667 0.16944444444444445
3 0.4479166666666667 0.6611111111111111 0.05 0.13518518518518519
3 0.4921875 0.6240740740740741 0.030208333333333334 0.08518518518518518
2 0.5606770833333333 0.5773148148148148 0.033854166666666664 0.05648148148148148
0 0.9260416666666667 0.6597222222222222 0.09270833333333334 0.25833333333333336
0 0.4466145833333333 0.6134259259259259 0.05364583333333333 0.16018518518518518
0 0.8588541666666667 0.6037037037037037 0.019791666666666666 0.07222222222222222
0 0.5447916666666667 0.5912037037037037 0.025 0.08611111111111111
