3 0.07994791666666666 0.7185185185185186 0.15885416666666666 0.21296296296296297
2 0.5684895833333333 0.5898148148148148 0.050520833333333334 0.07777777777777778
3 0.403125 0.6462962962962963 0.05 0.10555555555555556
3 0.9411458333333333 0.7379629629629629 0.11458333333333333 0.18518518518518517
2 0.7903645833333334 0.6078703703703704 0.0765625 0.07314814814814814
3 0.31588541666666664 0.6217592592592592 0.0546875 0.08796296296296297
2 0.51875 0.575 0.029166666666666667 0.04259259259259259
0 0.0890625 0.6398148148148148 0.057291666666666664 0.2722222222222222
0 0.40234375 0.6064814814814815 0.04635416666666667 0.15185185185185185
0 0.9239583333333333 0.6648148148148149 0.08333333333333333 0.2537037037037037
0 0.31640625 0.586574074074074 0.033854166666666664 0.09722222222222222
0 0.8302083333333333 0.6060185185185185 0.016666666666666666 0.06944444444444445
0 0.95859375 0.6763888888888889 0.06822916666666666 0.28055555555555556
0 0.6752604166666667 0.5921296296296297 0.019270833333333334 0.0712962962962963
0 0.3171875 0.6 0.046875 0.10925925925925926
