2 0.7989583333333333 0.5842592592592593 0.078125 0.07592592592592592
3 0.21302083333333333 0.6537037037037037 0.109375 0.13703703703703704
2 0.43307291666666664 0.5578703703703703 0.050520833333333334 0.0787037037037037
3 0.54765625 0.6402777777777777 0.0484375 0.11018518518518519
3 0.6510416666666666 0.6166666666666667 0.027083333333333334 0.07037037037037037
3 0.46458333333333335 0.6101851851851852 0.035416666666666666 0.08703703703703704
2 0.48854166666666665 0.5643518518518519 0.057291666666666664 0.09351851851851851
2 0.34921875 0.5425925925925926 0.030729166666666665 0.03148148148148148
2 0.31796875 0.5388888888888889 0.0296875 0.03333333333333333
0 0.4666666666666667 0.5814814814814815 0.03125 0.12037037037037036
0 0.6497395833333334 0.5842592592592593 0.0265625 0.10185185185185185
0 0.20833333333333334 0.5986111111111111 0.051041666666666666 0.19907407407407407
0 0.54375 0.5805555555555556 0.03958333333333333 0.10555555555555556
0 0.5463541666666667 0.5930555555555556 0.04583333333333333 0.1361111111111111
0 0.9434895833333333 0.5824074074074074 0.016145833333333335 0.08703703703703704
0 0.98828125 0.5888888888888889 0.019270833333333334 0.08888888888888889
