2 0.2265625 0.6041666666666666 0.21145833333333333 0.2064814814814815
2 0.10416666666666667 0.5990740740740741 0.20833333333333334 0.18888888888888888
3 0.34140625 0.6916666666666667 0.1109375 0.19074074074074074
2 0.8013020833333333 0.5782407407407407 0.07760416666666667 0.07314814814814814
2 0.6080729166666666 0.5648148148148148 0.04739583333333333 0.06666666666666667
2 0.49296875 0.5550925925925926 0.0296875 0.05092592592592592
3 0.56015625 0.6143518518518518 0.0421875 0.09907407407407408
3 0.515625 0.5787037037037037 0.023958333333333335 0.05740740740740741
3 0.4158854166666667 0.5921296296296297 0.0390625 0.09166666666666666
0 0.334375 0.6157407407407407 0.07291666666666667 0.24074074074074073
0 0.6692708333333334 0.5768518518518518 0.021875 0.06666666666666667
0 0.5671875 0.5782407407407407 0.03229166666666667 0.10833333333333334
0 0.5559895833333334 0.5773148148148148 0.0328125 0.11574074074074074
0 0.8770833333333333 0.5680555555555555 0.016666666666666666 0.0824074074074074
0 0.5614583333333333 0.5708333333333333 0.042708333333333334 0.11388888888888889
0 0.5520833333333334 0.575925925925926 0.026041666666666668 0.10185185185185185
