2 0.11484375 0.6189814814814815 0.2296875 0.262037037037037
2 0.6078125 0.5675925925925925 0.05520833333333333 0.07777777777777778
2 0.8015625 0.5768518518518518 0.078125 0.07037037037037037
3 0.45729166666666665 0.6532407407407408 0.06666666666666667 0.13240740740740742
3 0.24973958333333332 0.6078703703703704 0.05364583333333333 0.08981481481481482
3 0.33151041666666664 0.6074074074074074 0.05260416666666667 0.0962962962962963
2 0.40651041666666665 0.5652777777777778 0.05572916666666667 0.08055555555555556
3 0.022395833333333334 0.7754629629629629 0.04479166666666667 0.25092592592592594
3 0.5169270833333334 0.6050925925925926 0.028645833333333332 0.0824074074074074
3 0.68671875 0.5800925925925926 0.018229166666666668 0.05648148148148148
3 0.6744791666666666 0.5833333333333334 0.030208333333333334 0.07037037037037037
3 0.6700520833333333 0.5856481481481481 0.021354166666666667 0.0712962962962963
0 0.4544270833333333 0.5944444444444444 0.0609375 0.18888888888888888
0 0.5158854166666667 0.5824074074074074 0.0296875 0.12407407407407407
0 0.24921875 0.5657407407407408 0.0328125 0.10925925925925926
0 0.5317708333333333 0.5671296296296297 0.022916666666666665 0.09722222222222222
0 0.33932291666666664 0.5833333333333334 0.033854166666666664 0.12037037037037036
0 0.24713541666666666 0.5763888888888888 0.044270833333333336 0.13055555555555556
0 0.6684895833333333 0.5810185185185185 0.022395833333333334 0.075
0 0.33151041666666664 0.5847222222222223 0.043229166666666666 0.11944444444444445
