2 0.7981770833333334 0.5842592592592593 0.07760416666666667 0.07592592592592592
3 0.5791666666666667 0.6212962962962963 0.035416666666666666 0.10185185185185185
2 0.43671875 0.5537037037037037 0.043229166666666666 0.07592592592592592
3 0.33177083333333335 0.625 0.0625 0.11666666666666667
3 0.09375 0.6925925925925925 0.13333333333333333 0.17407407407407408
2 0.48802083333333335 0.5615740740740741 0.05416666666666667 0.08611111111111111
3 0.038802083333333334 0.8134259259259259 0.07760416666666667 0.3287037037037037
3 0.5143229166666666 0.6 0.030729166666666665 0.07592592592592592
3 0.6541666666666667 0.6037037037037037 0.023958333333333335 0.06111111111111111
3 0.038802083333333334 0.7208333333333333 0.07760416666666667 0.5194444444444445
0 0.08151041666666667 0.6185185185185185 0.07552083333333333 0.2537037037037037
0 0.51484375 0.5763888888888888 0.030729166666666665 0.11018518518518519
0 0.02421875 0.6453703703703704 0.0484375 0.39814814814814814
0 0.33255208333333336 0.5828703703703704 0.04739583333333333 0.14537037037037037
0 0.5778645833333333 0.5773148148148148 0.0328125 0.09351851851851851
0 0.6526041666666667 0.5777777777777777 0.023958333333333335 0.0962962962962963
0 0.55078125 0.5805555555555556 0.018229166666666668 0.06851851851851852
0 0.03333333333333333 0.6722222222222223 0.06666666666666667 0.4537037037037037
