2 0.4046875 0.6134259259259259 0.07291666666666667 0.09166666666666666
3 0.46536458333333336 0.7509259259259259 0.09114583333333333 0.17222222222222222
2 0.8005208333333333 0.6212962962962963 0.07708333333333334 0.07407407407407407
2 0.48828125 0.6143518518518518 0.06510416666666667 0.09722222222222222
2 0.57578125 0.600462962962963 0.030729166666666665 0.04722222222222222
0 0.4557291666666667 0.6763888888888889 0.06041666666666667 0.21574074074074073
0 0.5434895833333333 0.612037037037037 0.015104166666666667 0.06481481481481481
0 0.85625 0.611574074074074 0.0125 0.07314814814814814
0 0.8627604166666667 0.6157407407407407 0.015104166666666667 0.08148148148148149
0 0.85859375 0.612037037037037 0.0140625 0.07407407407407407
0 0.865625 0.6152777777777778 0.017708333333333333 0.0787037037037037
0 0.6375 0.6333333333333333 0.020833333333333332 0.06851851851851852
