2 0.42552083333333335 0.5800925925925926 0.06354166666666666 0.08055555555555556
2 0.8291666666666667 0.5990740740740741 0.06770833333333333 0.07962962962962963
3 0.51640625 0.6597222222222222 0.05260416666666667 0.1287037037037037
2 0.15677083333333333 0.7898148148148149 0.31354166666666666 0.40925925925925927
2 0.4713541666666667 0.5675925925925925 0.03333333333333333 0.044444444444444446
3 0.31354166666666666 0.5930555555555556 0.03854166666666667 0.09351851851851851
7 0.15651041666666668 0.7912037037037037 0.31302083333333336 0.4083333333333333
2 0.36484375 0.5518518518518518 0.0296875 0.03333333333333333
2 0.35989583333333336 0.5518518518518518 0.021875 0.02962962962962963
2 0.3372395833333333 0.549074074074074 0.027604166666666666 0.03518518518518519
3 0.6973958333333333 0.5976851851851852 0.017708333333333333 0.05648148148148148
0 0.18125 0.5574074074074075 0.04479166666666667 0.07962962962962963
0 0.51640625 0.6092592592592593 0.059895833333333336 0.1648148148148148
0 0.6971354166666667 0.5958333333333333 0.019270833333333334 0.05462962962962963
0 0.3143229166666667 0.5921296296296297 0.03802083333333333 0.09166666666666666
