2 0.10911458333333333 0.6273148148148148 0.21822916666666667 0.27685185185185185
2 0.6078125 0.5666666666666667 0.05520833333333333 0.07777777777777778
2 0.8018229166666667 0.575462962962963 0.07864583333333333 0.0712962962962963
3 0.45 0.6532407407407408 0.07083333333333333 0.1287037037037037
3 0.2453125 0.6097222222222223 0.05625 0.08796296296296297
3 0.51484375 0.6092592592592593 0.030729166666666665 0.07962962962962963
2 0.39817708333333335 0.5611111111111111 0.06614583333333333 0.07777777777777778
3 0.3294270833333333 0.6055555555555555 0.05677083333333333 0.1037037037037037
3 0.6875 0.5791666666666667 0.017708333333333333 0.05462962962962963
3 0.6736979166666667 0.5828703703703704 0.0296875 0.06944444444444445
0 0.24869791666666666 0.575925925925926 0.04114583333333333 0.13333333333333333
0 0.4546875 0.5990740740740741 0.052083333333333336 0.1925925925925926
0 0.5122395833333333 0.5791666666666667 0.034895833333333334 0.11574074074074074
0 0.33671875 0.5791666666666667 0.0421875 0.12129629629629629
0 0.5151041666666667 0.5694444444444444 0.025 0.09814814814814815
0 0.5296875 0.5689814814814815 0.021875 0.08981481481481482
0 0.6684895833333333 0.5814814814814815 0.0234375 0.07407407407407407
