2 0.27578125 0.600462962962963 0.20572916666666666 0.19166666666666668
2 0.13697916666666668 0.5944444444444444 0.21145833333333333 0.17777777777777778
3 0.4041666666666667 0.6675925925925926 0.09166666666666666 0.1814814814814815
2 0.6083333333333333 0.5643518518518519 0.04375 0.06574074074074074
2 0.8015625 0.5800925925925926 0.07708333333333334 0.0712962962962963
3 0.575 0.611574074074074 0.035416666666666666 0.08425925925925926
2 0.4947916666666667 0.5537037037037037 0.03333333333333333 0.053703703703703705
2 0.5005208333333333 0.5638888888888889 0.04479166666666667 0.07222222222222222
3 0.6671875 0.575925925925926 0.017708333333333333 0.06111111111111111
3 0.5184895833333333 0.5768518518518518 0.028645833333333332 0.05555555555555555
0 0.4005208333333333 0.6064814814814815 0.07083333333333333 0.22037037037037038
0 0.57109375 0.5819444444444445 0.03177083333333333 0.1175925925925926
0 0.6669270833333333 0.575 0.018229166666666668 0.06111111111111111
0 0.8791666666666667 0.5689814814814815 0.015625 0.08055555555555556
0 0.89296875 0.575925925925926 0.016145833333333335 0.06666666666666667
