2 0.3184895833333333 0.5986111111111111 0.13177083333333334 0.12685185185185185
3 0.19114583333333332 0.7134259259259259 0.12604166666666666 0.18611111111111112
2 0.06588541666666667 0.6606481481481481 0.13177083333333334 0.22685185185185186
2 0.084375 0.6050925925925926 0.16458333333333333 0.13796296296296295
3 0.47734375 0.6319444444444444 0.034895833333333334 0.08981481481481482
2 0.5455729166666666 0.5736111111111111 0.028645833333333332 0.03981481481481482
2 0.50703125 0.5796296296296296 0.0546875 0.09074074074074075
3 0.91640625 0.7708333333333334 0.0703125 0.17685185185185184
2 0.7557291666666667 0.5972222222222222 0.053125 0.05925925925925926
2 0.7450520833333333 0.5949074074074074 0.07135416666666666 0.05648148148148148
2 0.72421875 0.5949074074074074 0.0328125 0.05092592592592592
3 0.9205729166666666 0.7435185185185185 0.08697916666666666 0.2111111111111111
0 0.9265625 0.6814814814814815 0.10833333333333334 0.28888888888888886
0 0.8291666666666667 0.5939814814814814 0.019791666666666666 0.0787037037037037
0 0.1875 0.6375 0.071875 0.23055555555555557
0 0.88359375 0.6083333333333333 0.021354166666666667 0.07777777777777778
0 0.20130208333333333 0.5898148148148148 0.0421875 0.10925925925925926
0 0.59296875 0.5916666666666667 0.0265625 0.07222222222222222
