2 0.4979166666666667 0.6023148148148149 0.13958333333333334 0.16203703703703703
2 0.0875 0.600925925925926 0.175 0.18703703703703703
2 0.8010416666666667 0.5745370370370371 0.078125 0.0712962962962963
2 0.43385416666666665 0.5703703703703704 0.07291666666666667 0.10185185185185185
3 0.5919270833333333 0.6699074074074074 0.06197916666666667 0.1527777777777778
3 0.24609375 0.6268518518518519 0.08072916666666667 0.13703703703703704
3 0.3619791666666667 0.5814814814814815 0.028125 0.05740740740740741
2 0.31953125 0.5273148148148148 0.033854166666666664 0.03796296296296296
0 0.5919270833333333 0.5986111111111111 0.059895833333333336 0.19537037037037036
0 0.25625 0.5740740740740741 0.04479166666666667 0.16666666666666666
0 0.25026041666666665 0.5791666666666667 0.034895833333333334 0.18055555555555555
0 0.22682291666666668 0.6171296296296296 0.0359375 0.1287037037037037
0 0.6432291666666666 0.5819444444444445 0.025 0.06759259259259259
