2 0.1875 0.6134259259259259 0.25729166666666664 0.20833333333333334
2 0.7994791666666666 0.5763888888888888 0.07916666666666666 0.07314814814814814
2 0.043229166666666666 0.7435185185185185 0.08645833333333333 0.3314814814814815
3 0.45364583333333336 0.6097222222222223 0.0375 0.09537037037037037
3 0.5653645833333333 0.6425925925925926 0.04739583333333333 0.12777777777777777
3 0.6247395833333333 0.5893518518518519 0.022395833333333334 0.05648148148148148
2 0.4359375 0.537962962962963 0.029166666666666667 0.05
2 0.34869791666666666 0.5324074074074074 0.03177083333333333 0.03518518518518519
3 0.625 0.5787037037037037 0.025 0.07592592592592592
2 0.6018229166666667 0.5407407407407407 0.0296875 0.06296296296296296
2 0.31536458333333334 0.5328703703703703 0.03697916666666667 0.03611111111111111
2 0.021614583333333333 0.5537037037037037 0.043229166666666666 0.07777777777777778
0 0.45598958333333334 0.5833333333333334 0.0359375 0.1259259259259259
0 0.565625 0.5962962962962963 0.05416666666666667 0.17592592592592593
0 0.9432291666666667 0.575462962962963 0.015625 0.08055555555555556
0 0.9721354166666667 0.5726851851851852 0.0203125 0.075
0 0.5046875 0.5745370370370371 0.019791666666666666 0.08425925925925926
0 0.6244791666666667 0.5666666666666667 0.027083333333333334 0.08333333333333333
