2 0.7986979166666667 0.5805555555555556 0.07760416666666667 0.07592592592592592
2 0.10546875 0.6388888888888888 0.2109375 0.25925925925925924
3 0.39296875 0.6291666666666667 0.05364583333333333 0.11574074074074074
3 0.48776041666666664 0.6708333333333333 0.0765625 0.17314814814814813
3 0.61796875 0.5939814814814814 0.025520833333333333 0.075
3 0.5705729166666667 0.5768518518518518 0.0171875 0.06111111111111111
3 0.39505208333333336 0.6064814814814815 0.059895833333333336 0.15
2 0.34713541666666664 0.537962962962963 0.034895833333333334 0.03518518518518519
2 0.31744791666666666 0.5342592592592592 0.028645833333333332 0.02962962962962963
0 0.48984375 0.6097222222222223 0.06510416666666667 0.2175925925925926
0 0.39401041666666664 0.5884259259259259 0.0546875 0.14166666666666666
0 0.9458333333333333 0.5805555555555556 0.016666666666666666 0.08148148148148149
0 0.6177083333333333 0.5810185185185185 0.030208333333333334 0.09166666666666666
0 0.38984375 0.5921296296296297 0.0359375 0.14907407407407408
0 0.97578125 0.5814814814814815 0.018229166666666668 0.07777777777777778
0 0.4140625 0.586574074074074 0.027083333333333334 0.125
