2 0.5169270833333334 0.5736111111111111 0.06302083333333333 0.09722222222222222
3 0.22317708333333333 0.6148148148148148 0.0578125 0.10185185185185185
3 0.3645833333333333 0.6990740740740741 0.1125 0.20555555555555555
2 0.8393229166666667 0.5916666666666667 0.0703125 0.08148148148148149
2 0.47161458333333334 0.5648148148148148 0.0328125 0.046296296296296294
3 0.70859375 0.6037037037037037 0.0203125 0.06111111111111111
0 0.37473958333333335 0.6282407407407408 0.0734375 0.24537037037037038
0 0.99296875 0.5939814814814814 0.013020833333333334 0.10092592592592593
0 0.7080729166666667 0.5976851851851852 0.0203125 0.06018518518518518
0 0.4078125 0.5689814814814815 0.05 0.11944444444444445
0 0.40182291666666664 0.6143518518518518 0.043229166666666666 0.21388888888888888
