2 0.043229166666666666 0.6027777777777777 0.08645833333333333 0.1814814814814815
2 0.8005208333333333 0.575 0.08020833333333334 0.07037037037037037
2 0.4348958333333333 0.6106481481481482 0.1375 0.17685185185185184
3 0.5229166666666667 0.7037037037037037 0.084375 0.19444444444444445
3 0.14427083333333332 0.637962962962963 0.11145833333333334 0.15925925925925927
3 0.33229166666666665 0.575925925925926 0.036458333333333336 0.08518518518518518
3 0.6424479166666667 0.5930555555555556 0.022395833333333334 0.06944444444444445
2 0.3684895833333333 0.5319444444444444 0.04010416666666667 0.03796296296296296
0 0.5190104166666667 0.6129629629629629 0.07552083333333333 0.25
0 0.5184895833333333 0.5805555555555556 0.07135416666666666 0.18333333333333332
0 0.17604166666666668 0.5800925925925926 0.03333333333333333 0.15833333333333333
0 0.33229166666666665 0.5504629629629629 0.03229166666666667 0.08055555555555556
0 0.17005208333333333 0.5819444444444445 0.0453125 0.1675925925925926
0 0.15260416666666668 0.5805555555555556 0.035416666666666666 0.16666666666666666
0 0.15885416666666666 0.5824074074074074 0.06770833333333333 0.17962962962962964
