2 0.7989583333333333 0.5842592592592593 0.07708333333333334 0.07407407407407407
3 0.34010416666666665 0.6189814814814815 0.06458333333333334 0.12129629629629629
2 0.43776041666666665 0.5532407407407407 0.044270833333333336 0.075
3 0.5833333333333334 0.6236111111111111 0.034375 0.09351851851851851
2 0.48776041666666664 0.562037037037037 0.05572916666666667 0.08888888888888889
3 0.058333333333333334 0.7935185185185185 0.11666666666666667 0.3314814814814815
3 0.12916666666666668 0.6930555555555555 0.10520833333333333 0.1712962962962963
3 0.65390625 0.6018518518518519 0.022395833333333334 0.05925925925925926
3 0.05677083333333333 0.8490740740740741 0.11354166666666667 0.21666666666666667
3 0.5174479166666667 0.5986111111111111 0.025520833333333333 0.07314814814814814
0 0.11796875 0.6203703703703703 0.0546875 0.25
0 0.34453125 0.5800925925925926 0.04739583333333333 0.14351851851851852
0 0.653125 0.5768518518518518 0.023958333333333335 0.0962962962962963
0 0.5817708333333333 0.5787037037037037 0.034375 0.09814814814814815
0 0.050520833333333334 0.6819444444444445 0.10104166666666667 0.47314814814814815
0 0.025260416666666667 0.6958333333333333 0.050520833333333334 0.5027777777777778
0 0.51875 0.586574074074074 0.027083333333333334 0.08611111111111111
0 0.9817708333333334 0.5861111111111111 0.016666666666666666 0.08148148148148149
