2 0.10130208333333333 0.6287037037037037 0.20260416666666667 0.28703703703703703
2 0.6075520833333333 0.5685185185185185 0.0546875 0.07962962962962963
2 0.80234375 0.5740740740740741 0.07760416666666667 0.07037037037037037
3 0.23515625 0.6092592592592593 0.05572916666666667 0.09259259259259259
2 0.39765625 0.5638888888888889 0.05572916666666667 0.07962962962962963
3 0.43828125 0.6592592592592592 0.07135416666666666 0.13148148148148148
3 0.31536458333333334 0.6111111111111112 0.0515625 0.09814814814814815
3 0.5072916666666667 0.6064814814814815 0.036458333333333336 0.08703703703703704
3 0.66953125 0.5879629629629629 0.021354166666666667 0.07037037037037037
3 0.6890625 0.5819444444444445 0.017708333333333333 0.049074074074074076
0 0.43333333333333335 0.5921296296296297 0.07083333333333333 0.17685185185185184
0 0.23177083333333334 0.575925925925926 0.0375 0.12222222222222222
0 0.5059895833333333 0.5842592592592593 0.03802083333333333 0.11851851851851852
0 0.5140625 0.575462962962963 0.035416666666666666 0.11018518518518519
0 0.33098958333333334 0.5805555555555556 0.03802083333333333 0.11666666666666667
