2 0.19557291666666668 0.6027777777777777 0.2046875 0.15
2 0.8598958333333333 0.587037037037037 0.07083333333333333 0.08888888888888889
2 0.4669270833333333 0.5810185185185185 0.1109375 0.1398148148148148
3 0.6919270833333333 0.649074074074074 0.034895833333333334 0.10185185185185185
2 0.6046875 0.5527777777777778 0.020833333333333332 0.044444444444444446
2 0.34401041666666665 0.5337962962962963 0.03697916666666667 0.028703703703703703
2 0.38255208333333335 0.5421296296296296 0.034895833333333334 0.03425925925925926
2 0.3815104166666667 0.5439814814814815 0.0265625 0.030555555555555555
2 0.38723958333333336 0.5435185185185185 0.030729166666666665 0.03148148148148148
2 0.35078125 0.5365740740740741 0.027604166666666666 0.032407407407407406
0 0.6890625 0.6074074074074074 0.0375 0.11666666666666667
