2 0.34817708333333336 0.5916666666666667 0.10364583333333334 0.11666666666666667
3 0.18463541666666666 0.7101851851851851 0.14322916666666666 0.2074074074074074
2 0.4393229166666667 0.5967592592592592 0.10364583333333334 0.13055555555555556
2 0.8018229166666667 0.5930555555555556 0.07760416666666667 0.07314814814814814
3 0.6044270833333333 0.637962962962963 0.0296875 0.07962962962962963
2 0.58046875 0.5745370370370371 0.030729166666666665 0.05277777777777778
5 0.5372395833333333 0.5328703703703703 0.0796875 0.09351851851851851
0 0.19453125 0.6587962962962963 0.0546875 0.21388888888888888
0 0.51796875 0.5907407407407408 0.018229166666666668 0.07407407407407407
0 0.60390625 0.5939814814814814 0.028645833333333332 0.11388888888888889
0 0.8658854166666666 0.5861111111111111 0.015104166666666667 0.07037037037037037
0 0.18463541666666666 0.6597222222222222 0.07864583333333333 0.2064814814814815
0 0.8903645833333333 0.586574074074074 0.015104166666666667 0.06759259259259259
