3 0.13723958333333333 0.7050925925925926 0.0921875 0.12685185185185185
2 0.7940104166666667 0.6439814814814815 0.0765625 0.06944444444444445
2 0.4270833333333333 0.6240740740740741 0.041666666666666664 0.06111111111111111
2 0.5565104166666667 0.6180555555555556 0.03177083333333333 0.04351851851851852
3 0.325 0.6712962962962963 0.040625 0.08148148148148149
3 0.24895833333333334 0.6731481481481482 0.04583333333333333 0.08518518518518518
2 0.46197916666666666 0.6194444444444445 0.026041666666666668 0.03888888888888889
2 0.4942708333333333 0.6347222222222222 0.03854166666666667 0.05092592592592592
3 0.03984375 0.8805555555555555 0.0796875 0.23148148148148148
3 0.51171875 0.6597222222222222 0.022395833333333334 0.06388888888888888
2 0.49583333333333335 0.625 0.040625 0.06111111111111111
3 0.6434895833333333 0.6643518518518519 0.021354166666666667 0.07314814814814814
0 0.1359375 0.662962962962963 0.04479166666666667 0.14814814814814814
0 0.8666666666666667 0.6310185185185185 0.0125 0.06388888888888888
0 0.8447916666666667 0.6351851851851852 0.014583333333333334 0.07037037037037037
0 0.2518229166666667 0.649074074074074 0.027604166666666666 0.10740740740740741
0 0.6424479166666667 0.65 0.024479166666666666 0.09259259259259259
0 0.24739583333333334 0.6518518518518519 0.03854166666666667 0.11481481481481481
0 0.3255208333333333 0.6462962962962963 0.03958333333333333 0.1111111111111111
0 0.8690104166666667 0.6319444444444444 0.0140625 0.06388888888888888
0 0.60703125 0.6462962962962963 0.0171875 0.05925925925925926
0 0.1265625 0.6694444444444444 0.06458333333333334 0.16296296296296298
