2 0.09609375 0.6916666666666667 0.1921875 0.35185185185185186
2 0.23177083333333334 0.6037037037037037 0.215625 0.19074074074074074
2 0.7986979166666667 0.5763888888888888 0.07760416666666667 0.0712962962962963
3 0.5846354166666666 0.6305555555555555 0.04739583333333333 0.12407407407407407
2 0.43802083333333336 0.5435185185185185 0.03125 0.044444444444444446
3 0.6270833333333333 0.5828703703703704 0.022916666666666665 0.05648148148148148
3 0.46953125 0.6148148148148148 0.033854166666666664 0.07407407407407407
3 0.6263020833333334 0.5745370370370371 0.0265625 0.0712962962962963
2 0.35572916666666665 0.5337962962962963 0.03333333333333333 0.03425925925925926
0 0.5815104166666667 0.5879629629629629 0.04739583333333333 0.14814814814814814
0 0.46822916666666664 0.5773148148148148 0.034375 0.13055555555555556
0 0.51328125 0.5648148148148148 0.0234375 0.09074074074074075
0 0.9716145833333333 0.5777777777777777 0.019270833333333334 0.08888888888888889
0 0.9421875 0.5726851851851852 0.013541666666666667 0.0787037037037037
