2 0.8658854166666666 0.5925925925925926 0.07447916666666667 0.0962962962962963
2 0.3065104166666667 0.6050925925925926 0.22239583333333332 0.2101851851851852
3 0.5072916666666667 0.7305555555555555 0.11145833333333334 0.2537037037037037
3 0.45026041666666666 0.5805555555555556 0.034895833333333334 0.08888888888888889
3 0.5591145833333333 0.5935185185185186 0.03177083333333333 0.09259259259259259
2 0.6192708333333333 0.5537037037037037 0.03229166666666667 0.046296296296296294
3 0.59375 0.5745370370370371 0.016666666666666666 0.06759259259259259
3 0.19765625 0.6106481481481482 0.058854166666666666 0.14722222222222223
0 0.5169270833333334 0.6453703703703704 0.08802083333333334 0.2814814814814815
0 0.59453125 0.5652777777777778 0.019270833333333334 0.08796296296296297
0 0.6729166666666667 0.5611111111111111 0.03229166666666667 0.05925925925925926
0 0.44973958333333336 0.5777777777777777 0.0359375 0.0962962962962963
