3 0.10859375 0.7046296296296296 0.1453125 0.21296296296296297
2 0.040625 0.6236111111111111 0.08125 0.2064814814814815
3 0.5364583333333334 0.6351851851851852 0.03229166666666667 0.1
3 0.9268229166666667 0.7541666666666667 0.08697916666666666 0.15462962962962962
2 0.7770833333333333 0.5976851851851852 0.075 0.06388888888888888
2 0.4140625 0.6023148148148149 0.07916666666666666 0.11018518518518519
2 0.75859375 0.5958333333333333 0.0390625 0.058333333333333334
2 0.32135416666666666 0.5564814814814815 0.027083333333333334 0.025925925925925925
0 0.9229166666666667 0.6703703703703704 0.09166666666666666 0.26851851851851855
0 0.11119791666666666 0.6282407407407408 0.0546875 0.22870370370370371
0 0.5575520833333333 0.5888888888888889 0.0265625 0.08703703703703704
0 0.5338541666666666 0.5847222222222223 0.027083333333333334 0.08981481481481482
0 0.8684895833333334 0.5972222222222222 0.018229166666666668 0.06851851851851852
0 0.8278645833333333 0.5907407407407408 0.0140625 0.07222222222222222
0 0.5341145833333333 0.5736111111111111 0.024479166666666666 0.0712962962962963
0 0.5578125 0.5796296296296296 0.022916666666666665 0.07222222222222222
