2 0.29973958333333334 0.5976851851851852 0.1984375 0.18611111111111112
2 0.16953125 0.5921296296296297 0.19427083333333334 0.1675925925925926
2 0.8018229166666667 0.5787037037037037 0.07760416666666667 0.07407407407407407
3 0.44114583333333335 0.6671296296296296 0.07708333333333334 0.14722222222222223
2 0.6091145833333333 0.5638888888888889 0.04010416666666667 0.06481481481481481
2 0.49583333333333335 0.5546296296296296 0.034375 0.053703703703703705
3 0.5822916666666667 0.612037037037037 0.03125 0.07407407407407407
3 0.5231770833333333 0.5726851851851852 0.028645833333333332 0.06388888888888888
0 0.5794270833333334 0.5805555555555556 0.030729166666666665 0.11296296296296296
0 0.43463541666666666 0.6018518518518519 0.06302083333333333 0.20555555555555555
0 0.6645833333333333 0.5777777777777777 0.015625 0.05740740740740741
0 0.89375 0.575925925925926 0.015625 0.06481481481481481
0 0.878125 0.5708333333333333 0.013541666666666667 0.075
0 0.57734375 0.5675925925925925 0.0265625 0.09444444444444444
