2 0.35911458333333335 0.587037037037037 0.10677083333333333 0.10555555555555556
3 0.10572916666666667 0.7731481481481481 0.21145833333333333 0.3388888888888889
2 0.846875 0.587037037037037 0.07083333333333333 0.08518518518518518
2 0.5091145833333334 0.5740740740740741 0.0703125 0.10740740740740741
3 0.71328125 0.6064814814814815 0.0265625 0.07222222222222222
2 0.46822916666666664 0.5657407407407408 0.022916666666666665 0.040740740740740744
2 0.5861979166666667 0.5699074074074074 0.028645833333333332 0.05092592592592592
0 0.11848958333333333 0.6662037037037037 0.08802083333333334 0.375
0 0.17864583333333334 0.637962962962963 0.06354166666666666 0.2833333333333333
0 0.7130208333333333 0.6013888888888889 0.023958333333333335 0.06574074074074074
