2 0.058333333333333334 0.6203703703703703 0.11666666666666667 0.2777777777777778
2 0.6044270833333333 0.5689814814814815 0.059895833333333336 0.0824074074074074
3 0.17786458333333333 0.6152777777777778 0.0703125 0.10833333333333334
3 0.3458333333333333 0.6796296296296296 0.10416666666666667 0.17962962962962964
2 0.8018229166666667 0.5740740740740741 0.07760416666666667 0.07037037037037037
3 0.2677083333333333 0.6134259259259259 0.06145833333333333 0.11203703703703703
3 0.6640625 0.5976851851851852 0.023958333333333335 0.08055555555555556
2 0.3888020833333333 0.5694444444444444 0.07135416666666666 0.08888888888888889
3 0.3924479166666667 0.5689814814814815 0.06197916666666667 0.08796296296296297
3 0.4786458333333333 0.6101851851851852 0.04895833333333333 0.10925925925925926
3 0.6924479166666667 0.5898148148148148 0.018229166666666668 0.053703703703703705
2 0.50859375 0.5587962962962963 0.027604166666666666 0.05277777777777778
2 0.5109375 0.55 0.035416666666666666 0.05925925925925926
0 0.48072916666666665 0.5768518518518518 0.046875 0.13148148148148148
0 0.34817708333333336 0.6023148148148149 0.058854166666666666 0.21574074074074073
0 0.88046875 0.5648148148148148 0.015104166666666667 0.08333333333333333
0 0.18151041666666667 0.5731481481481482 0.0359375 0.13333333333333333
0 0.2708333333333333 0.5814814814814815 0.03125 0.12407407407407407
0 0.6619791666666667 0.5898148148148148 0.021875 0.07962962962962963
0 0.8934895833333333 0.5689814814814815 0.0171875 0.0787037037037037
