2 0.4908854166666667 0.6037037037037037 0.14010416666666667 0.16296296296296298
2 0.08125 0.6027777777777777 0.1625 0.19444444444444445
2 0.8013020833333333 0.5740740740740741 0.07864583333333333 0.07222222222222222
2 0.4276041666666667 0.5736111111111111 0.07083333333333333 0.10648148148148148
3 0.5830729166666667 0.6814814814814815 0.059895833333333336 0.14629629629629629
3 0.23098958333333333 0.6273148148148148 0.08489583333333334 0.14166666666666666
3 0.3578125 0.5768518518518518 0.029166666666666667 0.06851851851851852
2 0.32057291666666665 0.5273148148148148 0.033854166666666664 0.03611111111111111
3 0.6432291666666666 0.586574074074074 0.022916666666666665 0.06944444444444445
0 0.58046875 0.6092592592592593 0.06302083333333333 0.20925925925925926
0 0.24505208333333334 0.5791666666666667 0.04739583333333333 0.16574074074074074
0 0.2125 0.611574074074074 0.036458333333333336 0.1175925925925926
0 0.3578125 0.5675925925925925 0.03125 0.08333333333333333
