2 0.3640625 0.5944444444444444 0.153125 0.15925925925925927
2 0.2520833333333333 0.5888888888888889 0.15416666666666667 0.14629629629629629
2 0.8018229166666667 0.5824074074074074 0.07760416666666667 0.07222222222222222
3 0.5263020833333333 0.6481481481481481 0.0515625 0.11851851851851852
3 0.5950520833333334 0.6027777777777777 0.027604166666666666 0.06296296296296296
2 0.45078125 0.5634259259259259 0.04635416666666667 0.06388888888888888
3 0.47291666666666665 0.5925925925925926 0.028125 0.07037037037037037
2 0.44557291666666665 0.5587962962962963 0.034895833333333334 0.05277777777777778
0 0.5244791666666667 0.5986111111111111 0.051041666666666666 0.16944444444444445
0 0.6557291666666667 0.575925925925926 0.01875 0.053703703703703705
0 0.8940104166666667 0.5782407407407407 0.013020833333333334 0.06388888888888888
