3 0.18203125 0.8300925925925926 0.30052083333333335 0.32314814814814813
2 0.8622395833333333 0.5944444444444444 0.0796875 0.1037037037037037
2 0.15364583333333334 0.6129629629629629 0.3072916666666667 0.2740740740740741
2 0.44869791666666664 0.5652777777777778 0.05260416666666667 0.0787037037037037
3 0.5184895833333333 0.6157407407407407 0.03802083333333333 0.0962962962962963
3 0.4080729166666667 0.6023148148148149 0.034895833333333334 0.07685185185185185
3 0.6341145833333334 0.6601851851851852 0.049479166666666664 0.11851851851851852
2 0.35390625 0.5365740740740741 0.028645833333333332 0.03425925925925926
0 0.23020833333333332 0.7037037037037037 0.128125 0.4777777777777778
0 0.6317708333333333 0.6041666666666666 0.046875 0.14907407407407408
0 0.52890625 0.575925925925926 0.0328125 0.10185185185185185
0 0.5208333333333334 0.5787037037037037 0.041666666666666664 0.10555555555555556
0 0.4080729166666667 0.5810185185185185 0.03697916666666667 0.11388888888888889
