3 0.45598958333333334 0.6370370370370371 0.04114583333333333 0.09444444444444444
2 0.7888020833333333 0.6037037037037037 0.07552083333333333 0.07037037037037037
3 0.9236979166666667 0.7384259259259259 0.08802083333333334 0.18055555555555555
2 0.5611979166666666 0.5782407407407407 0.04114583333333333 0.062037037037037036
3 0.35885416666666664 0.6902777777777778 0.078125 0.15648148148148147
2 0.25885416666666666 0.6064814814814815 0.18854166666666666 0.19814814814814816
3 0.4979166666666667 0.5986111111111111 0.020833333333333332 0.058333333333333334
7 0.25807291666666665 0.6074074074074074 0.18697916666666667 0.19814814814814816
3 0.9158854166666667 0.749537037037037 0.06822916666666666 0.15648148148148147
0 0.91953125 0.663425925925926 0.0953125 0.25462962962962965
0 0.5286458333333334 0.587037037037037 0.022916666666666665 0.10740740740740741
0 0.3546875 0.6259259259259259 0.065625 0.2074074074074074
0 0.4505208333333333 0.5958333333333333 0.036458333333333336 0.13055555555555556
0 0.4979166666666667 0.5893518518518519 0.020833333333333332 0.075
