2 0.79609375 0.6518518518518519 0.07760416666666667 0.07222222222222222
2 0.50078125 0.6365740740740741 0.050520833333333334 0.07685185185185185
3 0.14635416666666667 0.7106481481481481 0.078125 0.11574074074074074
3 0.027864583333333335 0.7180555555555556 0.05572916666666667 0.10648148148148148
3 0.6302083333333334 0.6986111111111111 0.027083333333333334 0.08425925925925926
3 0.4466145833333333 0.6902777777777778 0.04010416666666667 0.09166666666666666
2 0.34296875 0.624537037037037 0.033854166666666664 0.032407407407407406
2 0.4234375 0.6370370370370371 0.03854166666666667 0.06851851851851852
2 0.5557291666666667 0.6296296296296297 0.026041666666666668 0.03888888888888889
0 0.15234375 0.663425925925926 0.04010416666666667 0.14166666666666666
0 0.018489583333333334 0.6606481481481481 0.03697916666666667 0.13055555555555556
0 0.62734375 0.6671296296296296 0.0328125 0.12129629629629629
0 0.4466145833333333 0.6861111111111111 0.04114583333333333 0.09074074074074075
0 0.8802083333333334 0.6425925925925926 0.015625 0.06481481481481481
0 0.8536458333333333 0.6421296296296296 0.01875 0.0787037037037037
0 0.45260416666666664 0.674537037037037 0.03333333333333333 0.09722222222222222
