3 0.11041666666666666 0.7 0.146875 0.22407407407407406
2 0.56875 0.5893518518518519 0.05 0.07685185185185185
2 0.7901041666666667 0.6074074074074074 0.07708333333333334 0.07222222222222222
3 0.9401041666666666 0.737037037037037 0.115625 0.18703703703703703
3 0.4127604166666667 0.6439814814814815 0.04739583333333333 0.10462962962962963
3 0.32786458333333335 0.6199074074074075 0.05260416666666667 0.08981481481481482
2 0.5192708333333333 0.5745370370370371 0.030208333333333334 0.03981481481481482
0 0.11848958333333333 0.6291666666666667 0.0578125 0.24537037037037038
0 0.92578125 0.6666666666666666 0.09010416666666667 0.2611111111111111
0 0.40963541666666664 0.5787037037037037 0.04010416666666667 0.10185185185185185
0 0.3260416666666667 0.586574074074074 0.03958333333333333 0.10092592592592593
0 0.83046875 0.6046296296296296 0.019270833333333334 0.07777777777777778
0 0.6744791666666666 0.5930555555555556 0.01875 0.0712962962962963
0 0.328125 0.5976851851851852 0.04791666666666667 0.11574074074074074
