2 0.5502604166666667 0.5921296296296297 0.1140625 0.13425925925925927
2 0.1765625 0.5888888888888889 0.19895833333333332 0.1537037037037037
3 0.36692708333333335 0.725925925925926 0.13489583333333333 0.26666666666666666
2 0.46796875 0.5638888888888889 0.0734375 0.1
2 0.8013020833333333 0.575 0.07760416666666667 0.07037037037037037
3 0.65625 0.6375 0.03854166666666667 0.10648148148148148
2 0.4205729166666667 0.537962962962963 0.027604166666666666 0.03148148148148148
0 0.3658854166666667 0.6425925925925926 0.08697916666666666 0.29814814814814816
0 0.6546875 0.6023148148148149 0.042708333333333334 0.15648148148148147
0 0.6536458333333334 0.575925925925926 0.03958333333333333 0.09814814814814815
