2 0.5934895833333333 0.5745370370370371 0.06510416666666667 0.09351851851851851
2 0.8020833333333334 0.5736111111111111 0.078125 0.0712962962962963
3 0.221875 0.6106481481481482 0.06875 0.10092592592592593
3 0.05260416666666667 0.7398148148148148 0.10520833333333333 0.25555555555555554
2 0.49557291666666664 0.5560185185185185 0.04635416666666667 0.07314814814814814
3 0.12734375 0.6291666666666667 0.0953125 0.11574074074074074
2 0.32317708333333334 0.575462962962963 0.0734375 0.10833333333333334
3 0.3671875 0.6458333333333334 0.078125 0.13796296296296295
3 0.46640625 0.5828703703703704 0.030729166666666665 0.0787037037037037
3 0.6916666666666667 0.5967592592592592 0.022916666666666665 0.05648148148148148
2 0.34453125 0.5731481481481482 0.11614583333333334 0.10740740740740741
2 0.4161458333333333 0.5365740740740741 0.027083333333333334 0.032407407407407406
0 0.22994791666666667 0.5722222222222222 0.04114583333333333 0.13333333333333333
0 0.024479166666666666 0.6476851851851851 0.04895833333333333 0.3731481481481482
0 0.3765625 0.5967592592592592 0.06145833333333333 0.17685185185185184
0 0.12395833333333334 0.5888888888888889 0.053125 0.15925925925925927
0 0.6911458333333333 0.5805555555555556 0.025 0.08333333333333333
0 0.36692708333333335 0.5995370370370371 0.0515625 0.18796296296296297
0 0.6354166666666666 0.5949074074074074 0.034375 0.13240740740740742
0 0.026302083333333334 0.5796296296296296 0.05260416666666667 0.23148148148148148
0 0.8895833333333333 0.5666666666666667 0.019791666666666666 0.08148148148148149
0 0.13307291666666668 0.5824074074074074 0.0359375 0.14629629629629629
0 0.88671875 0.5689814814814815 0.018229166666666668 0.0787037037037037
