3 0.26015625 0.6986111111111111 0.14322916666666666 0.24351851851851852
2 0.8020833333333334 0.5773148148148148 0.078125 0.0712962962962963
2 0.08072916666666667 0.6032407407407407 0.16145833333333334 0.2064814814814815
3 0.5424479166666667 0.6171296296296296 0.049479166666666664 0.1175925925925926
2 0.6091145833333333 0.5652777777777778 0.0484375 0.06944444444444445
2 0.19401041666666666 0.611574074074074 0.26927083333333335 0.2212962962962963
2 0.15364583333333334 0.6106481481481482 0.19166666666666668 0.2175925925925926
2 0.48984375 0.5564814814814815 0.0234375 0.05
3 0.6734375 0.5842592592592593 0.025 0.06481481481481481
3 0.39166666666666666 0.6032407407407407 0.034375 0.0787037037037037
2 0.35520833333333335 0.5402777777777777 0.035416666666666666 0.03796296296296296
0 0.2515625 0.6268518518518519 0.09270833333333334 0.2833333333333333
0 0.53125 0.5810185185185185 0.03229166666666667 0.12685185185185185
0 0.8770833333333333 0.5675925925925925 0.015625 0.08148148148148149
0 0.671875 0.5796296296296296 0.025 0.06851851851851852
0 0.5296875 0.5680555555555555 0.028125 0.09166666666666666
0 0.5591145833333333 0.5694444444444444 0.025520833333333333 0.1
0 0.3888020833333333 0.5935185185185186 0.027604166666666666 0.08518518518518518
