3 0.09270833333333334 0.7273148148148149 0.18541666666666667 0.3175925925925926
2 0.5981770833333333 0.5745370370370371 0.0671875 0.09166666666666666
3 0.246875 0.6092592592592593 0.0625 0.10185185185185185
2 0.8020833333333334 0.575462962962963 0.078125 0.0712962962962963
2 0.33984375 0.5745370370370371 0.0859375 0.10092592592592593
2 0.49635416666666665 0.5550925925925926 0.04479166666666667 0.0712962962962963
3 0.4002604166666667 0.6273148148148148 0.0796875 0.15092592592592594
3 0.646875 0.625462962962963 0.026041666666666668 0.075
3 0.17135416666666667 0.625462962962963 0.06458333333333334 0.11018518518518519
3 0.18541666666666667 0.6333333333333333 0.035416666666666666 0.1
3 0.4705729166666667 0.5800925925925926 0.0265625 0.075
0 0.0953125 0.6189814814814815 0.09166666666666666 0.29907407407407405
0 0.25234375 0.5736111111111111 0.0453125 0.1361111111111111
0 0.64609375 0.6111111111111112 0.030729166666666665 0.10185185185185185
0 0.6911458333333333 0.5810185185185185 0.023958333333333335 0.08055555555555556
0 0.09635416666666667 0.5736111111111111 0.090625 0.2101851851851852
0 0.39375 0.586574074074074 0.051041666666666666 0.15462962962962962
0 0.4705729166666667 0.5782407407407407 0.028645833333333332 0.07685185185185185
0 0.8932291666666666 0.5680555555555555 0.016666666666666666 0.08055555555555556
0 0.16041666666666668 0.5722222222222222 0.04583333333333333 0.11481481481481481
0 0.40520833333333334 0.587037037037037 0.034375 0.14074074074074075
