2 0.8177083333333334 0.6041666666666666 0.07604166666666666 0.07685185185185185
3 0.28567708333333336 0.6370370370370371 0.06510416666666667 0.11481481481481481
3 0.4979166666666667 0.6111111111111112 0.029166666666666667 0.08518518518518518
2 0.44583333333333336 0.5791666666666667 0.03854166666666667 0.05648148148148148
2 0.18541666666666667 0.5986111111111111 0.18125 0.1824074074074074
2 0.52109375 0.5722222222222222 0.03802083333333333 0.05925925925925926
7 0.6192708333333333 0.624537037037037 0.10625 0.23796296296296296
2 0.3572916666666667 0.5578703703703703 0.03333333333333333 0.03425925925925926
2 0.36432291666666666 0.5583333333333333 0.033854166666666664 0.03518518518518519
2 0.47291666666666665 0.5643518518518519 0.028125 0.049074074074074076
2 0.007552083333333333 0.6763888888888889 0.015104166666666667 0.1527777777777778
2 0.32838541666666665 0.5569444444444445 0.03177083333333333 0.032407407407407406
0 0.28958333333333336 0.5916666666666667 0.03333333333333333 0.12777777777777777
0 0.99140625 0.6074074074074074 0.016145833333333335 0.0962962962962963
0 0.9658854166666667 0.6134259259259259 0.0234375 0.10833333333333334
0 0.2838541666666667 0.6060185185185185 0.06145833333333333 0.16203703703703703
