2 0.784375 0.6523148148148148 0.078125 0.07314814814814814
2 0.5763020833333333 0.6467592592592593 0.027604166666666666 0.062037037037037036
2 0.40963541666666664 0.6259259259259259 0.0765625 0.11481481481481481
7 0.4114583333333333 0.625 0.078125 0.12037037037037036
2 0.50390625 0.6060185185185185 0.0328125 0.032407407407407406
2 0.4981770833333333 0.6055555555555555 0.0234375 0.03148148148148148
0 0.038802083333333334 0.6847222222222222 0.07760416666666667 0.3990740740740741
0 0.83046875 0.6449074074074074 0.019270833333333334 0.07314814814814814
0 0.6794270833333333 0.6435185185185185 0.027604166666666666 0.1037037037037037
0 0.6377604166666667 0.6300925925925925 0.0140625 0.06018518518518518
0 0.6734375 0.6370370370370371 0.021875 0.09259259259259259
