3 0.12760416666666666 0.7212962962962963 0.165625 0.22962962962962963
2 0.340625 0.5916666666666667 0.10833333333333334 0.12037037037037036
2 0.8015625 0.5907407407407408 0.07708333333333334 0.07407407407407407
2 0.43307291666666664 0.5962962962962963 0.1109375 0.13148148148148148
3 0.5986979166666667 0.6375 0.030729166666666665 0.08611111111111111
5 0.5377604166666666 0.5300925925925926 0.07864583333333333 0.09537037037037037
3 0.515625 0.5935185185185186 0.017708333333333333 0.06666666666666667
2 0.49609375 0.5643518518518519 0.025520833333333333 0.05092592592592592
0 0.13802083333333334 0.6532407407407408 0.06458333333333334 0.2657407407407407
0 0.8661458333333333 0.5828703703703704 0.016666666666666666 0.0712962962962963
0 0.5171875 0.5902777777777778 0.019791666666666666 0.0712962962962963
0 0.8916666666666667 0.5842592592592593 0.017708333333333333 0.07222222222222222
0 0.5140625 0.5939814814814814 0.019791666666666666 0.07314814814814814
0 0.5973958333333333 0.6050925925925926 0.029166666666666667 0.13240740740740742
0 0.5940104166666667 0.5689814814814815 0.021354166666666667 0.0712962962962963
