3 0.24453125 0.6800925925925926 0.0984375 0.16944444444444445
3 0.45234375 0.6351851851851852 0.03697916666666667 0.08703703703703704
7 0.07473958333333333 0.6217592592592592 0.14947916666666666 0.2898148148148148
2 0.5671875 0.5875 0.04791666666666667 0.07314814814814814
2 0.78984375 0.6078703703703704 0.07552083333333333 0.0712962962962963
3 0.38567708333333334 0.6157407407407407 0.044270833333333336 0.07777777777777778
3 0.9296875 0.7444444444444445 0.10625 0.1685185185185185
2 0.5184895833333333 0.5768518518518518 0.0328125 0.03888888888888889
2 0.34348958333333335 0.5601851851851852 0.03697916666666667 0.03518518518518519
0 0.2484375 0.6180555555555556 0.05 0.20462962962962963
0 0.9270833333333334 0.6671296296296296 0.09895833333333333 0.2657407407407407
0 0.3841145833333333 0.5893518518518519 0.034895833333333334 0.10648148148148148
0 0.45078125 0.5935185185185186 0.0328125 0.0962962962962963
0 0.19635416666666666 0.5967592592592592 0.03125 0.125
0 0.6684895833333333 0.6041666666666666 0.016145833333333335 0.04722222222222222
0 0.9453125 0.6865740740740741 0.041666666666666664 0.2175925925925926
0 0.1890625 0.6060185185185185 0.05 0.14351851851851852
0 0.8361979166666667 0.6111111111111112 0.019270833333333334 0.07037037037037037
