2 0.096875 0.5995370370370371 0.19375 0.19166666666666668
3 0.33125 0.6935185185185185 0.11458333333333333 0.19074074074074074
2 0.2203125 0.6060185185185185 0.21145833333333333 0.2101851851851852
2 0.8015625 0.5782407407407407 0.07708333333333334 0.07314814814814814
2 0.6080729166666666 0.5648148148148148 0.04739583333333333 0.06666666666666667
3 0.55703125 0.6166666666666667 0.04010416666666667 0.09814814814814815
2 0.49244791666666665 0.5555555555555556 0.028645833333333332 0.05
3 0.51484375 0.5777777777777777 0.025520833333333333 0.06111111111111111
3 0.4114583333333333 0.5976851851851852 0.03229166666666667 0.08055555555555556
0 0.321875 0.6157407407407407 0.07916666666666666 0.25
0 0.66953125 0.575925925925926 0.021354166666666667 0.06851851851851852
0 0.5575520833333333 0.5819444444444445 0.03802083333333333 0.11944444444444445
0 0.5640625 0.5787037037037037 0.030208333333333334 0.10925925925925926
0 0.54921875 0.5722222222222222 0.0234375 0.1
0 0.8765625 0.5685185185185185 0.015625 0.08333333333333333
0 0.5666666666666667 0.5833333333333334 0.022916666666666665 0.12407407407407407
0 0.8817708333333333 0.5685185185185185 0.014583333333333334 0.08148148148148149
