3 0.17005208333333333 0.6726851851851852 0.1140625 0.15833333333333333
3 0.384375 0.7944444444444444 0.13541666666666666 0.3
2 0.29609375 0.6083333333333333 0.18177083333333333 0.18888888888888888
2 0.8067708333333333 0.6032407407407407 0.07916666666666666 0.07314814814814814
2 0.51015625 0.5717592592592593 0.0359375 0.05648148148148148
3 0.4578125 0.6064814814814815 0.030208333333333334 0.07592592592592592
2 0.47734375 0.5634259259259259 0.027604166666666666 0.041666666666666664
0 0.3846354166666667 0.6828703703703703 0.1109375 0.3398148148148148
0 0.17526041666666667 0.6273148148148148 0.05364583333333333 0.19166666666666668
0 0.97890625 0.6078703703703704 0.019270833333333334 0.09166666666666666
