2 0.18723958333333332 0.6032407407407407 0.2109375 0.15462962962962962
2 0.8598958333333333 0.587037037037037 0.07083333333333333 0.08888888888888889
2 0.46510416666666665 0.5805555555555556 0.1125 0.14074074074074075
3 0.6895833333333333 0.6453703703703704 0.03854166666666667 0.10740740740740741
2 0.6046875 0.5532407407407407 0.020833333333333332 0.04351851851851852
2 0.34401041666666665 0.5342592592592592 0.03697916666666667 0.027777777777777776
2 0.38255208333333335 0.5421296296296296 0.033854166666666664 0.03425925925925926
2 0.38177083333333334 0.5439814814814815 0.023958333333333335 0.030555555555555555
0 0.6848958333333334 0.6013888888888889 0.035416666666666666 0.13425925925925927
0 0.6872395833333333 0.5851851851851851 0.04114583333333333 0.09259259259259259
