2 0.11692708333333333 0.6833333333333333 0.23385416666666667 0.34814814814814815
2 0.79921875 0.575 0.07760416666666667 0.07222222222222222
2 0.26067708333333334 0.600462962962963 0.18489583333333334 0.18425925925925926
2 0.43802083333333336 0.5388888888888889 0.03333333333333333 0.05
3 0.590625 0.625 0.04583333333333333 0.12407407407407407
2 0.4942708333333333 0.5351851851851852 0.030208333333333334 0.04259259259259259
2 0.35442708333333334 0.5333333333333333 0.034895833333333334 0.03518518518518519
3 0.47552083333333334 0.611574074074074 0.03333333333333333 0.07314814814814814
0 0.47239583333333335 0.5777777777777777 0.035416666666666666 0.12777777777777777
0 0.9713541666666666 0.5777777777777777 0.019791666666666666 0.09074074074074075
0 0.5916666666666667 0.5731481481481482 0.04583333333333333 0.13333333333333333
0 0.51484375 0.5634259259259259 0.022395833333333334 0.08611111111111111
0 0.9419270833333333 0.5736111111111111 0.0140625 0.0787037037037037
0 0.5479166666666667 0.5462962962962963 0.016666666666666666 0.06481481481481481
