3 0.19869791666666667 0.7101851851851851 0.1390625 0.20185185185185187
2 0.35052083333333334 0.5916666666666667 0.10104166666666667 0.11481481481481481
2 0.44088541666666664 0.5962962962962963 0.10364583333333334 0.12777777777777777
3 0.6065104166666667 0.6375 0.0265625 0.0787037037037037
2 0.8018229166666667 0.5949074074074074 0.07760416666666667 0.0712962962962963
2 0.5809895833333333 0.5740740740740741 0.0359375 0.05555555555555555
5 0.5369791666666667 0.5337962962962963 0.07916666666666666 0.09537037037037037
3 0.5190104166666667 0.5935185185185186 0.0171875 0.06666666666666667
0 0.20833333333333334 0.6606481481481481 0.053125 0.2101851851851852
0 0.19895833333333332 0.663425925925926 0.075 0.21388888888888888
0 0.51875 0.5916666666666667 0.017708333333333333 0.06851851851851852
0 0.6052083333333333 0.5958333333333333 0.030208333333333334 0.12129629629629629
0 0.865625 0.587037037037037 0.014583333333333334 0.07222222222222222
0 0.8903645833333333 0.5898148148148148 0.015104166666666667 0.06666666666666667
0 0.8807291666666667 0.5898148148148148 0.0125 0.06296296296296296
