2 0.27317708333333335 0.6574074074074074 0.32135416666666666 0.29814814814814816
2 0.8005208333333333 0.5740740740740741 0.07916666666666666 0.07037037037037037
3 0.09973958333333334 0.8310185185185185 0.19947916666666668 0.325
3 0.6247395833333333 0.6138888888888889 0.0328125 0.09074074074074075
2 0.43802083333333336 0.5388888888888889 0.03229166666666667 0.05
2 0.4830729166666667 0.5435185185185185 0.04114583333333333 0.06666666666666667
3 0.5114583333333333 0.5995370370370371 0.021875 0.05462962962962963
2 0.5322916666666667 0.5430555555555555 0.030208333333333334 0.058333333333333334
0 0.0578125 0.7018518518518518 0.115625 0.575925925925926
0 0.6338541666666667 0.5916666666666667 0.016666666666666666 0.08333333333333333
0 0.93984375 0.5731481481481482 0.015104166666666667 0.07777777777777778
0 0.6372395833333333 0.5879629629629629 0.015104166666666667 0.08148148148148149
