2 0.28072916666666664 0.6013888888888889 0.15 0.1398148148148148
3 0.05963541666666667 0.7328703703703704 0.11927083333333334 0.19907407407407407
3 0.44921875 0.6351851851851852 0.04114583333333333 0.1
2 0.4981770833333333 0.5814814814814815 0.0609375 0.09444444444444444
3 0.9161458333333333 0.7638888888888888 0.06979166666666667 0.1685185185185185
2 0.5453125 0.5740740740740741 0.030208333333333334 0.040740740740740744
2 0.759375 0.5981481481481481 0.059375 0.06296296296296296
3 0.9239583333333333 0.736574074074074 0.09270833333333334 0.2101851851851852
3 0.5872395833333334 0.6111111111111112 0.028645833333333332 0.06666666666666667
2 0.54453125 0.5680555555555555 0.034895833333333334 0.05092592592592592
3 0.584375 0.5972222222222222 0.036458333333333336 0.08148148148148149
2 0.3645833333333333 0.5615740740740741 0.028125 0.03425925925925926
0 0.9265625 0.6819444444444445 0.10833333333333334 0.2898148148148148
0 0.034375 0.6550925925925926 0.06875 0.2916666666666667
0 0.8283854166666667 0.5902777777777778 0.015104166666666667 0.06574074074074074
0 0.88203125 0.6055555555555555 0.0171875 0.06666666666666667
0 0.44921875 0.5995370370370371 0.03697916666666667 0.10092592592592593
