3 0.12265625 0.662962962962963 0.07760416666666667 0.10555555555555556
3 0.61328125 0.725925925925926 0.043229166666666666 0.1388888888888889
2 0.78515625 0.6615740740740741 0.07552083333333333 0.07314814814814814
3 0.47213541666666664 0.6851851851851852 0.05364583333333333 0.10925925925925926
7 0.2786458333333333 0.6337962962962963 0.184375 0.19537037037037036
2 0.41171875 0.6087962962962963 0.033854166666666664 0.04537037037037037
2 0.5557291666666667 0.6199074074074075 0.025 0.03425925925925926
3 0.35390625 0.6550925925925926 0.0671875 0.08611111111111111
0 0.11770833333333333 0.624537037037037 0.04583333333333333 0.1361111111111111
0 0.64375 0.6435185185185185 0.019791666666666666 0.07592592592592592
0 0.12421875 0.6236111111111111 0.030729166666666665 0.13240740740740742
0 0.6078125 0.663425925925926 0.057291666666666664 0.1527777777777778
0 0.8419270833333333 0.6537037037037037 0.0140625 0.06666666666666667
0 0.8270833333333333 0.6537037037037037 0.014583333333333334 0.06666666666666667
0 0.42421875 0.6319444444444444 0.019270833333333334 0.07685185185185185
0 0.60078125 0.6504629629629629 0.0484375 0.12314814814814815
0 0.4708333333333333 0.6773148148148148 0.04895833333333333 0.11574074074074074
0 0.5385416666666667 0.6388888888888888 0.014583333333333334 0.05185185185185185
