2 0.78671875 0.6023148148148149 0.07552083333333333 0.06944444444444445
2 0.31588541666666664 0.600925925925926 0.1828125 0.17777777777777778
3 0.9268229166666667 0.7407407407407407 0.09010416666666667 0.17592592592592593
2 0.5627604166666667 0.5768518518518518 0.033854166666666664 0.05740740740740741
3 0.4778645833333333 0.6296296296296297 0.0359375 0.08333333333333333
3 0.41822916666666665 0.6754629629629629 0.058333333333333334 0.13425925925925927
3 0.9184895833333333 0.75 0.0703125 0.1574074074074074
0 0.925 0.663425925925926 0.09583333333333334 0.2657407407407407
0 0.415625 0.6185185185185185 0.06354166666666666 0.19074074074074074
0 0.5130208333333334 0.5851851851851851 0.01875 0.07962962962962963
0 0.8575520833333333 0.5958333333333333 0.018229166666666668 0.06944444444444445
0 0.8760416666666667 0.5893518518518519 0.016666666666666666 0.075
0 0.6411458333333333 0.5810185185185185 0.013541666666666667 0.05092592592592592
0 0.4778645833333333 0.6097222222222223 0.03697916666666667 0.12129629629629629
