3 0.04791666666666667 0.7324074074074074 0.09583333333333334 0.16111111111111112
3 0.5236979166666667 0.637962962962963 0.03697916666666667 0.10740740740740741
2 0.7796875 0.6018518518518519 0.078125 0.06481481481481481
3 0.91875 0.7546296296296297 0.06458333333333334 0.1537037037037037
3 0.928125 0.7490740740740741 0.08958333333333333 0.16296296296296298
2 0.39739583333333334 0.6106481481481482 0.0875 0.10462962962962963
2 0.42265625 0.587037037037037 0.1046875 0.12407407407407407
0 0.9296875 0.6787037037037037 0.096875 0.2814814814814815
0 0.019010416666666665 0.6421296296296296 0.03802083333333333 0.2638888888888889
0 0.86640625 0.5976851851851852 0.0171875 0.06759259259259259
0 0.55546875 0.5819444444444445 0.027604166666666666 0.08425925925925926
0 0.5221354166666666 0.587037037037037 0.030729166666666665 0.09259259259259259
0 0.5278645833333333 0.5916666666666667 0.034895833333333334 0.10185185185185185
0 0.6325520833333333 0.5800925925925926 0.018229166666666668 0.049074074074074076
