3 0.07708333333333334 0.7296296296296296 0.15416666666666667 0.2462962962962963
3 0.45625 0.6324074074074074 0.03854166666666667 0.10185185185185185
2 0.29010416666666666 0.600925925925926 0.14583333333333334 0.13518518518518519
2 0.4981770833333333 0.5810185185185185 0.06302083333333333 0.09351851851851851
3 0.9166666666666666 0.7638888888888888 0.07083333333333333 0.17222222222222222
2 0.5455729166666666 0.5740740740740741 0.0296875 0.040740740740740744
2 0.7625 0.5981481481481481 0.04791666666666667 0.06111111111111111
3 0.9234375 0.737037037037037 0.09166666666666666 0.21296296296296297
2 0.7489583333333333 0.5967592592592592 0.07395833333333333 0.06018518518518518
2 0.7276041666666667 0.5949074074074074 0.03333333333333333 0.05092592592592592
2 0.5440104166666667 0.5689814814814815 0.03697916666666667 0.05092592592592592
2 0.0375 0.5912037037037037 0.075 0.10462962962962963
0 0.9270833333333334 0.6810185185185185 0.10833333333333334 0.2916666666666667
0 0.059375 0.6560185185185186 0.096875 0.2916666666666667
0 0.4557291666666667 0.5944444444444444 0.035416666666666666 0.11851851851851852
0 0.8278645833333333 0.5907407407407408 0.015104166666666667 0.06666666666666667
0 0.88203125 0.6064814814814815 0.0171875 0.06851851851851852
0 0.5908854166666667 0.5939814814814814 0.024479166666666666 0.08055555555555556
0 0.8802083333333334 0.600925925925926 0.016666666666666666 0.06481481481481481
