3 0.265625 0.8328703703703704 0.22291666666666668 0.3287037037037037
3 0.07421875 0.7847222222222222 0.1484375 0.21388888888888888
2 0.790625 0.6444444444444445 0.07916666666666666 0.07222222222222222
2 0.4244791666666667 0.6240740740740741 0.03958333333333333 0.05555555555555555
2 0.49166666666666664 0.625 0.041666666666666664 0.06111111111111111
2 0.55390625 0.6180555555555556 0.03697916666666667 0.04351851851851852
3 0.359375 0.663425925925926 0.03229166666666667 0.07685185185185185
2 0.46041666666666664 0.6175925925925926 0.026041666666666668 0.037037037037037035
2 0.30572916666666666 0.6087962962962963 0.0375 0.04351851851851852
0 0.044270833333333336 0.687962962962963 0.08229166666666667 0.2851851851851852
0 0.2755208333333333 0.7393518518518518 0.125 0.39537037037037037
0 0.6455729166666667 0.649074074074074 0.018229166666666668 0.08703703703703704
0 0.5208333333333334 0.6509259259259259 0.020833333333333332 0.06481481481481481
0 0.6083333333333333 0.6430555555555556 0.015625 0.05092592592592592
0 0.84140625 0.6370370370370371 0.0171875 0.06851851851851852
