3 0.37838541666666664 0.6518518518518519 0.0578125 0.11481481481481481
2 0.56796875 0.5898148148148148 0.050520833333333334 0.08148148148148149
3 0.9432291666666667 0.7379629629629629 0.1125 0.2
3 0.2830729166666667 0.6231481481481481 0.059895833333333336 0.09814814814814815
3 0.04348958333333333 0.7277777777777777 0.08697916666666666 0.18888888888888888
2 0.78984375 0.6078703703703704 0.07760416666666667 0.0712962962962963
2 0.30911458333333336 0.5587962962962963 0.030729166666666665 0.03796296296296296
2 0.51640625 0.575462962962963 0.0296875 0.04537037037037037
0 0.020572916666666666 0.6398148148148148 0.04114583333333333 0.3
0 0.37734375 0.6101851851851852 0.05260416666666667 0.15925925925925927
0 0.9299479166666667 0.6694444444444444 0.08802083333333334 0.25925925925925924
0 0.2830729166666667 0.586574074074074 0.034895833333333334 0.11203703703703703
0 0.6760416666666667 0.5949074074074074 0.01875 0.07314814814814814
0 0.96171875 0.6773148148148148 0.07239583333333334 0.275
0 0.8291666666666667 0.6046296296296296 0.01875 0.07222222222222222
