2 0.859375 0.5986111111111111 0.084375 0.11018518518518519
2 0.11614583333333334 0.6199074074074075 0.23229166666666667 0.27870370370370373
2 0.42890625 0.5685185185185185 0.0609375 0.08148148148148149
3 0.37786458333333334 0.6041666666666666 0.04114583333333333 0.08611111111111111
2 0.6356770833333333 0.5569444444444445 0.034895833333333334 0.049074074074074076
3 0.5973958333333333 0.6810185185185185 0.05625 0.13796296296296295
3 0.48671875 0.6263888888888889 0.044270833333333336 0.10092592592592593
3 0.0484375 0.837037037037037 0.096875 0.31851851851851853
2 0.353125 0.5342592592592592 0.027083333333333334 0.02962962962962963
3 0.6 0.6694444444444444 0.065625 0.17037037037037037
3 0.47942708333333334 0.6273148148148148 0.0328125 0.09722222222222222
0 0.5953125 0.612037037037037 0.059375 0.19074074074074074
0 0.38125 0.5736111111111111 0.036458333333333336 0.10648148148148148
0 0.5473958333333333 0.5675925925925925 0.019791666666666666 0.08148148148148149
0 0.4869791666666667 0.5819444444444445 0.046875 0.125
0 0.5174479166666667 0.575462962962963 0.0265625 0.11203703703703703
