3 0.30963541666666666 0.6986111111111111 0.09739583333333333 0.18611111111111112
3 0.9229166666666667 0.7398148148148148 0.09270833333333334 0.17962962962962964
2 0.5627604166666667 0.5805555555555556 0.04114583333333333 0.06296296296296296
2 0.7875 0.6032407407407407 0.075 0.07314814814814814
3 0.43802083333333336 0.6388888888888888 0.04479166666666667 0.10185185185185185
2 0.22630208333333332 0.6087962962962963 0.21510416666666668 0.21203703703703702
7 0.240625 0.6097222222222223 0.240625 0.21388888888888888
3 0.48671875 0.600462962962963 0.024479166666666666 0.06388888888888888
2 0.7984375 0.6055555555555555 0.05625 0.07037037037037037
3 0.5234375 0.6129629629629629 0.022916666666666665 0.07037037037037037
0 0.9182291666666667 0.6657407407407407 0.09791666666666667 0.25925925925925924
0 0.315625 0.6324074074074074 0.078125 0.23148148148148148
0 0.52109375 0.5921296296296297 0.0234375 0.10462962962962963
0 0.43515625 0.6023148148148149 0.04114583333333333 0.14166666666666666
0 0.8666666666666667 0.5893518518518519 0.015625 0.0787037037037037
0 0.48671875 0.5879629629629629 0.024479166666666666 0.08148148148148149
0 0.4859375 0.5782407407407407 0.020833333333333332 0.07314814814814814
