2 0.80078125 0.5745370370370371 0.0796875 0.0712962962962963
3 0.4283854166666667 0.7407407407407407 0.1296875 0.26851851851851855
3 0.05026041666666667 0.6425925925925926 0.09947916666666666 0.1814814814814815
2 0.3997395833333333 0.6208333333333333 0.20989583333333334 0.20092592592592592
2 0.3580729166666667 0.6217592592592592 0.1234375 0.19537037037037036
2 0.48723958333333334 0.6106481481481482 0.07447916666666667 0.16574074074074074
3 0.6385416666666667 0.5986111111111111 0.028125 0.0712962962962963
3 0.3026041666666667 0.5731481481481482 0.03958333333333333 0.11296296296296296
2 0.5505208333333333 0.5388888888888889 0.022916666666666665 0.037037037037037035
0 0.42942708333333335 0.6370370370370371 0.10052083333333334 0.3296296296296296
0 0.051041666666666666 0.586574074074074 0.07916666666666666 0.21944444444444444
0 0.6395833333333333 0.5939814814814814 0.028125 0.07314814814814814
0 0.07317708333333334 0.5902777777777778 0.03802083333333333 0.18055555555555555
