2 0.19375 0.5879629629629629 0.18854166666666666 0.15
3 0.41015625 0.7125 0.1171875 0.23055555555555557
2 0.8013020833333333 0.575925925925926 0.07760416666666667 0.07222222222222222
2 0.5541666666666667 0.5898148148148148 0.10833333333333334 0.12777777777777777
2 0.47161458333333334 0.5615740740740741 0.06197916666666667 0.09537037037037037
3 0.66171875 0.6337962962962963 0.03802083333333333 0.10092592592592593
3 0.030208333333333334 0.6875 0.06041666666666667 0.14907407407407408
0 0.41484375 0.6342592592592593 0.06302083333333333 0.2740740740740741
0 0.6611979166666667 0.5861111111111111 0.033854166666666664 0.10925925925925926
0 0.012239583333333333 0.5712962962962963 0.024479166666666666 0.1685185185185185
