2 0.2825520833333333 0.5805555555555556 0.10885416666666667 0.1259259259259259
2 0.80234375 0.5740740740740741 0.07864583333333333 0.07037037037037037
3 0.6809895833333334 0.6152777777777778 0.030729166666666665 0.08981481481481482
3 0.20598958333333334 0.6398148148148148 0.09739583333333333 0.16111111111111112
2 0.48151041666666666 0.5587962962962963 0.058854166666666666 0.08981481481481482
3 0.030208333333333334 0.7101851851851851 0.06041666666666667 0.25555555555555554
2 0.5854166666666667 0.5824074074074074 0.065625 0.1111111111111111
2 0.26015625 0.5824074074074074 0.15260416666666668 0.12962962962962962
3 0.55 0.6754629629629629 0.053125 0.13425925925925927
2 0.353125 0.5333333333333333 0.034375 0.03888888888888889
3 0.40859375 0.5958333333333333 0.024479166666666666 0.09166666666666666
3 0.4153645833333333 0.5944444444444444 0.03802083333333333 0.09444444444444444
3 0.5497395833333333 0.663425925925926 0.06302083333333333 0.1675925925925926
0 0.546875 0.5990740740740741 0.059375 0.1814814814814815
0 0.21015625 0.5875 0.043229166666666666 0.18425925925925926
0 0.025520833333333333 0.6143518518518518 0.051041666666666666 0.24351851851851852
0 0.6796875 0.5833333333333334 0.03333333333333333 0.10925925925925926
0 0.8927083333333333 0.5708333333333333 0.017708333333333333 0.07685185185185185
0 0.63359375 0.5643518518518519 0.018229166666666668 0.06759259259259259
0 0.40677083333333336 0.5916666666666667 0.022916666666666665 0.09074074074074075
0 0.6755208333333333 0.5763888888888888 0.027083333333333334 0.09166666666666666
0 0.41510416666666666 0.5893518518518519 0.03854166666666667 0.09166666666666666
0 0.015364583333333333 0.6157407407407407 0.030729166666666665 0.2351851851851852
