2 0.5197916666666667 0.5990740740740741 0.1375 0.15185185185185185
3 0.07630208333333334 0.8240740740740741 0.15260416666666668 0.29814814814814816
2 0.12578125 0.5902777777777778 0.16822916666666668 0.16574074074074074
2 0.8015625 0.575925925925926 0.078125 0.07222222222222222
2 0.446875 0.5675925925925925 0.07395833333333333 0.10185185185185185
3 0.28411458333333334 0.6194444444444445 0.06927083333333334 0.12407407407407407
3 0.6190104166666667 0.6625 0.0484375 0.13240740740740742
3 0.375 0.575 0.028125 0.06111111111111111
2 0.32135416666666666 0.5273148148148148 0.03333333333333333 0.041666666666666664
0 0.038802083333333334 0.6907407407407408 0.07760416666666667 0.4648148148148148
0 0.28958333333333336 0.5773148148148148 0.04583333333333333 0.15092592592592594
0 0.61640625 0.5953703703703703 0.0578125 0.18518518518518517
