2 0.78671875 0.6504629629629629 0.07552083333333333 0.07314814814814814
7 0.20260416666666667 0.6518518518518519 0.225 0.22777777777777777
3 0.5544270833333333 0.7523148148148148 0.06822916666666666 0.1675925925925926
3 0.3932291666666667 0.7060185185185185 0.08333333333333333 0.13796296296296295
2 0.48411458333333335 0.6194444444444445 0.0453125 0.06111111111111111
3 0.011979166666666667 0.6990740740740741 0.023958333333333335 0.10555555555555556
3 0.32395833333333335 0.663425925925926 0.046875 0.10092592592592593
0 0.6450520833333333 0.6430555555555556 0.018229166666666668 0.0787037037037037
0 0.55234375 0.6810185185185185 0.07447916666666667 0.21203703703703702
0 0.3924479166666667 0.6472222222222223 0.0578125 0.15925925925925927
0 0.3346354166666667 0.6560185185185186 0.028645833333333332 0.10462962962962963
0 0.6098958333333333 0.6398148148148148 0.015625 0.05185185185185185
0 0.5432291666666667 0.6731481481481482 0.065625 0.18888888888888888
0 0.3190104166666667 0.6615740740740741 0.03697916666666667 0.10092592592592593
0 0.31302083333333336 0.6606481481481481 0.023958333333333335 0.09907407407407408
