3 0.1796875 0.6962962962962963 0.11875 0.17777777777777778
2 0.06484375 0.6175925925925926 0.1296875 0.2
2 0.4328125 0.5916666666666667 0.09375 0.12407407407407407
3 0.9231770833333334 0.7490740740740741 0.08802083333333334 0.1685185185185185
3 0.5484375 0.6314814814814815 0.030208333333333334 0.08888888888888889
3 0.91640625 0.7555555555555555 0.06197916666666667 0.1537037037037037
2 0.753125 0.5949074074074074 0.034375 0.058333333333333334
2 0.35390625 0.5611111111111111 0.0359375 0.03518518518518519
2 0.7755208333333333 0.5972222222222222 0.07604166666666666 0.06481481481481481
2 0.32369791666666664 0.5578703703703703 0.025520833333333333 0.026851851851851852
7 0.43802083333333336 0.5916666666666667 0.10104166666666667 0.12407407407407407
2 0.36692708333333335 0.5615740740740741 0.027604166666666666 0.03425925925925926
2 0.34869791666666666 0.5606481481481481 0.025520833333333333 0.032407407407407406
0 0.921875 0.6777777777777778 0.09270833333333334 0.2777777777777778
0 0.175 0.6268518518518519 0.058333333333333334 0.22037037037037038
0 0.5447916666666667 0.5856481481481481 0.027083333333333334 0.08611111111111111
0 0.5510416666666667 0.5879629629629629 0.03958333333333333 0.09259259259259259
0 0.8677083333333333 0.5986111111111111 0.017708333333333333 0.0712962962962963
0 0.546875 0.6087962962962963 0.03229166666666667 0.12129629629629629
0 0.82734375 0.5902777777777778 0.015104166666666667 0.06944444444444445
