2 0.7953125 0.6523148148148148 0.07708333333333334 0.07314814814814814
3 0.12760416666666666 0.7152777777777778 0.08229166666666667 0.12685185185185185
3 0.01796875 0.725925925925926 0.0359375 0.1
3 0.62890625 0.700925925925926 0.027604166666666666 0.08703703703703704
2 0.5005208333333333 0.6393518518518518 0.051041666666666666 0.0787037037037037
3 0.440625 0.6972222222222222 0.03958333333333333 0.09259259259259259
2 0.3450520833333333 0.6236111111111111 0.03177083333333333 0.032407407407407406
2 0.46171875 0.6268518518518519 0.028645833333333332 0.04814814814814815
2 0.55546875 0.6310185185185185 0.0265625 0.03611111111111111
3 0.6276041666666666 0.687037037037037 0.03333333333333333 0.1111111111111111
2 0.35 0.6222222222222222 0.03125 0.03518518518518519
3 0.44479166666666664 0.6976851851851852 0.03333333333333333 0.0787037037037037
2 0.4205729166666667 0.637962962962963 0.03697916666666667 0.06296296296296296
2 0.415625 0.6435185185185185 0.028125 0.05555555555555555
2 0.459375 0.6347222222222222 0.03125 0.049074074074074076
3 0.5848958333333333 0.6773148148148148 0.023958333333333335 0.07314814814814814
0 0.6268229166666667 0.6722222222222223 0.033854166666666664 0.11666666666666667
0 0.13567708333333334 0.6662037037037037 0.03802083333333333 0.1398148148148148
0 0.4317708333333333 0.687037037037037 0.025 0.0962962962962963
0 0.44036458333333334 0.6837962962962963 0.04114583333333333 0.09351851851851851
0 0.85390625 0.6416666666666667 0.018229166666666668 0.07592592592592592
0 0.8807291666666667 0.6435185185185185 0.014583333333333334 0.06481481481481481
0 0.5841145833333333 0.6736111111111112 0.022395833333333334 0.075
