2 0.17317708333333334 0.6976851851851852 0.3463541666666667 0.3212962962962963
2 0.7817708333333333 0.6277777777777778 0.078125 0.07222222222222222
3 0.6114583333333333 0.7203703703703703 0.06875 0.16296296296296298
2 0.42213541666666665 0.5856481481481481 0.030729166666666665 0.03611111111111111
2 0.3328125 0.5768518518518518 0.030208333333333334 0.03333333333333333
2 0.4700520833333333 0.600925925925926 0.05260416666666667 0.09074074074074075
3 0.6622395833333333 0.6282407407407408 0.0171875 0.05648148148148148
2 0.396875 0.5814814814814815 0.026041666666666668 0.03148148148148148
0 0.6059895833333333 0.6555555555555556 0.0609375 0.18518518518518517
0 0.8411458333333334 0.6138888888888889 0.0125 0.06851851851851852
