3 0.14505208333333333 0.8379629629629629 0.29010416666666666 0.3111111111111111
2 0.3575520833333333 0.5879629629629629 0.0859375 0.13148148148148148
2 0.8088541666666667 0.6050925925925926 0.078125 0.075
2 0.2609375 0.6092592592592593 0.17083333333333334 0.19444444444444445
2 0.18359375 0.6064814814814815 0.3151041666666667 0.1962962962962963
3 0.0421875 0.6916666666666667 0.084375 0.14074074074074075
3 0.434375 0.6203703703703703 0.03125 0.08888888888888889
2 0.5114583333333333 0.5736111111111111 0.03958333333333333 0.058333333333333334
2 0.4739583333333333 0.5680555555555555 0.030208333333333334 0.03981481481481482
7 0.6580729166666667 0.600925925925926 0.06197916666666667 0.16111111111111112
0 0.023697916666666666 0.6370370370370371 0.04739583333333333 0.22962962962962963
0 0.12630208333333334 0.736574074074074 0.16822916666666668 0.5064814814814815
0 0.9557291666666666 0.6083333333333333 0.017708333333333333 0.09074074074074075
0 0.9825520833333333 0.6101851851851852 0.0171875 0.08703703703703704
0 0.43463541666666666 0.6129629629629629 0.033854166666666664 0.08703703703703704
0 0.4356770833333333 0.5967592592592592 0.030729166666666665 0.08796296296296297
