2 0.56484375 0.5967592592592592 0.05677083333333333 0.08796296296296297
2 0.7885416666666667 0.6092592592592593 0.07916666666666666 0.07222222222222222
3 0.28359375 0.6712962962962963 0.08489583333333334 0.13703703703703704
3 0.95 0.7375 0.09791666666666667 0.1824074074074074
3 0.16328125 0.6412037037037037 0.0859375 0.10462962962962963
3 0.6260416666666667 0.6189814814814815 0.01875 0.04537037037037037
2 0.5135416666666667 0.5805555555555556 0.029166666666666667 0.03888888888888889
2 0.40598958333333335 0.5675925925925925 0.03177083333333333 0.03148148148148148
0 0.2830729166666667 0.6106481481481482 0.0609375 0.18425925925925926
0 0.16588541666666667 0.6 0.0328125 0.13518518518518519
0 0.9471354166666667 0.6675925925925926 0.09322916666666667 0.2462962962962963
0 0.68203125 0.5944444444444444 0.0171875 0.07037037037037037
0 0.15963541666666667 0.6013888888888889 0.04739583333333333 0.1398148148148148
0 0.9625 0.6694444444444444 0.071875 0.2388888888888889
0 0.9731770833333333 0.6703703703703704 0.04635416666666667 0.20925925925925926
0 0.6854166666666667 0.6037037037037037 0.019791666666666666 0.07222222222222222
