2 0.7817708333333333 0.6027777777777777 0.07604166666666666 0.06481481481481481
3 0.9307291666666667 0.7398148148148148 0.09375 0.17777777777777778
3 0.5127604166666667 0.6439814814814815 0.04010416666666667 0.11203703703703703
2 0.40286458333333336 0.5902777777777778 0.12447916666666667 0.13796296296296295
2 0.34765625 0.5574074074074075 0.024479166666666666 0.03333333333333333
2 0.31692708333333336 0.5560185185185185 0.0328125 0.028703703703703703
3 0.9205729166666666 0.7537037037037037 0.06614583333333333 0.1537037037037037
0 0.92890625 0.6717592592592593 0.09427083333333333 0.26944444444444443
0 0.6328125 0.5787037037037037 0.015625 0.05740740740740741
0 0.5122395833333333 0.6087962962962963 0.04635416666666667 0.12685185185185185
0 0.88359375 0.5898148148148148 0.016145833333333335 0.07777777777777778
0 0.8661458333333333 0.5995370370370371 0.016666666666666666 0.0712962962962963
