3 0.08020833333333334 0.7310185185185185 0.16041666666666668 0.24722222222222223
2 0.33177083333333335 0.5907407407407408 0.11458333333333333 0.12037037037037036
2 0.8018229166666667 0.5898148148148148 0.07760416666666667 0.07222222222222222
3 0.5911458333333334 0.6365740740740741 0.034375 0.09537037037037037
2 0.4236979166666667 0.5967592592592592 0.11614583333333334 0.13055555555555556
0 0.078125 0.6564814814814814 0.06458333333333334 0.2759259259259259
0 0.8921875 0.5828703703703704 0.014583333333333334 0.07314814814814814
0 0.86640625 0.5819444444444445 0.016145833333333335 0.0712962962962963
0 0.52109375 0.5875 0.015104166666666667 0.07314814814814814
0 0.590625 0.5819444444444445 0.027083333333333334 0.10092592592592593
0 0.6083333333333333 0.5782407407407407 0.01875 0.07685185185185185
0 0.5052083333333334 0.5912037037037037 0.015625 0.06759259259259259
0 0.6143229166666667 0.5777777777777777 0.016145833333333335 0.06111111111111111
