2 0.14635416666666667 0.6143518518518518 0.22708333333333333 0.18425925925925926
2 0.47109375 0.586574074074074 0.08177083333333333 0.11018518518518519
3 0.34427083333333336 0.6592592592592592 0.06666666666666667 0.13703703703703704
3 0.9130208333333333 0.7601851851851852 0.065625 0.16296296296296298
3 0.5716145833333334 0.6231481481481481 0.030729166666666665 0.07407407407407407
2 0.5453125 0.575462962962963 0.030208333333333334 0.049074074074074076
3 0.56953125 0.6138888888888889 0.03697916666666667 0.06851851851851852
2 0.42239583333333336 0.5662037037037037 0.029166666666666667 0.032407407407407406
2 0.7674479166666667 0.600925925925926 0.0734375 0.06481481481481481
2 0.7473958333333334 0.5962962962962963 0.035416666666666666 0.05925925925925926
0 0.9208333333333333 0.687037037037037 0.09791666666666667 0.28703703703703703
0 0.33984375 0.6134259259259259 0.050520833333333334 0.16203703703703703
0 0.878125 0.6027777777777777 0.019791666666666666 0.06296296296296296
