2 0.15989583333333332 0.7097222222222223 0.31979166666666664 0.3453703703703704
2 0.7817708333333333 0.6296296296296297 0.07708333333333334 0.07222222222222222
3 0.5955729166666667 0.7226851851851852 0.0734375 0.18055555555555555
2 0.421875 0.5875 0.030208333333333334 0.03425925925925926
2 0.5333333333333333 0.5930555555555556 0.027083333333333334 0.030555555555555555
2 0.3958333333333333 0.5847222222222223 0.026041666666666668 0.032407407407407406
2 0.33098958333333334 0.5796296296296296 0.030729166666666665 0.03333333333333333
0 0.59765625 0.6662037037037037 0.0640625 0.2212962962962963
0 0.8401041666666667 0.6180555555555556 0.014583333333333334 0.06759259259259259
0 0.60546875 0.6671296296296296 0.050520833333333334 0.1787037037037037
