3 0.41770833333333335 0.6398148148148148 0.04791666666666667 0.11481481481481481
3 0.24609375 0.7106481481481481 0.12239583333333333 0.21944444444444444
2 0.7885416666666667 0.6032407407407407 0.075 0.07314814814814814
3 0.9213541666666667 0.7384259259259259 0.090625 0.1824074074074074
2 0.203125 0.6097222222222223 0.26979166666666665 0.22870370370370371
2 0.5645833333333333 0.5814814814814815 0.042708333333333334 0.06481481481481481
3 0.5140625 0.6148148148148148 0.026041666666666668 0.07592592592592592
3 0.475 0.6037037037037037 0.027083333333333334 0.06481481481481481
0 0.9171875 0.6662037037037037 0.09583333333333334 0.2601851851851852
0 0.24947916666666667 0.6407407407407407 0.071875 0.25
0 0.5130208333333334 0.5958333333333333 0.027083333333333334 0.10277777777777777
0 0.415625 0.6041666666666666 0.04583333333333333 0.14907407407407408
0 0.4747395833333333 0.5995370370370371 0.028645833333333332 0.06759259259259259
0 0.6052083333333333 0.5907407407407408 0.015625 0.044444444444444446
0 0.8494791666666667 0.6055555555555555 0.020833333333333332 0.05925925925925926
