3 0.29739583333333336 0.725462962962963 0.14375 0.262037037037037
3 0.1578125 0.6675925925925926 0.11979166666666667 0.15
2 0.803125 0.5962962962962963 0.07708333333333334 0.06851851851851852
2 0.415625 0.5902777777777778 0.11875 0.13796296296296295
3 0.5927083333333333 0.6819444444444445 0.046875 0.13796296296296295
2 0.5106770833333333 0.5652777777777778 0.030729166666666665 0.04722222222222222
2 0.35052083333333334 0.5532407407407407 0.0375 0.03981481481481482
2 0.50234375 0.562962962962963 0.0453125 0.05
3 0.4044270833333333 0.6282407407407408 0.050520833333333334 0.10648148148148148
1 0.5916666666666667 0.6865740740740741 0.042708333333333334 0.13055555555555556
0 0.15911458333333334 0.6222222222222222 0.059895833333333336 0.19444444444444445
0 0.19713541666666667 0.6101851851851852 0.0296875 0.18333333333333332
0 0.3109375 0.6481481481481481 0.06770833333333333 0.2722222222222222
0 0.5877604166666667 0.6287037037037037 0.05677083333333333 0.17962962962962964
0 0.9739583333333334 0.600925925925926 0.017708333333333333 0.1
0 0.40208333333333335 0.6060185185185185 0.05 0.14722222222222223
0 0.9578125 0.5949074074074074 0.014583333333333334 0.10092592592592593
0 0.9447916666666667 0.5907407407407408 0.021875 0.09814814814814815
0 0.4953125 0.5814814814814815 0.025 0.07592592592592592
