2 0.41171875 0.6199074074074075 0.0703125 0.08981481481481482
3 0.10677083333333333 0.7291666666666666 0.14166666666666666 0.19907407407407407
2 0.8 0.6310185185185185 0.078125 0.07314814814814814
2 0.5768229166666666 0.6138888888888889 0.0390625 0.04814814814814815
3 0.5109375 0.7421296296296296 0.07708333333333334 0.15462962962962962
3 0.4671875 0.6393518518518518 0.035416666666666666 0.06759259259259259
2 0.3515625 0.600462962962963 0.03333333333333333 0.03425925925925926
3 0.4630208333333333 0.6412037037037037 0.026041666666666668 0.06388888888888888
2 0.36640625 0.5981481481481481 0.0171875 0.03148148148148148
0 0.5046875 0.6791666666666667 0.057291666666666664 0.1935185185185185
0 0.63984375 0.6412037037037037 0.019270833333333334 0.06574074074074074
0 0.8817708333333333 0.6259259259259259 0.0125 0.06296296296296296
0 0.8588541666666667 0.624537037037037 0.016666666666666666 0.0712962962962963
0 0.5380208333333333 0.6925925925925925 0.026041666666666668 0.16296296296296298
