2 0.13828125 0.6342592592592593 0.2765625 0.2574074074074074
2 0.8109375 0.6060185185185185 0.075 0.07685185185185185
2 0.3221354166666667 0.5930555555555556 0.11822916666666666 0.14166666666666666
2 0.44609375 0.5787037037037037 0.033854166666666664 0.04814814814814815
3 0.40677083333333336 0.6222222222222222 0.03854166666666667 0.08888888888888889
2 0.5135416666666667 0.575925925925926 0.03958333333333333 0.05925925925925926
2 0.4739583333333333 0.5689814814814815 0.030208333333333334 0.04351851851851852
0 0.9559895833333333 0.6106481481481482 0.018229166666666668 0.09351851851851851
0 0.9833333333333333 0.6092592592592593 0.017708333333333333 0.09074074074074075
0 0.41380208333333335 0.5930555555555556 0.024479166666666666 0.08611111111111111
0 0.40651041666666665 0.6143518518518518 0.04010416666666667 0.09722222222222222
0 0.5333333333333333 0.6013888888888889 0.022916666666666665 0.06944444444444445
