2 0.7989583333333333 0.5847222222222223 0.07916666666666666 0.075
2 0.434375 0.5555555555555556 0.04583333333333333 0.07962962962962963
3 0.27395833333333336 0.6333333333333333 0.07604166666666666 0.13333333333333333
3 0.5625 0.6291666666666667 0.04375 0.10648148148148148
3 0.020052083333333335 0.7194444444444444 0.04010416666666667 0.1962962962962963
3 0.49114583333333334 0.5990740740740741 0.03333333333333333 0.08888888888888889
3 0.653125 0.6097222222222223 0.026041666666666668 0.062037037037037036
2 0.31640625 0.5402777777777777 0.03177083333333333 0.03425925925925926
2 0.40390625 0.5421296296296296 0.0234375 0.03425925925925926
0 0.2786458333333333 0.5888888888888889 0.04583333333333333 0.17407407407407408
0 0.5609375 0.5777777777777777 0.0375 0.09814814814814815
0 0.98515625 0.5916666666666667 0.019270833333333334 0.08518518518518518
0 0.5614583333333333 0.5976851851851852 0.03958333333333333 0.1398148148148148
0 0.49192708333333335 0.5787037037037037 0.0328125 0.10925925925925926
0 0.6533854166666667 0.5851851851851851 0.025520833333333333 0.09074074074074075
0 0.94453125 0.5842592592592593 0.015104166666666667 0.08703703703703704
