2 0.82734375 0.600462962962963 0.0703125 0.08055555555555556
3 0.5471354166666667 0.649537037037037 0.043229166666666666 0.11388888888888889
2 0.5184895833333333 0.5694444444444444 0.044270833333333336 0.07777777777777778
2 0.4317708333333333 0.575925925925926 0.053125 0.07037037037037037
2 0.47317708333333336 0.5625 0.0328125 0.049074074074074076
3 0.23151041666666666 0.7166666666666667 0.45364583333333336 0.5462962962962963
7 0.23203125 0.6976851851851852 0.45260416666666664 0.5712962962962963
0 0.5497395833333333 0.6050925925925926 0.0484375 0.14722222222222223
0 0.6921875 0.5939814814814814 0.01875 0.05462962962962963
0 0.5611979166666666 0.6041666666666666 0.027604166666666666 0.13425925925925927
