3 0.44036458333333334 0.7287037037037037 0.1234375 0.2759259259259259
2 0.80078125 0.575 0.0796875 0.07037037037037037
3 0.05625 0.6421296296296296 0.1125 0.18981481481481483
3 0.6388020833333333 0.5981481481481481 0.028645833333333332 0.07407407407407407
2 0.39479166666666665 0.6189814814814815 0.17708333333333334 0.19907407407407407
2 0.05677083333333333 0.6486111111111111 0.11354166666666667 0.18611111111111112
3 0.30625 0.5699074074074074 0.03958333333333333 0.1175925925925926
2 0.4921875 0.6111111111111112 0.07083333333333333 0.16666666666666666
2 0.55078125 0.538425925925926 0.024479166666666666 0.03796296296296296
0 0.43828125 0.6407407407407407 0.09114583333333333 0.3037037037037037
0 0.06666666666666667 0.5861111111111111 0.07083333333333333 0.18518518518518517
0 0.08307291666666666 0.5884259259259259 0.03802083333333333 0.175
0 0.6390625 0.5930555555555556 0.029166666666666667 0.07314814814814814
0 0.30520833333333336 0.5703703703703704 0.03854166666666667 0.11296296296296296
