2 0.23463541666666668 0.6032407407407407 0.17864583333333334 0.1527777777777778
2 0.48723958333333334 0.5833333333333334 0.0734375 0.1
3 0.4153645833333333 0.6449074074074074 0.04739583333333333 0.11018518518518519
3 0.91640625 0.7625 0.06927083333333334 0.16574074074074074
2 0.5447916666666667 0.575 0.03229166666666667 0.044444444444444446
3 0.9197916666666667 0.7361111111111112 0.0875 0.2074074074074074
2 0.7671875 0.5981481481481481 0.057291666666666664 0.06296296296296296
2 0.32838541666666665 0.5583333333333333 0.03177083333333333 0.03333333333333333
3 0.5783854166666667 0.6143518518518518 0.0359375 0.06759259259259259
2 0.7580729166666667 0.6 0.07135416666666666 0.05185185185185185
3 0.5833333333333334 0.6171296296296296 0.027083333333333334 0.06759259259259259
0 0.92578125 0.6833333333333333 0.1078125 0.28888888888888886
0 0.828125 0.5925925925925926 0.016666666666666666 0.07222222222222222
0 0.41328125 0.6064814814814815 0.03697916666666667 0.12222222222222222
0 0.41328125 0.6222222222222222 0.04739583333333333 0.13333333333333333
0 0.58125 0.5907407407407408 0.029166666666666667 0.08148148148148149
0 0.8799479166666667 0.6032407407407407 0.018229166666666668 0.06388888888888888
