2 0.515625 0.6 0.1375 0.15185185185185185
2 0.11015625 0.5972222222222222 0.19010416666666666 0.17962962962962964
3 0.278125 0.6180555555555556 0.07083333333333333 0.12314814814814815
3 0.06067708333333333 0.8421296296296297 0.12135416666666667 0.30277777777777776
2 0.8015625 0.5745370370370371 0.078125 0.0712962962962963
2 0.44296875 0.5685185185185185 0.07239583333333334 0.10185185185185185
3 0.61484375 0.6648148148148149 0.050520833333333334 0.13148148148148148
3 0.37395833333333334 0.5648148148148148 0.030208333333333334 0.08148148148148149
2 0.31953125 0.5263888888888889 0.03697916666666667 0.03981481481481482
0 0.6130208333333333 0.5967592592592592 0.05625 0.18981481481481483
0 0.016927083333333332 0.6305555555555555 0.033854166666666664 0.2796296296296296
0 0.2864583333333333 0.5717592592592593 0.046875 0.14907407407407408
