2 0.4747395833333333 0.5861111111111111 0.08072916666666667 0.10925925925925926
2 0.16953125 0.6101851851851852 0.21302083333333333 0.17592592592592593
3 0.36276041666666664 0.6569444444444444 0.0578125 0.12685185185185185
3 0.9145833333333333 0.7606481481481482 0.06770833333333333 0.16203703703703703
2 0.5453125 0.575462962962963 0.03125 0.049074074074074076
3 0.57734375 0.6199074074074075 0.025520833333333333 0.075
2 0.42265625 0.5648148148148148 0.03177083333333333 0.03518518518518519
3 0.5736979166666667 0.6134259259259259 0.034895833333333334 0.0787037037037037
2 0.7484375 0.5962962962962963 0.042708333333333334 0.05925925925925926
2 0.76484375 0.5995370370370371 0.07760416666666667 0.06388888888888888
2 0.328125 0.5574074074074075 0.03125 0.03148148148148148
2 0.77734375 0.6013888888888889 0.05260416666666667 0.062037037037037036
0 0.9205729166666666 0.6856481481481481 0.09739583333333333 0.2861111111111111
0 0.3567708333333333 0.6162037037037037 0.04375 0.15462962962962962
0 0.8791666666666667 0.6027777777777777 0.016666666666666666 0.06296296296296296
0 0.8760416666666667 0.600925925925926 0.017708333333333333 0.06296296296296296
0 0.8278645833333333 0.5949074074074074 0.015104166666666667 0.06574074074074074
