3 0.44479166666666664 0.6361111111111111 0.042708333333333334 0.10185185185185185
2 0.78828125 0.6032407407407407 0.07552083333333333 0.0712962962962963
3 0.9231770833333334 0.7398148148148148 0.09010416666666667 0.17962962962962964
3 0.3307291666666667 0.6902777777777778 0.09166666666666666 0.18055555555555555
2 0.5630208333333333 0.5796296296296296 0.040625 0.06296296296296296
3 0.5260416666666666 0.6129629629629629 0.025 0.06851851851851852
2 0.2390625 0.6087962962962963 0.19895833333333332 0.20462962962962963
3 0.49192708333333335 0.5995370370370371 0.0234375 0.06018518518518518
7 0.23723958333333334 0.6092592592592593 0.19739583333333333 0.2037037037037037
0 0.91796875 0.6643518518518519 0.09635416666666667 0.25462962962962965
0 0.33046875 0.6273148148148148 0.0703125 0.21944444444444444
0 0.5263020833333333 0.5912037037037037 0.025520833333333333 0.10277777777777777
0 0.44375 0.5995370370370371 0.041666666666666664 0.13796296296296295
0 0.4908854166666667 0.5916666666666667 0.0234375 0.07407407407407407
0 0.8677083333333333 0.5884259259259259 0.015625 0.07685185185185185
0 0.5263020833333333 0.6064814814814815 0.0265625 0.08148148148148149
0 0.85390625 0.600462962962963 0.019270833333333334 0.062037037037037036
