2 0.048177083333333336 0.6018518518518519 0.09635416666666667 0.17777777777777778
2 0.80078125 0.5745370370370371 0.0796875 0.0712962962962963
2 0.4388020833333333 0.6106481481481482 0.13489583333333333 0.175
3 0.15494791666666666 0.6337962962962963 0.1078125 0.1638888888888889
3 0.5291666666666667 0.7027777777777777 0.07916666666666666 0.18518518518518517
3 0.3359375 0.5796296296296296 0.0375 0.07962962962962963
3 0.64296875 0.5925925925925926 0.021354166666666667 0.06851851851851852
0 0.5270833333333333 0.6111111111111112 0.07291666666666667 0.25
0 0.17369791666666667 0.5824074074074074 0.0546875 0.17407407407407408
0 0.33541666666666664 0.5550925925925926 0.03333333333333333 0.09351851851851851
0 0.18515625 0.5810185185185185 0.03177083333333333 0.15648148148148147
0 0.33958333333333335 0.55 0.026041666666666668 0.08703703703703704
