2 0.39739583333333334 0.5925925925925926 0.13333333333333333 0.14444444444444443
2 0.78203125 0.6032407407407407 0.0765625 0.06574074074074074
3 0.93046875 0.7458333333333333 0.09010416666666667 0.16574074074074074
3 0.50625 0.6439814814814815 0.042708333333333334 0.1175925925925926
2 0.31692708333333336 0.5564814814814815 0.034895833333333334 0.02962962962962963
2 0.4744791666666667 0.562037037037037 0.035416666666666666 0.037037037037037035
0 0.92734375 0.6657407407407407 0.09114583333333333 0.25925925925925924
0 0.5044270833333333 0.6203703703703703 0.043229166666666666 0.13703703703703704
0 0.6330729166666667 0.5796296296296296 0.015104166666666667 0.05555555555555555
0 0.8828125 0.5902777777777778 0.015625 0.075
0 0.8651041666666667 0.5967592592592592 0.016666666666666666 0.06759259259259259
