2 0.784375 0.6064814814814815 0.07708333333333334 0.07222222222222222
2 0.5463541666666667 0.6060185185185185 0.07291666666666667 0.10833333333333334
3 0.6216145833333333 0.6263888888888889 0.025520833333333333 0.06944444444444445
2 0.50703125 0.5782407407407407 0.030729166666666665 0.049074074074074076
2 0.30364583333333334 0.5587962962962963 0.029166666666666667 0.032407407407407406
2 0.40078125 0.5675925925925925 0.030729166666666665 0.02962962962962963
3 0.9791666666666666 0.7439814814814815 0.03958333333333333 0.13425925925925927
2 0.47604166666666664 0.5703703703703704 0.028125 0.03518518518518519
3 0.9786458333333333 0.7013888888888888 0.041666666666666664 0.2212962962962963
2 0.40338541666666666 0.5666666666666667 0.03697916666666667 0.03518518518518519
0 0.9796875 0.6837962962962963 0.03958333333333333 0.25833333333333336
0 0.6901041666666666 0.6037037037037037 0.022916666666666665 0.09074074074074075
