3 0.15364583333333334 0.6958333333333333 0.12916666666666668 0.19537037037037036
2 0.05625 0.6185185185185185 0.1125 0.2
2 0.4239583333333333 0.5930555555555556 0.08541666666666667 0.125
3 0.9244791666666666 0.7481481481481481 0.08958333333333333 0.17037037037037037
3 0.54375 0.6328703703703704 0.028125 0.08981481481481482
2 0.7893229166666667 0.5990740740740741 0.0484375 0.06666666666666667
2 0.75390625 0.5958333333333333 0.033854166666666664 0.058333333333333334
2 0.35130208333333335 0.5611111111111111 0.03177083333333333 0.03518518518518519
3 0.9177083333333333 0.7555555555555555 0.06458333333333334 0.1537037037037037
2 0.775 0.5972222222222222 0.07083333333333333 0.06296296296296296
2 0.32395833333333335 0.5574074074074075 0.023958333333333335 0.025925925925925925
2 0.36953125 0.5611111111111111 0.0265625 0.03333333333333333
0 0.9223958333333333 0.6731481481481482 0.09166666666666666 0.27037037037037037
0 0.15208333333333332 0.6300925925925925 0.05625 0.22870370370370371
0 0.5424479166666667 0.5944444444444444 0.0296875 0.10185185185185185
0 0.8671875 0.5995370370370371 0.017708333333333333 0.075
0 0.13854166666666667 0.6305555555555555 0.078125 0.23333333333333334
0 0.5604166666666667 0.5851851851851851 0.022916666666666665 0.08703703703703704
