2 0.0640625 0.6310185185185185 0.128125 0.28055555555555556
3 0.3359375 0.6324074074074074 0.059375 0.1037037037037037
2 0.8145833333333333 0.6050925925925926 0.075 0.0787037037037037
2 0.44557291666666665 0.5814814814814815 0.0390625 0.05740740740740741
2 0.23489583333333333 0.5986111111111111 0.16979166666666667 0.16574074074074074
3 0.51328125 0.6125 0.0296875 0.07685185185185185
2 0.47291666666666665 0.5699074074074074 0.027083333333333334 0.04537037037037037
3 0.6135416666666667 0.6796296296296296 0.034375 0.0962962962962963
2 0.4388020833333333 0.5842592592592593 0.0515625 0.06296296296296296
0 0.3377604166666667 0.5995370370370371 0.0328125 0.12129629629629629
0 0.5127604166666667 0.5893518518518519 0.0265625 0.08611111111111111
0 0.9734375 0.6138888888888889 0.017708333333333333 0.0962962962962963
0 0.99140625 0.6101851851851852 0.015104166666666667 0.08333333333333333
0 0.9583333333333334 0.6092592592592593 0.017708333333333333 0.08518518518518518
