2 0.20442708333333334 0.6069444444444444 0.19427083333333334 0.16574074074074074
2 0.48072916666666665 0.5847222222222223 0.07604166666666666 0.10277777777777777
3 0.390625 0.6453703703703704 0.05416666666666667 0.1259259259259259
3 0.9145833333333333 0.7615740740740741 0.06666666666666667 0.1638888888888889
2 0.54765625 0.5763888888888888 0.03697916666666667 0.049074074074074076
3 0.5807291666666666 0.6194444444444445 0.023958333333333335 0.06851851851851852
2 0.3294270833333333 0.5583333333333333 0.028645833333333332 0.03148148148148148
3 0.9197916666666667 0.7486111111111111 0.08541666666666667 0.18425925925925926
2 0.7729166666666667 0.6013888888888889 0.057291666666666664 0.062037037037037036
3 0.5763020833333333 0.6148148148148148 0.03697916666666667 0.07037037037037037
2 0.7627604166666667 0.5986111111111111 0.0734375 0.062037037037037036
0 0.92421875 0.6851851851851852 0.1046875 0.29074074074074074
0 0.38619791666666664 0.5981481481481481 0.0453125 0.1425925925925926
0 0.5796875 0.5953703703703703 0.028125 0.09259259259259259
0 0.87890625 0.600925925925926 0.0203125 0.06666666666666667
0 0.8276041666666667 0.5958333333333333 0.015625 0.06759259259259259
