3 0.20963541666666666 0.8236111111111111 0.2838541666666667 0.33425925925925926
2 0.8625 0.5949074074074074 0.07916666666666666 0.10277777777777777
2 0.15494791666666666 0.6157407407407407 0.3098958333333333 0.2759259259259259
3 0.63671875 0.6578703703703703 0.04739583333333333 0.12129629629629629
2 0.4505208333333333 0.5657407407407408 0.053125 0.07777777777777778
3 0.5213541666666667 0.6152777777777778 0.03854166666666667 0.09351851851851851
3 0.4109375 0.6013888888888889 0.03125 0.07685185185185185
2 0.3533854166666667 0.5365740740740741 0.028645833333333332 0.03425925925925926
0 0.2513020833333333 0.7046296296296296 0.1203125 0.47962962962962963
0 0.634375 0.6018518518518519 0.04375 0.1388888888888889
0 0.5231770833333333 0.5824074074074074 0.044270833333333336 0.11666666666666667
0 0.4119791666666667 0.5791666666666667 0.035416666666666666 0.10833333333333334
0 0.5294270833333333 0.5731481481481482 0.0328125 0.10740740740740741
