3 0.2859375 0.8319444444444445 0.20416666666666666 0.32685185185185184
3 0.0859375 0.7875 0.171875 0.27870370370370373
2 0.790625 0.6444444444444445 0.07916666666666666 0.07407407407407407
2 0.4236979166666667 0.6240740740740741 0.04010416666666667 0.05555555555555555
2 0.5541666666666667 0.6180555555555556 0.0375 0.04351851851851852
2 0.49166666666666664 0.6259259259259259 0.041666666666666664 0.05925925925925926
2 0.45989583333333334 0.6175925925925926 0.027083333333333334 0.037037037037037035
3 0.36223958333333334 0.6620370370370371 0.034895833333333334 0.07407407407407407
3 0.20338541666666668 0.6967592592592593 0.0328125 0.10277777777777777
0 0.30052083333333335 0.7282407407407407 0.121875 0.36944444444444446
0 0.07083333333333333 0.6842592592592592 0.08020833333333334 0.2740740740740741
0 0.6455729166666667 0.649537037037037 0.018229166666666668 0.08611111111111111
0 0.8401041666666667 0.6375 0.015625 0.06759259259259259
0 0.6083333333333333 0.6439814814814815 0.014583333333333334 0.05092592592592592
0 0.11302083333333333 0.6 0.03125 0.07407407407407407
