3 0.37213541666666666 0.7050925925925926 0.10885416666666667 0.2175925925925926
3 0.24296875 0.6541666666666667 0.09322916666666667 0.13240740740740742
2 0.8020833333333334 0.5976851851851852 0.078125 0.06759259259259259
3 0.6122395833333333 0.6662037037037037 0.0421875 0.12129629629629629
2 0.6541666666666667 0.587037037037037 0.03229166666666667 0.08333333333333333
2 0.45625 0.5879629629629629 0.06354166666666666 0.12037037037037036
0 0.38203125 0.6370370370370371 0.06510416666666667 0.24814814814814815
0 0.25625 0.612037037037037 0.051041666666666666 0.17592592592592593
0 0.6072916666666667 0.6208333333333333 0.046875 0.15648148148148147
0 0.24609375 0.612037037037037 0.06614583333333333 0.17777777777777778
0 0.9734375 0.6032407407407407 0.016666666666666666 0.09722222222222222
0 0.94453125 0.5930555555555556 0.0203125 0.09537037037037037
