2 0.5174479166666667 0.5731481481481482 0.058854166666666666 0.09444444444444444
3 0.40130208333333334 0.6842592592592592 0.1015625 0.20555555555555555
2 0.8372395833333334 0.5935185185185186 0.07135416666666666 0.07962962962962963
3 0.24114583333333334 0.6092592592592593 0.05520833333333333 0.10185185185185185
2 0.47161458333333334 0.5638888888888889 0.0328125 0.046296296296296294
3 0.7059895833333333 0.6018518518518519 0.021354166666666667 0.06111111111111111
0 0.40130208333333334 0.6287037037037037 0.0734375 0.23333333333333334
0 0.9919270833333333 0.5958333333333333 0.015104166666666667 0.09907407407407408
0 0.70625 0.5967592592592592 0.022916666666666665 0.06759259259259259
0 0.43385416666666665 0.600462962962963 0.036458333333333336 0.175
0 0.40911458333333334 0.6189814814814815 0.05677083333333333 0.2064814814814815
