3 0.1109375 0.7467592592592592 0.18333333333333332 0.2638888888888889
3 0.3776041666666667 0.6481481481481481 0.059375 0.12777777777777777
2 0.78828125 0.6041666666666666 0.07552083333333333 0.0712962962962963
2 0.5651041666666666 0.5828703703703704 0.04375 0.06944444444444445
3 0.92109375 0.7462962962962963 0.09114583333333333 0.1648148148148148
2 0.14817708333333332 0.6074074074074074 0.29635416666666664 0.2388888888888889
3 0.49921875 0.6217592592592592 0.027604166666666666 0.0787037037037037
3 0.45286458333333335 0.6078703703703704 0.030729166666666665 0.06759259259259259
7 0.14973958333333334 0.6069444444444444 0.2994791666666667 0.23796296296296296
3 0.3104166666666667 0.6138888888888889 0.035416666666666666 0.07962962962962963
0 0.12630208333333334 0.6537037037037037 0.0734375 0.3055555555555556
0 0.9190104166666667 0.6675925925925926 0.09427083333333333 0.25925925925925924
0 0.496875 0.6 0.029166666666666667 0.11851851851851852
0 0.3765625 0.6078703703703704 0.04895833333333333 0.17314814814814813
0 0.3106770833333333 0.5935185185185186 0.034895833333333334 0.11481481481481481
0 0.4515625 0.5921296296296297 0.029166666666666667 0.08981481481481482
0 0.8458333333333333 0.6078703703703704 0.017708333333333333 0.05648148148148148
0 0.6567708333333333 0.5921296296296297 0.015625 0.05277777777777778
