2 0.8283854166666667 0.6 0.06927083333333334 0.08148148148148149
3 0.5385416666666667 0.6518518518518519 0.04583333333333333 0.12037037037037036
2 0.42994791666666665 0.5791666666666667 0.058854166666666666 0.075
2 0.47317708333333336 0.5625 0.034895833333333334 0.049074074074074076
7 0.20859375 0.7328703703703704 0.4171875 0.5027777777777778
2 0.5143229166666666 0.5680555555555555 0.0359375 0.075
0 0.53984375 0.6046296296296296 0.04739583333333333 0.14629629629629629
0 0.5481770833333334 0.6027777777777777 0.03177083333333333 0.13518518518518519
0 0.6934895833333333 0.5939814814814814 0.0171875 0.05462962962962963
0 0.6606770833333333 0.5875 0.0140625 0.03796296296296296
