2 0.7809895833333333 0.6027777777777777 0.0765625 0.06481481481481481
3 0.5140625 0.6435185185185185 0.0375 0.10555555555555556
2 0.4046875 0.5939814814814814 0.12291666666666666 0.14166666666666666
3 0.92734375 0.7435185185185185 0.08697916666666666 0.17222222222222222
3 0.022395833333333334 0.7337962962962963 0.04479166666666667 0.18796296296296297
3 0.9203125 0.7541666666666667 0.065625 0.15462962962962962
2 0.34817708333333336 0.5587962962962963 0.025520833333333333 0.030555555555555555
2 0.31875 0.5560185185185185 0.03229166666666667 0.026851851851851852
0 0.9294270833333333 0.6759259259259259 0.0953125 0.2814814814814815
0 0.6330729166666667 0.5791666666666667 0.0171875 0.05277777777777778
0 0.86640625 0.600925925925926 0.0171875 0.07407407407407407
0 0.5127604166666667 0.6143518518518518 0.0421875 0.13240740740740742
0 0.5127604166666667 0.600462962962963 0.034895833333333334 0.10833333333333334
0 0.55703125 0.5833333333333334 0.0265625 0.08148148148148149
0 0.88359375 0.5907407407407408 0.0140625 0.07407407407407407
