2 0.7822916666666667 0.6148148148148148 0.07916666666666666 0.07407407407407407
2 0.434375 0.6365740740740741 0.184375 0.1824074074074074
3 0.6799479166666667 0.6638888888888889 0.034895833333333334 0.09444444444444444
3 0.48098958333333336 0.7092592592592593 0.0703125 0.1425925925925926
2 0.40338541666666666 0.6347222222222222 0.12239583333333333 0.1824074074074074
2 0.30364583333333334 0.5606481481481481 0.029166666666666667 0.032407407407407406
3 0.47734375 0.6865740740740741 0.07447916666666667 0.18611111111111112
2 0.5833333333333334 0.5805555555555556 0.026041666666666668 0.027777777777777776
2 0.33307291666666666 0.5634259259259259 0.03177083333333333 0.03425925925925926
0 0.47317708333333336 0.6333333333333333 0.0671875 0.19814814814814816
0 0.678125 0.6217592592592592 0.03854166666666667 0.14166666666666666
0 0.8557291666666667 0.600462962962963 0.016666666666666666 0.0712962962962963
0 0.6203125 0.587037037037037 0.013541666666666667 0.04814814814814815
