3 0.53359375 0.7615740740740741 0.0984375 0.2175925925925926
2 0.096875 0.7083333333333334 0.19375 0.35
2 0.7815104166666667 0.6361111111111111 0.0796875 0.07222222222222222
2 0.41692708333333334 0.5944444444444444 0.0265625 0.037037037037037035
2 0.45338541666666665 0.6087962962962963 0.050520833333333334 0.08981481481481482
2 0.39427083333333335 0.5912037037037037 0.022916666666666665 0.032407407407407406
3 0.6713541666666667 0.6425925925925926 0.01875 0.05740740740740741
2 0.3026041666666667 0.5796296296296296 0.026041666666666668 0.027777777777777776
0 0.5328125 0.6111111111111112 0.05416666666666667 0.11296296296296296
0 0.5361979166666667 0.6861111111111111 0.0640625 0.26666666666666666
0 0.6283854166666667 0.6106481481481482 0.013020833333333334 0.05462962962962963
0 0.8390625 0.6263888888888889 0.013541666666666667 0.06574074074074074
0 0.6705729166666666 0.6361111111111111 0.0203125 0.06666666666666667
