3 0.19114583333333332 0.6930555555555555 0.115625 0.175
2 0.06901041666666667 0.6166666666666667 0.13802083333333334 0.20185185185185187
2 0.4388020833333333 0.5916666666666667 0.10052083333333334 0.12222222222222222
3 0.54921875 0.6300925925925925 0.030729166666666665 0.08981481481481482
3 0.9182291666666667 0.7541666666666667 0.07604166666666666 0.1527777777777778
2 0.7526041666666666 0.5953703703703703 0.035416666666666666 0.05925925925925926
2 0.35520833333333335 0.5611111111111111 0.036458333333333336 0.03518518518518519
2 0.78984375 0.5976851851851852 0.0484375 0.06759259259259259
2 0.32083333333333336 0.5578703703703703 0.030208333333333334 0.026851851851851852
7 0.43984375 0.5916666666666667 0.10052083333333334 0.12222222222222222
2 0.325 0.5592592592592592 0.025 0.02962962962962963
2 0.3651041666666667 0.5611111111111111 0.029166666666666667 0.03333333333333333
2 0.7736979166666667 0.5972222222222222 0.07447916666666667 0.06296296296296296
0 0.921875 0.6796296296296296 0.09270833333333334 0.2833333333333333
0 0.19244791666666666 0.6226851851851852 0.0453125 0.2064814814814815
0 0.5455729166666666 0.5851851851851851 0.025520833333333333 0.07777777777777778
0 0.8690104166666667 0.5986111111111111 0.019270833333333334 0.0712962962962963
0 0.82734375 0.5879629629629629 0.015104166666666667 0.07037037037037037
0 0.18255208333333334 0.6282407407407408 0.07135416666666666 0.22314814814814815
0 0.5583333333333333 0.5898148148148148 0.027083333333333334 0.08888888888888889
0 0.56328125 0.5851851851851851 0.018229166666666668 0.07037037037037037
