2 0.3802083333333333 0.5833333333333334 0.09375 0.09814814814814815
3 0.2596354166666667 0.7240740740740741 0.1578125 0.26481481481481484
2 0.5145833333333333 0.5731481481481482 0.06770833333333333 0.1
2 0.8427083333333333 0.5884259259259259 0.06979166666666667 0.0824074074074074
3 0.17864583333333334 0.6162037037037037 0.08020833333333334 0.11388888888888889
2 0.47161458333333334 0.5592592592592592 0.0328125 0.05
3 0.7119791666666667 0.6046296296296296 0.023958333333333335 0.06481481481481481
0 0.2713541666666667 0.6476851851851851 0.08854166666666667 0.30277777777777776
0 0.3125 0.6152777777777778 0.046875 0.22870370370370371
0 0.31328125 0.5819444444444445 0.0484375 0.1638888888888889
