2 0.8658854166666666 0.5930555555555556 0.07447916666666667 0.09537037037037037
3 0.49505208333333334 0.7328703703703704 0.11302083333333333 0.2638888888888889
2 0.3015625 0.6037037037037037 0.21770833333333334 0.21296296296296297
3 0.5591145833333333 0.5995370370370371 0.028645833333333332 0.0824074074074074
2 0.6192708333333333 0.5537037037037037 0.03229166666666667 0.046296296296296294
3 0.19765625 0.6087962962962963 0.08489583333333334 0.1527777777777778
3 0.59375 0.575925925925926 0.016666666666666666 0.06666666666666667
0 0.50625 0.6416666666666667 0.1 0.2796296296296296
0 0.44765625 0.5787037037037037 0.0328125 0.1
0 0.671875 0.5625 0.03229166666666667 0.058333333333333334
0 0.59453125 0.5662037037037037 0.019270833333333334 0.08611111111111111
