3 0.43776041666666665 0.7962962962962963 0.13697916666666668 0.2833333333333333
2 0.7830729166666667 0.6421296296296296 0.0765625 0.06944444444444445
2 0.5190104166666667 0.6037037037037037 0.03177083333333333 0.02962962962962963
3 0.6744791666666666 0.6476851851851851 0.023958333333333335 0.06388888888888888
3 0.5825520833333333 0.6296296296296297 0.022395833333333334 0.05185185185185185
2 0.5104166666666666 0.6023148148148149 0.021875 0.026851851851851852
0 0.4440104166666667 0.6930555555555555 0.06822916666666666 0.30648148148148147
0 0.6322916666666667 0.6217592592592592 0.0125 0.049074074074074076
0 0.83046875 0.6333333333333333 0.0140625 0.06851851851851852
0 0.67265625 0.6333333333333333 0.024479166666666666 0.08518518518518518
