2 0.7825520833333334 0.6643518518518519 0.07447916666666667 0.07314814814814814
3 0.6606770833333333 0.6990740740740741 0.033854166666666664 0.10185185185185185
2 0.47708333333333336 0.6138888888888889 0.041666666666666664 0.053703703703703705
3 0.5385416666666667 0.6685185185185185 0.034375 0.08148148148148149
7 0.3614583333333333 0.6282407407407408 0.12916666666666668 0.15092592592592594
3 0.28151041666666665 0.6393518518518518 0.0546875 0.09537037037037037
0 0.8265625 0.6555555555555556 0.020833333333333332 0.07962962962962963
0 0.2747395833333333 0.625 0.0328125 0.1037037037037037
0 0.5408854166666667 0.6587962962962963 0.028645833333333332 0.09537037037037037
0 0.65703125 0.6606481481481481 0.04114583333333333 0.1287037037037037
