2 0.80234375 0.5736111111111111 0.07864583333333333 0.0712962962962963
3 0.17161458333333332 0.6912037037037037 0.1359375 0.20833333333333334
2 0.48854166666666665 0.5583333333333333 0.05520833333333333 0.07592592592592592
3 0.09895833333333333 0.6310185185185185 0.103125 0.1175925925925926
3 0.29348958333333336 0.6277777777777778 0.06614583333333333 0.12407407407407407
2 0.29661458333333335 0.5736111111111111 0.13072916666666667 0.11944444444444445
3 0.6877604166666667 0.6087962962962963 0.028645833333333332 0.06759259259259259
2 0.5760416666666667 0.5819444444444445 0.06666666666666667 0.10277777777777777
2 0.565625 0.5814814814814815 0.04375 0.1
3 0.596875 0.6527777777777778 0.042708333333333334 0.10740740740740741
3 0.009375 0.65 0.01875 0.13148148148148148
0 0.18125 0.6185185185185185 0.05625 0.2518518518518518
0 0.09921875 0.5828703703703704 0.06197916666666667 0.16944444444444445
0 0.10598958333333333 0.575 0.04739583333333333 0.1537037037037037
0 0.6869791666666667 0.5800925925925926 0.029166666666666667 0.10277777777777777
0 0.6041666666666666 0.6037037037037037 0.03229166666666667 0.15555555555555556
0 0.8924479166666667 0.5685185185185185 0.019270833333333334 0.07962962962962963
0 0.5958333333333333 0.6087962962962963 0.042708333333333334 0.15833333333333333
0 0.4388020833333333 0.5847222222222223 0.034895833333333334 0.08796296296296297
0 0.19479166666666667 0.6148148148148148 0.10208333333333333 0.22962962962962963
