2 0.7958333333333333 0.6550925925925926 0.07916666666666666 0.07314814814814814
2 0.5 0.6421296296296296 0.052083333333333336 0.0824074074074074
3 0.09427083333333333 0.7175925925925926 0.10104166666666667 0.14074074074074075
3 0.4270833333333333 0.6986111111111111 0.04375 0.09537037037037037
3 0.6247395833333333 0.7055555555555556 0.030729166666666665 0.09259259259259259
2 0.46041666666666664 0.6263888888888889 0.025 0.04351851851851852
2 0.34375 0.624537037037037 0.03125 0.03425925925925926
3 0.5799479166666667 0.6828703703703703 0.021354166666666667 0.06944444444444445
0 0.0984375 0.6722222222222223 0.046875 0.1648148148148148
0 0.6221354166666667 0.674537037037037 0.03802083333333333 0.11944444444444445
0 0.8546875 0.6453703703703704 0.017708333333333333 0.07777777777777778
0 0.42578125 0.6592592592592592 0.04739583333333333 0.1388888888888889
0 0.8791666666666667 0.6430555555555556 0.0125 0.06944444444444445
