2 0.7953125 0.6476851851851851 0.07604166666666666 0.07685185185185185
3 0.18333333333333332 0.7023148148148148 0.06979166666666667 0.11388888888888889
3 0.059375 0.7083333333333334 0.08645833333333333 0.11666666666666667
2 0.42682291666666666 0.6337962962962963 0.044270833333333336 0.0712962962962963
2 0.50078125 0.6342592592592593 0.04739583333333333 0.07222222222222222
3 0.46145833333333336 0.6819444444444445 0.034375 0.08611111111111111
2 0.5552083333333333 0.6268518518518519 0.028125 0.03888888888888889
3 0.6325520833333333 0.6935185185185185 0.0234375 0.07777777777777778
2 0.34453125 0.6240740740740741 0.027604166666666666 0.027777777777777776
3 0.5908854166666667 0.6731481481481482 0.021354166666666667 0.06296296296296296
0 0.18880208333333334 0.6620370370370371 0.03697916666666667 0.1388888888888889
0 0.06171875 0.6680555555555555 0.0484375 0.14166666666666666
0 0.63046875 0.6652777777777777 0.030729166666666665 0.1175925925925926
0 0.8526041666666667 0.6412037037037037 0.017708333333333333 0.0787037037037037
0 0.46041666666666664 0.6800925925925926 0.036458333333333336 0.08796296296296297
0 0.4669270833333333 0.6587962962962963 0.0265625 0.11203703703703703
0 0.4635416666666667 0.6662037037037037 0.03229166666666667 0.11018518518518519
0 0.5895833333333333 0.6648148148148149 0.020833333333333332 0.07407407407407407
