2 0.2981770833333333 0.5893518518518519 0.1328125 0.13425925925925927
3 0.5661458333333333 0.6402777777777777 0.041666666666666664 0.10277777777777777
2 0.8018229166666667 0.5875 0.07864583333333333 0.0712962962962963
2 0.39869791666666665 0.5972222222222222 0.1296875 0.14444444444444443
3 0.6041666666666666 0.5986111111111111 0.023958333333333335 0.05648148148148148
3 0.4947916666666667 0.5944444444444444 0.021875 0.06481481481481481
5 0.5388020833333333 0.5365740740740741 0.0796875 0.11388888888888889
0 0.56171875 0.5949074074074074 0.03802083333333333 0.1398148148148148
0 0.8927083333333333 0.5819444444444445 0.014583333333333334 0.0712962962962963
0 0.4942708333333333 0.5925925925925926 0.025 0.06666666666666667
