2 0.415625 0.6296296296296297 0.06041666666666667 0.08703703703703704
2 0.8002604166666667 0.6430555555555556 0.07760416666666667 0.07314814814814814
3 0.2234375 0.7347222222222223 0.10104166666666667 0.125
2 0.4908854166666667 0.6328703703703704 0.0640625 0.08981481481481482
2 0.31536458333333334 0.6041666666666666 0.030729166666666665 0.030555555555555555
3 0.5575520833333333 0.7305555555555555 0.0578125 0.13703703703703704
2 0.45651041666666664 0.6194444444444445 0.030729166666666665 0.044444444444444446
2 0.57734375 0.6236111111111111 0.03802083333333333 0.05277777777777778
2 0.35260416666666666 0.6106481481481482 0.035416666666666666 0.032407407407407406
0 0.5515625 0.6787037037037037 0.053125 0.1814814814814815
0 0.21588541666666666 0.6800925925925926 0.0671875 0.18055555555555555
0 0.846875 0.6375 0.011458333333333333 0.062037037037037036
0 0.51484375 0.6759259259259259 0.025520833333333333 0.11666666666666667
0 0.8661458333333333 0.6333333333333333 0.014583333333333334 0.07407407407407407
0 0.22708333333333333 0.6782407407407407 0.046875 0.1675925925925926
0 0.8765625 0.6319444444444444 0.0125 0.06944444444444445
0 0.859375 0.6370370370370371 0.016666666666666666 0.07592592592592592
0 0.6421875 0.6518518518518519 0.01875 0.05925925925925926
