2 0.7973958333333333 0.6564814814814814 0.08020833333333334 0.07592592592592592
2 0.4986979166666667 0.6462962962962963 0.05364583333333333 0.08333333333333333
3 0.38645833333333335 0.7064814814814815 0.05416666666666667 0.10555555555555556
2 0.4278645833333333 0.6435185185185185 0.04635416666666667 0.07407407407407407
3 0.6119791666666666 0.7152777777777778 0.03333333333333333 0.10462962962962963
3 0.5658854166666667 0.6902777777777778 0.024479166666666666 0.07314814814814814
2 0.46041666666666664 0.6319444444444444 0.026041666666666668 0.04351851851851852
2 0.3463541666666667 0.6240740740740741 0.036458333333333336 0.03518518518518519
3 0.0265625 0.7069444444444445 0.053125 0.18981481481481483
3 0.017708333333333333 0.7518518518518519 0.035416666666666666 0.0962962962962963
2 0.31536458333333334 0.6231481481481481 0.027604166666666666 0.02962962962962963
0 0.6088541666666667 0.674537037037037 0.040625 0.1175925925925926
0 0.8572916666666667 0.6486111111111111 0.017708333333333333 0.07685185185185185
