2 0.8005208333333333 0.6208333333333333 0.07916666666666666 0.0712962962962963
2 0.39869791666666665 0.6111111111111112 0.06822916666666666 0.09259259259259259
3 0.45729166666666665 0.7527777777777778 0.09375 0.17407407407407408
2 0.5770833333333333 0.5995370370370371 0.03125 0.049074074074074076
2 0.4869791666666667 0.6143518518518518 0.057291666666666664 0.09907407407407408
2 0.31875 0.5805555555555556 0.028125 0.027777777777777776
2 0.024479166666666666 0.7625 0.04895833333333333 0.13055555555555556
3 0.6364583333333333 0.6361111111111111 0.020833333333333332 0.05925925925925926
0 0.4471354166666667 0.6763888888888889 0.06510416666666667 0.225
0 0.5427083333333333 0.6092592592592593 0.015625 0.06481481481481481
0 0.8809895833333333 0.6143518518518518 0.011979166666666667 0.062037037037037036
