3 0.603125 0.7324074074074074 0.04791666666666667 0.14444444444444443
3 0.09244791666666667 0.6708333333333333 0.0859375 0.11018518518518519
3 0.45755208333333336 0.6907407407407408 0.05677083333333333 0.1111111111111111
2 0.7848958333333333 0.6578703703703703 0.07708333333333334 0.07685185185185185
7 0.25546875 0.6375 0.17760416666666667 0.19722222222222222
2 0.48385416666666664 0.6166666666666667 0.03854166666666667 0.05925925925925926
3 0.36223958333333334 0.6564814814814814 0.034895833333333334 0.08148148148148149
0 0.09166666666666666 0.6263888888888889 0.041666666666666664 0.1361111111111111
0 0.6450520833333333 0.6458333333333334 0.016145833333333335 0.07685185185185185
0 0.4578125 0.6666666666666666 0.04583333333333333 0.13703703703703704
0 0.84375 0.6527777777777778 0.015625 0.06851851851851852
0 0.8276041666666667 0.6523148148148148 0.014583333333333334 0.06574074074074074
0 0.5994791666666667 0.674537037037037 0.057291666666666664 0.17685185185185184
0 0.5377604166666666 0.6416666666666667 0.016145833333333335 0.04814814814814815
