2 0.12994791666666666 0.6143518518518518 0.23697916666666666 0.18796296296296297
3 0.3307291666666667 0.6606481481481481 0.07083333333333333 0.13796296296296295
2 0.46640625 0.5875 0.08489583333333334 0.11018518518518519
3 0.91328125 0.7583333333333333 0.06822916666666666 0.1648148148148148
3 0.56796875 0.6226851851851852 0.03177083333333333 0.07685185185185185
2 0.7669270833333334 0.600925925925926 0.07447916666666667 0.06481481481481481
2 0.5419270833333333 0.5768518518518518 0.0296875 0.05
2 0.753125 0.5972222222222222 0.04895833333333333 0.05925925925925926
0 0.9203125 0.6842592592592592 0.096875 0.28888888888888886
0 0.3296875 0.6148148148148148 0.034375 0.15925925925925927
0 0.8765625 0.6018518518518519 0.021875 0.06296296296296296
