3 0.43307291666666664 0.7537037037037037 0.10364583333333334 0.1962962962962963
2 0.8018229166666667 0.6152777777777778 0.07760416666666667 0.075
2 0.48463541666666665 0.6106481481481482 0.06927083333333334 0.10462962962962963
2 0.5791666666666667 0.5949074074074074 0.035416666666666666 0.05277777777777778
2 0.3932291666666667 0.6064814814814815 0.06354166666666666 0.09814814814814815
3 0.63515625 0.6333333333333333 0.021354166666666667 0.06296296296296296
2 0.3184895833333333 0.5805555555555556 0.0296875 0.02962962962962963
2 0.35182291666666665 0.5837962962962963 0.03177083333333333 0.032407407407407406
0 0.4231770833333333 0.674537037037037 0.06822916666666666 0.2324074074074074
0 0.8591145833333333 0.6064814814814815 0.015104166666666667 0.07592592592592592
0 0.8809895833333333 0.6078703703703704 0.013020833333333334 0.06759259259259259
0 0.8622395833333333 0.6111111111111112 0.015104166666666667 0.08148148148148149
0 0.5403645833333334 0.6097222222222223 0.0140625 0.062037037037037036
