2 0.7989583333333333 0.5851851851851851 0.07916666666666666 0.07592592592592592
3 0.553125 0.6356481481481482 0.04583333333333333 0.10833333333333334
2 0.43333333333333335 0.5564814814814815 0.04791666666666667 0.08148148148148149
3 0.23828125 0.6425925925925926 0.09427083333333333 0.14444444444444443
3 0.6518229166666667 0.6152777777777778 0.025520833333333333 0.06759259259259259
3 0.4744791666666667 0.6064814814814815 0.036458333333333336 0.07962962962962963
2 0.3182291666666667 0.5370370370370371 0.030208333333333334 0.03148148148148148
2 0.3541666666666667 0.5430555555555555 0.023958333333333335 0.030555555555555555
0 0.47760416666666666 0.5814814814814815 0.029166666666666667 0.11666666666666667
0 0.23463541666666668 0.5935185185185186 0.04739583333333333 0.18888888888888888
0 0.5520833333333334 0.5819444444444445 0.042708333333333334 0.11388888888888889
0 0.6505208333333333 0.5819444444444445 0.026041666666666668 0.09907407407407408
0 0.9606770833333333 0.5944444444444444 0.0171875 0.09814814814814815
0 0.5502604166666667 0.600462962962963 0.04114583333333333 0.14351851851851852
0 0.6486979166666667 0.5717592592592593 0.022395833333333334 0.07685185185185185
0 0.9440104166666666 0.5837962962962963 0.015104166666666667 0.08796296296296297
0 0.9880208333333333 0.5902777777777778 0.019791666666666666 0.08796296296296297
