2 0.2328125 0.5990740740740741 0.18229166666666666 0.14444444444444443
2 0.8578125 0.586574074074074 0.07291666666666667 0.08796296296296297
2 0.4765625 0.5796296296296296 0.10104166666666667 0.12962962962962962
3 0.6979166666666666 0.6416666666666667 0.03229166666666667 0.0962962962962963
2 0.34401041666666665 0.5347222222222222 0.034895833333333334 0.030555555555555555
2 0.3815104166666667 0.5393518518518519 0.034895833333333334 0.041666666666666664
2 0.3796875 0.5430555555555555 0.029166666666666667 0.032407407407407406
3 0.590625 0.5796296296296296 0.021875 0.05
0 0.6979166666666666 0.6157407407407407 0.03958333333333333 0.11666666666666667
0 0.6981770833333333 0.5967592592592592 0.04114583333333333 0.11388888888888889
0 0.6953125 0.5875 0.03333333333333333 0.09166666666666666
