2 0.21744791666666666 0.6060185185185185 0.18802083333333333 0.15833333333333333
2 0.48385416666666664 0.5837962962962963 0.07395833333333333 0.10092592592592593
3 0.40078125 0.6462962962962963 0.05260416666666667 0.11851851851851852
3 0.9153645833333334 0.7625 0.0671875 0.1638888888888889
2 0.546875 0.575462962962963 0.036458333333333336 0.049074074074074076
2 0.32578125 0.5592592592592592 0.03802083333333333 0.03333333333333333
3 0.9184895833333333 0.7458333333333333 0.08385416666666666 0.18981481481481483
3 0.5825520833333333 0.6171296296296296 0.022395833333333334 0.06759259259259259
3 0.5776041666666667 0.6083333333333333 0.0375 0.06111111111111111
3 0.5796875 0.6138888888888889 0.030208333333333334 0.06851851851851852
2 0.35833333333333334 0.5625 0.030208333333333334 0.03425925925925926
0 0.92421875 0.6851851851851852 0.10572916666666667 0.28888888888888886
0 0.396875 0.6074074074074074 0.04583333333333333 0.1388888888888889
0 0.8278645833333333 0.5935185185185186 0.016145833333333335 0.07222222222222222
0 0.8794270833333333 0.6013888888888889 0.016145833333333335 0.062037037037037036
0 0.5809895833333333 0.5930555555555556 0.0265625 0.08611111111111111
