2 0.8013020833333333 0.5898148148148148 0.0796875 0.07222222222222222
3 0.3528645833333333 0.6324074074074074 0.06927083333333334 0.11851851851851852
3 0.0453125 0.6361111111111111 0.090625 0.12962962962962962
2 0.41640625 0.5648148148148148 0.050520833333333334 0.09074074074074075
3 0.46015625 0.6726851851851852 0.08072916666666667 0.1638888888888889
3 0.63671875 0.6421296296296296 0.033854166666666664 0.09722222222222222
2 0.5065104166666666 0.5671296296296297 0.022395833333333334 0.07314814814814814
0 0.3611979166666667 0.5972222222222222 0.044270833333333336 0.15
0 0.9427083333333334 0.5875 0.021875 0.09351851851851851
0 0.9671875 0.5972222222222222 0.01875 0.10555555555555556
0 0.45703125 0.6305555555555555 0.0828125 0.21296296296296297
0 0.6317708333333333 0.6041666666666666 0.034375 0.12685185185185185
0 0.03177083333333333 0.6078703703703704 0.06354166666666666 0.14722222222222223
0 0.6299479166666667 0.575 0.028645833333333332 0.07962962962962963
0 0.6549479166666666 0.587037037037037 0.0171875 0.06296296296296296
0 0.47369791666666666 0.612037037037037 0.050520833333333334 0.1685185185185185
