2 0.8177083333333334 0.6041666666666666 0.07604166666666666 0.07685185185185185
3 0.2791666666666667 0.6393518518518518 0.06666666666666667 0.1175925925925926
3 0.49609375 0.6111111111111112 0.028645833333333332 0.08703703703703704
2 0.52109375 0.5731481481481482 0.0390625 0.06111111111111111
2 0.44609375 0.5787037037037037 0.0390625 0.05740740740740741
2 0.18020833333333333 0.5976851851851852 0.18541666666666667 0.1824074074074074
2 0.32395833333333335 0.5555555555555556 0.03958333333333333 0.03518518518518519
2 0.3575520833333333 0.5574074074074075 0.0328125 0.03518518518518519
2 0.47265625 0.5643518518518519 0.027604166666666666 0.049074074074074076
7 0.6169270833333333 0.6203703703703703 0.10885416666666667 0.2351851851851852
0 0.2828125 0.5976851851851852 0.035416666666666666 0.13425925925925927
0 0.99140625 0.6060185185185185 0.016145833333333335 0.09907407407407408
0 0.9666666666666667 0.612037037037037 0.023958333333333335 0.1111111111111111
0 0.27630208333333334 0.6018518518518519 0.0484375 0.14444444444444443
0 0.96328125 0.6101851851851852 0.018229166666666668 0.10740740740740741
0 0.9765625 0.6087962962962963 0.01875 0.10092592592592593
