2 0.5645833333333333 0.5962962962962963 0.05625 0.08703703703703704
3 0.15286458333333333 0.6393518518518518 0.08802083333333334 0.11203703703703703
3 0.27447916666666666 0.6726851851851852 0.090625 0.14722222222222223
2 0.78828125 0.6092592592592593 0.07864583333333333 0.07222222222222222
3 0.95078125 0.7412037037037037 0.09635416666666667 0.175
2 0.30546875 0.5583333333333333 0.0390625 0.040740740740740744
3 0.6263020833333334 0.6194444444444445 0.019270833333333334 0.044444444444444446
2 0.5135416666666667 0.5791666666666667 0.029166666666666667 0.03981481481481482
2 0.40572916666666664 0.5675925925925925 0.03229166666666667 0.03148148148148148
2 0.5135416666666667 0.5699074074074074 0.029166666666666667 0.049074074074074076
0 0.1578125 0.5995370370370371 0.03125 0.13796296296296295
0 0.2721354166666667 0.6217592592592592 0.06614583333333333 0.19537037037037036
0 0.93515625 0.6652777777777777 0.0671875 0.24166666666666667
0 0.9736979166666667 0.6689814814814815 0.049479166666666664 0.24351851851851852
0 0.146875 0.6023148148148149 0.05520833333333333 0.14351851851851852
0 0.6822916666666666 0.5814814814814815 0.016666666666666666 0.040740740740740744
0 0.684375 0.5995370370370371 0.019791666666666666 0.07685185185185185
0 0.9484375 0.6671296296296296 0.09375 0.24722222222222223
0 0.6861979166666666 0.6064814814814815 0.019270833333333334 0.06851851851851852
0 0.278125 0.6203703703703703 0.052083333333333336 0.17222222222222222
