2 0.40729166666666666 0.5796296296296296 0.06145833333333333 0.07962962962962963
2 0.8341145833333333 0.5972222222222222 0.06927083333333334 0.07962962962962963
3 0.2765625 0.6097222222222223 0.04479166666666667 0.08611111111111111
2 0.5216145833333333 0.5745370370370371 0.0515625 0.08981481481481482
3 0.46536458333333336 0.6819444444444445 0.0671875 0.1398148148148148
3 0.03515625 0.7074074074074074 0.0703125 0.15925925925925927
3 0.7026041666666667 0.600462962962963 0.020833333333333332 0.062037037037037036
2 0.36614583333333334 0.549537037037037 0.03125 0.03425925925925926
2 0.5776041666666667 0.5657407407407408 0.03229166666666667 0.05
0 0.46875 0.6162037037037037 0.06458333333333334 0.1824074074074074
0 0.0125 0.6342592592592593 0.025 0.24259259259259258
0 0.70234375 0.5967592592592592 0.0203125 0.062037037037037036
0 0.9911458333333333 0.5972222222222222 0.016666666666666666 0.10740740740740741
