3 0.30625 0.825925925925926 0.18854166666666666 0.3425925925925926
3 0.10520833333333333 0.6819444444444445 0.13020833333333334 0.17314814814814813
2 0.8078125 0.6037037037037037 0.07916666666666666 0.07407407407407407
3 0.44921875 0.6125 0.030729166666666665 0.075
2 0.26848958333333334 0.6125 0.21614583333333334 0.20462962962962963
2 0.3729166666666667 0.5842592592592593 0.078125 0.12222222222222222
2 0.5114583333333333 0.5717592592592593 0.03854166666666667 0.058333333333333334
2 0.475 0.5638888888888889 0.03229166666666667 0.046296296296296294
2 0.234375 0.6138888888888889 0.14791666666666667 0.2037037037037037
2 0.5700520833333333 0.5712962962962963 0.018229166666666668 0.03333333333333333
2 0.3854166666666667 0.5847222222222223 0.05 0.11944444444444445
3 0.44557291666666665 0.6064814814814815 0.03697916666666667 0.08518518518518518
0 0.3111979166666667 0.7023148148148148 0.11614583333333334 0.3990740740740741
0 0.11484375 0.6347222222222222 0.0609375 0.2101851851851852
0 0.9815104166666667 0.6074074074074074 0.0171875 0.08703703703703704
0 0.9559895833333333 0.6064814814814815 0.018229166666666668 0.09444444444444444
