3 0.38333333333333336 0.6523148148148148 0.05416666666666667 0.11018518518518519
3 0.9427083333333334 0.7407407407407407 0.1125 0.18703703703703703
2 0.5682291666666667 0.5912037037037037 0.051041666666666666 0.08055555555555556
3 0.050520833333333334 0.7287037037037037 0.10104166666666667 0.18888888888888888
3 0.29010416666666666 0.625 0.05625 0.0962962962962963
2 0.7895833333333333 0.6074074074074074 0.07708333333333334 0.07037037037037037
2 0.5161458333333333 0.575 0.030208333333333334 0.046296296296296294
2 0.3424479166666667 0.5615740740740741 0.03802083333333333 0.03425925925925926
0 0.027083333333333334 0.638425925925926 0.05416666666666667 0.2935185185185185
0 0.38125 0.6064814814814815 0.04895833333333333 0.15925925925925927
0 0.9315104166666667 0.6699074074074074 0.09427083333333333 0.2601851851851852
0 0.28984375 0.5879629629629629 0.0328125 0.1111111111111111
0 0.8296875 0.6037037037037037 0.017708333333333333 0.06851851851851852
0 0.9609375 0.6768518518518518 0.07083333333333333 0.2777777777777778
0 0.6770833333333334 0.5986111111111111 0.016666666666666666 0.06759259259259259
