3 0.43307291666666664 0.7953703703703704 0.12447916666666667 0.26851851851851855
3 0.24296875 0.7268518518518519 0.13177083333333334 0.24444444444444444
2 0.7877604166666666 0.6462962962962963 0.07552083333333333 0.07592592592592592
7 0.11119791666666666 0.6685185185185185 0.22239583333333332 0.2722222222222222
2 0.49114583333333334 0.625 0.040625 0.06111111111111111
2 0.5526041666666667 0.6203703703703703 0.03854166666666667 0.040740740740740744
3 0.32578125 0.6476851851851851 0.030729166666666665 0.08611111111111111
3 0.38177083333333334 0.6476851851851851 0.029166666666666667 0.08425925925925926
0 0.24322916666666666 0.6662037037037037 0.058333333333333334 0.23055555555555557
0 0.43854166666666666 0.6990740740740741 0.10208333333333333 0.2796296296296296
0 0.6450520833333333 0.6467592592592593 0.018229166666666668 0.08611111111111111
0 0.20390625 0.6652777777777777 0.04739583333333333 0.20277777777777778
0 0.5278645833333333 0.6472222222222223 0.019270833333333334 0.06296296296296296
