2 0.18619791666666666 0.687037037037037 0.37135416666666665 0.35
2 0.8005208333333333 0.5740740740740741 0.08020833333333334 0.07037037037037037
2 0.3611979166666667 0.5842592592592593 0.0703125 0.13703703703703704
2 0.43776041666666665 0.5388888888888889 0.0328125 0.05
3 0.61328125 0.6143518518518518 0.03697916666666667 0.10277777777777777
3 0.49921875 0.6027777777777777 0.0265625 0.06296296296296296
0 0.9408854166666667 0.5708333333333333 0.015104166666666667 0.0824074074074074
0 0.5236979166666667 0.5564814814814815 0.022395833333333334 0.08148148148148149
0 0.6265625 0.5768518518518518 0.019791666666666666 0.10740740740740741
0 0.6140625 0.5800925925925926 0.0375 0.11388888888888889
