3 0.3416666666666667 0.8199074074074074 0.16458333333333333 0.32685185185185184
3 0.13229166666666667 0.6805555555555556 0.12083333333333333 0.15925925925925927
2 0.8078125 0.6032407407407407 0.07916666666666666 0.07314814814814814
2 0.5111979166666667 0.5712962962962963 0.03802083333333333 0.05555555555555555
2 0.25625 0.6129629629629629 0.15520833333333334 0.19814814814814816
2 0.38828125 0.5810185185185185 0.050520833333333334 0.11944444444444445
2 0.47578125 0.5638888888888889 0.030729166666666665 0.044444444444444446
3 0.45364583333333336 0.6106481481481482 0.029166666666666667 0.07314814814814814
0 0.33567708333333335 0.6842592592592592 0.1171875 0.34074074074074073
0 0.13958333333333334 0.6328703703703704 0.059375 0.20462962962962963
0 0.9802083333333333 0.6074074074074074 0.017708333333333333 0.08888888888888889
0 0.4518229166666667 0.5972222222222222 0.0296875 0.0962962962962963
0 0.9549479166666667 0.6069444444444444 0.018229166666666668 0.09166666666666666
