3 0.07213541666666666 0.6791666666666667 0.14427083333333332 0.30277777777777776
3 0.5307291666666667 0.6365740740740741 0.03333333333333333 0.10277777777777777
2 0.42083333333333334 0.5930555555555556 0.115625 0.13425925925925927
3 0.9270833333333334 0.7490740740740741 0.090625 0.1648148148148148
2 0.7783854166666667 0.5995370370370371 0.07760416666666667 0.06574074074074074
7 0.42109375 0.5944444444444444 0.11614583333333334 0.13518518518518519
3 0.91796875 0.7546296296296297 0.06302083333333333 0.1537037037037037
5 0.47682291666666665 0.5328703703703703 0.033854166666666664 0.0787037037037037
2 0.7869791666666667 0.5990740740740741 0.05625 0.06296296296296296
0 0.92578125 0.6754629629629629 0.09322916666666667 0.275
0 0.06067708333333333 0.6425925925925926 0.0640625 0.2574074074074074
0 0.5307291666666667 0.6032407407407407 0.03333333333333333 0.1287037037037037
0 0.86640625 0.5949074074074074 0.0171875 0.06574074074074074
0 0.046875 0.6402777777777777 0.08958333333333333 0.25277777777777777
0 0.5286458333333334 0.5805555555555556 0.027083333333333334 0.08703703703703704
0 0.5575520833333333 0.5851851851851851 0.0234375 0.08148148148148149
0 0.8682291666666667 0.5995370370370371 0.021875 0.075
