2 0.8 0.6412037037037037 0.078125 0.06944444444444445
2 0.41432291666666665 0.6273148148148148 0.06197916666666667 0.08611111111111111
3 0.20390625 0.7157407407407408 0.1078125 0.1814814814814815
2 0.48880208333333336 0.6305555555555555 0.06302083333333333 0.08888888888888889
3 0.5526041666666667 0.7347222222222223 0.05520833333333333 0.13425925925925927
2 0.57734375 0.6208333333333333 0.04010416666666667 0.05092592592592592
2 0.3171875 0.6055555555555555 0.028125 0.03148148148148148
2 0.45677083333333335 0.6157407407407407 0.03229166666666667 0.05185185185185185
0 0.5442708333333334 0.6800925925925926 0.058333333333333334 0.18055555555555555
0 0.19453125 0.6787037037037037 0.05677083333333333 0.17037037037037037
0 0.8778645833333333 0.6305555555555555 0.011979166666666667 0.06851851851851852
