3 0.46015625 0.7851851851851852 0.12760416666666666 0.2740740740740741
2 0.7828125 0.6416666666666667 0.078125 0.06851851851851852
2 0.0265625 0.7486111111111111 0.053125 0.38425925925925924
3 0.6739583333333333 0.6472222222222223 0.020833333333333332 0.05555555555555555
2 0.5192708333333333 0.6032407407407407 0.030208333333333334 0.028703703703703703
2 0.30364583333333334 0.5800925925925926 0.026041666666666668 0.030555555555555555
2 0.4127604166666667 0.5953703703703703 0.0265625 0.04259259259259259
2 0.5260416666666666 0.6050925925925926 0.035416666666666666 0.030555555555555555
0 0.46875 0.6944444444444444 0.06354166666666666 0.2814814814814815
0 0.6721354166666667 0.6337962962962963 0.021354166666666667 0.07685185185185185
0 0.4674479166666667 0.6305555555555555 0.0640625 0.14629629629629629
0 0.6315104166666666 0.6185185185185185 0.013020833333333334 0.05185185185185185
0 0.8315104166666667 0.6300925925925925 0.0171875 0.06759259259259259
