3 0.08177083333333333 0.6666666666666666 0.08854166666666667 0.11851851851851852
7 0.25703125 0.637962962962963 0.1921875 0.20185185185185187
3 0.59921875 0.7333333333333333 0.049479166666666664 0.14444444444444443
2 0.7841145833333333 0.6578703703703703 0.07552083333333333 0.07314814814814814
3 0.4510416666666667 0.6925925925925925 0.059375 0.11481481481481481
2 0.48489583333333336 0.6175925925925926 0.036458333333333336 0.05925925925925926
3 0.36015625 0.6564814814814814 0.0328125 0.08518518518518518
0 0.6455729166666667 0.6449074074074074 0.016145833333333335 0.08055555555555556
0 0.08359375 0.6282407407407408 0.034895833333333334 0.14166666666666666
0 0.44947916666666665 0.6583333333333333 0.057291666666666664 0.17037037037037037
0 0.45729166666666665 0.6601851851851852 0.040625 0.14629629629629629
0 0.5984375 0.6652777777777777 0.05520833333333333 0.15833333333333333
0 0.5377604166666666 0.6402777777777777 0.016145833333333335 0.05092592592592592
0 0.8434895833333333 0.6523148148148148 0.0140625 0.06759259259259259
