2 0.3697916666666667 0.6449074074074074 0.20625 0.25833333333333336
2 0.80078125 0.5745370370370371 0.07864583333333333 0.0712962962962963
3 0.19505208333333332 0.8106481481481481 0.26510416666666664 0.36944444444444446
3 0.6328125 0.6032407407407407 0.025 0.08796296296296297
3 0.63671875 0.6037037037037037 0.021354166666666667 0.08333333333333333
2 0.4401041666666667 0.5342592592592592 0.03125 0.03888888888888889
2 0.5942708333333333 0.5532407407407407 0.027083333333333334 0.049074074074074076
2 0.4783854166666667 0.5407407407407407 0.043229166666666666 0.06481481481481481
3 0.6307291666666667 0.6106481481481482 0.03229166666666667 0.08796296296296297
0 0.21744791666666666 0.6824074074074075 0.1515625 0.48703703703703705
0 0.62578125 0.5740740740740741 0.025520833333333333 0.10740740740740741
