2 0.80078125 0.575 0.0796875 0.07037037037037037
2 0.46067708333333335 0.6083333333333333 0.1453125 0.17037037037037037
2 0.059895833333333336 0.5986111111111111 0.11979166666666667 0.18055555555555555
3 0.5479166666666667 0.6930555555555555 0.07708333333333334 0.1824074074074074
3 0.18229166666666666 0.6314814814814815 0.09791666666666667 0.1537037037037037
2 0.41171875 0.5740740740740741 0.06614583333333333 0.1037037037037037
3 0.34453125 0.5777777777777777 0.0359375 0.07962962962962963
3 0.64296875 0.586574074074074 0.025520833333333333 0.075
0 0.5473958333333333 0.6092592592592593 0.06979166666666667 0.2388888888888889
0 0.2 0.5856481481481481 0.052083333333333336 0.17314814814814813
0 0.34348958333333335 0.5601851851851852 0.034895833333333334 0.10555555555555556
