3 0.36223958333333334 0.8189814814814815 0.16302083333333334 0.3138888888888889
3 0.15208333333333332 0.762962962962963 0.18229166666666666 0.24259259259259258
2 0.49140625 0.6259259259259259 0.043229166666666666 0.05925925925925926
2 0.4205729166666667 0.6222222222222222 0.043229166666666666 0.053703703703703705
2 0.5520833333333334 0.6194444444444445 0.03854166666666667 0.04259259259259259
2 0.46041666666666664 0.6175925925925926 0.026041666666666668 0.03518518518518519
2 0.7895833333333333 0.6467592592592593 0.07708333333333334 0.07314814814814814
0 0.3729166666666667 0.7162037037037037 0.1 0.32685185185185184
0 0.15963541666666667 0.6773148148148148 0.06510416666666667 0.2564814814814815
0 0.6453125 0.6458333333333334 0.019791666666666666 0.08796296296296297
0 0.10182291666666667 0.6444444444444445 0.050520833333333334 0.17592592592592593
0 0.525 0.6486111111111111 0.020833333333333332 0.06944444444444445
0 0.18072916666666666 0.5935185185185186 0.023958333333333335 0.06296296296296296
