2 0.08489583333333334 0.6032407407407407 0.16979166666666667 0.1935185185185185
2 0.4947916666666667 0.6037037037037037 0.140625 0.16111111111111112
2 0.80078125 0.5740740740740741 0.0765625 0.07037037037037037
2 0.4296875 0.5726851851851852 0.06979166666666667 0.10092592592592593
3 0.23854166666666668 0.6231481481481481 0.08125 0.1425925925925926
3 0.5877604166666667 0.6712962962962963 0.059895833333333336 0.16296296296296298
3 0.3609375 0.5768518518518518 0.029166666666666667 0.06666666666666667
2 0.31979166666666664 0.5273148148148148 0.03333333333333333 0.03611111111111111
0 0.5872395833333334 0.6032407407407407 0.0609375 0.19722222222222222
0 0.24921875 0.575 0.049479166666666664 0.17407407407407408
0 0.2591145833333333 0.5717592592592593 0.030729166666666665 0.1527777777777778
0 0.6434895833333333 0.5810185185185185 0.025520833333333333 0.06944444444444445
