2 0.103125 0.6388888888888888 0.20625 0.2814814814814815
2 0.8119791666666667 0.6074074074074074 0.07604166666666666 0.07592592592592592
2 0.2760416666666667 0.5953703703703703 0.16041666666666668 0.15555555555555556
3 0.3734375 0.6291666666666667 0.046875 0.09351851851851851
2 0.4453125 0.5824074074074074 0.03854166666666667 0.053703703703703705
3 0.5244791666666667 0.6064814814814815 0.022916666666666665 0.07222222222222222
2 0.4734375 0.5726851851851852 0.027083333333333334 0.041666666666666664
0 0.9559895833333333 0.6106481481481482 0.0171875 0.08611111111111111
0 0.3736979166666667 0.6064814814814815 0.043229166666666666 0.11666666666666667
0 0.9838541666666667 0.6152777777777778 0.013541666666666667 0.0824074074074074
