3 0.16848958333333333 0.7074074074074074 0.07135416666666666 0.11296296296296296
3 0.0421875 0.7143518518518519 0.084375 0.1175925925925926
2 0.7966145833333333 0.65 0.07552083333333333 0.07222222222222222
2 0.5010416666666667 0.6351851851851852 0.04895833333333333 0.07592592592592592
2 0.4278645833333333 0.6356481481481482 0.04635416666666667 0.07314814814814814
3 0.4557291666666667 0.6847222222222222 0.036458333333333336 0.09166666666666666
3 0.5893229166666667 0.6773148148148148 0.0234375 0.06018518518518518
2 0.5544270833333333 0.6287037037037037 0.027604166666666666 0.037037037037037035
3 0.6317708333333333 0.6958333333333333 0.025 0.0787037037037037
2 0.34401041666666665 0.6222222222222222 0.030729166666666665 0.03518518518518519
3 0.6309895833333333 0.687962962962963 0.030729166666666665 0.08518518518518518
0 0.17578125 0.6601851851851852 0.03802083333333333 0.12962962962962962
0 0.04401041666666667 0.6699074074074074 0.049479166666666664 0.14166666666666666
0 0.46458333333333335 0.662962962962963 0.023958333333333335 0.11296296296296296
0 0.6296875 0.6643518518518519 0.03125 0.12129629629629629
0 0.853125 0.6435185185185185 0.017708333333333333 0.07962962962962963
0 0.45677083333333335 0.6699074074074074 0.03958333333333333 0.11018518518518519
0 0.16796875 0.663425925925926 0.049479166666666664 0.1361111111111111
0 0.62890625 0.6467592592592593 0.03177083333333333 0.0824074074074074
0 0.628125 0.6314814814814815 0.030208333333333334 0.05925925925925926
