3 0.9270833333333334 0.7393518518518518 0.090625 0.17685185185185184
2 0.7864583333333334 0.6018518518518519 0.075 0.06851851851851852
2 0.3268229166666667 0.6 0.17552083333333332 0.17592592592592593
3 0.48411458333333335 0.6277777777777778 0.03177083333333333 0.08518518518518518
2 0.5625 0.5768518518518518 0.03229166666666667 0.05740740740740741
3 0.43046875 0.6657407407407407 0.05677083333333333 0.14074074074074075
0 0.92578125 0.6620370370370371 0.09427083333333333 0.2611111111111111
0 0.428125 0.6203703703703703 0.059375 0.19074074074074074
0 0.5182291666666666 0.5856481481481481 0.019791666666666666 0.07685185185185185
0 0.85859375 0.5995370370370371 0.019270833333333334 0.06759259259259259
0 0.6401041666666667 0.5805555555555556 0.013541666666666667 0.053703703703703705
0 0.5421875 0.5898148148148148 0.025 0.08703703703703704
