2 0.7872395833333333 0.6481481481481481 0.07760416666666667 0.07407407407407407
3 0.503125 0.7685185185185185 0.090625 0.21666666666666667
7 0.15442708333333333 0.6592592592592592 0.26197916666666665 0.2518518518518518
3 0.32890625 0.7203703703703703 0.1046875 0.17222222222222222
3 0.3963541666666667 0.6449074074074074 0.029166666666666667 0.08796296296296297
2 0.42109375 0.6208333333333333 0.03177083333333333 0.058333333333333334
2 0.5541666666666667 0.6208333333333333 0.036458333333333336 0.03796296296296296
0 0.32838541666666665 0.6680555555555555 0.05260416666666667 0.19537037037037036
0 0.5015625 0.6782407407407407 0.08958333333333333 0.225
0 0.64453125 0.6439814814814815 0.018229166666666668 0.08055555555555556
