2 0.2578125 0.6023148148148149 0.165625 0.14722222222222223
3 0.4309895833333333 0.6361111111111111 0.044270833333333336 0.1111111111111111
2 0.49166666666666664 0.5824074074074074 0.06666666666666667 0.09814814814814815
3 0.9158854166666667 0.7638888888888888 0.06927083333333334 0.1648148148148148
2 0.020052083333333335 0.6328703703703704 0.04010416666666667 0.18055555555555555
2 0.5450520833333333 0.5745370370370371 0.03177083333333333 0.041666666666666664
2 0.7552083333333334 0.5976851851851852 0.07708333333333334 0.062037037037037036
3 0.92109375 0.7407407407407407 0.08802083333333334 0.2
2 0.36354166666666665 0.5615740740740741 0.036458333333333336 0.03425925925925926
3 0.5817708333333333 0.612037037037037 0.034375 0.06666666666666667
3 0.5872395833333334 0.6134259259259259 0.025520833333333333 0.06388888888888888
2 0.3341145833333333 0.5578703703703703 0.0234375 0.03611111111111111
0 0.9265625 0.6833333333333333 0.109375 0.28888888888888886
0 0.8278645833333333 0.5907407407407408 0.016145833333333335 0.07222222222222222
0 0.43020833333333336 0.5907407407407408 0.03958333333333333 0.11481481481481481
0 0.8815104166666666 0.6032407407407407 0.019270833333333334 0.062037037037037036
0 0.58359375 0.5912037037037037 0.03177083333333333 0.08055555555555556
