2 0.09479166666666666 0.6 0.18958333333333333 0.19444444444444445
3 0.32109375 0.6949074074074074 0.11927083333333334 0.20092592592592592
2 0.20651041666666667 0.6069444444444444 0.2109375 0.2101851851851852
2 0.8015625 0.5777777777777777 0.07708333333333334 0.07407407407407407
3 0.5552083333333333 0.6166666666666667 0.04375 0.10185185185185185
2 0.6078125 0.5648148148148148 0.04791666666666667 0.06666666666666667
2 0.49166666666666664 0.5555555555555556 0.028125 0.05
3 0.5130208333333334 0.5768518518518518 0.026041666666666668 0.06111111111111111
3 0.41380208333333335 0.5944444444444444 0.0453125 0.08888888888888889
3 0.4083333333333333 0.6 0.03333333333333333 0.08148148148148149
3 0.6713541666666667 0.5787037037037037 0.020833333333333332 0.05925925925925926
2 0.3578125 0.5388888888888889 0.036458333333333336 0.03888888888888889
0 0.31484375 0.6180555555555556 0.07447916666666667 0.25833333333333336
0 0.6700520833333333 0.5745370370370371 0.021354166666666667 0.062037037037037036
0 0.54765625 0.5671296296296297 0.0296875 0.09722222222222222
0 0.55546875 0.5773148148148148 0.04010416666666667 0.11018518518518519
0 0.8768229166666667 0.5685185185185185 0.016145833333333335 0.08333333333333333
0 0.8815104166666666 0.5680555555555555 0.015104166666666667 0.0824074074074074
0 0.5645833333333333 0.5736111111111111 0.030208333333333334 0.09537037037037037
