3 0.09010416666666667 0.7078703703703704 0.17291666666666666 0.23425925925925925
2 0.8026041666666667 0.5736111111111111 0.07916666666666666 0.0712962962962963
3 0.68515625 0.6078703703703704 0.0296875 0.07685185185185185
3 0.2591145833333333 0.6203703703703703 0.08697916666666666 0.15925925925925927
2 0.4861979166666667 0.5583333333333333 0.05677083333333333 0.07962962962962963
3 0.5799479166666667 0.6583333333333333 0.044270833333333336 0.12777777777777777
3 0.4296875 0.5912037037037037 0.034375 0.09351851851851851
3 0.575 0.65 0.057291666666666664 0.14629629629629629
2 0.2828125 0.5736111111111111 0.13541666666666666 0.11574074074074074
2 0.6046875 0.5768518518518518 0.03854166666666667 0.1
0 0.10520833333333333 0.6328703703703704 0.0625 0.2824074074074074
0 0.5713541666666667 0.6074074074074074 0.06145833333333333 0.17407407407407408
0 0.2565104166666667 0.5824074074074074 0.05677083333333333 0.1685185185185185
0 0.8919270833333334 0.5685185185185185 0.016145833333333335 0.07407407407407407
0 0.06744791666666666 0.5435185185185185 0.03697916666666667 0.08333333333333333
0 0.6315104166666666 0.5680555555555555 0.016145833333333335 0.05648148148148148
0 0.6822916666666666 0.5625 0.03333333333333333 0.1287037037037037
0 0.4244791666666667 0.5884259259259259 0.025 0.09351851851851851
0 0.68359375 0.5796296296296296 0.033854166666666664 0.10925925925925926
0 0.42994791666666665 0.5814814814814815 0.0359375 0.10185185185185185
