3 0.050520833333333334 0.6370370370370371 0.09895833333333333 0.12407407407407407
2 0.80078125 0.5888888888888889 0.07864583333333333 0.07222222222222222
2 0.4153645833333333 0.5643518518518519 0.04739583333333333 0.08796296296296297
3 0.35885416666666664 0.6300925925925925 0.06354166666666666 0.10833333333333334
3 0.63828125 0.637962962962963 0.03802083333333333 0.10185185185185185
3 0.4640625 0.6675925925925926 0.07916666666666666 0.1685185185185185
2 0.4395833333333333 0.5708333333333333 0.051041666666666666 0.09722222222222222
0 0.9427083333333334 0.5856481481481481 0.021875 0.09351851851851851
0 0.9666666666666667 0.5981481481481481 0.020833333333333332 0.10925925925925926
0 0.037760416666666664 0.6037037037037037 0.07135416666666666 0.14444444444444443
0 0.36276041666666664 0.5967592592592592 0.049479166666666664 0.1527777777777778
0 0.4640625 0.6268518518518519 0.078125 0.2074074074074074
0 0.3671875 0.5828703703703704 0.052083333333333336 0.125
0 0.47890625 0.6074074074074074 0.0484375 0.17222222222222222
0 0.4588541666666667 0.5912037037037037 0.084375 0.14166666666666666
0 0.6315104166666666 0.5875 0.033854166666666664 0.10648148148148148
0 0.6333333333333333 0.6027777777777777 0.0375 0.12777777777777777
