2 0.45546875 0.6296296296296297 0.12447916666666667 0.1685185185185185
2 0.7833333333333333 0.6101851851851852 0.078125 0.07222222222222222
3 0.6880208333333333 0.6583333333333333 0.028125 0.07777777777777778
3 0.5356770833333333 0.6856481481481481 0.05677083333333333 0.11203703703703703
2 0.30416666666666664 0.5587962962962963 0.028125 0.030555555555555555
2 0.39869791666666665 0.5675925925925925 0.027604166666666666 0.02962962962962963
0 0.6864583333333333 0.6171296296296296 0.030208333333333334 0.14351851851851852
0 0.5325520833333334 0.6342592592592593 0.0546875 0.19074074074074074
0 0.6317708333333333 0.5939814814814814 0.016666666666666666 0.05648148148148148
0 0.6166666666666667 0.587037037037037 0.011458333333333333 0.046296296296296294
0 0.6190104166666667 0.5907407407407408 0.011979166666666667 0.046296296296296294
0 0.8203125 0.5981481481481481 0.016666666666666666 0.06481481481481481
