2 0.27682291666666664 0.6013888888888889 0.15260416666666668 0.14166666666666666
3 0.44583333333333336 0.6361111111111111 0.041666666666666664 0.1037037037037037
3 0.048177083333333336 0.7393518518518518 0.09635416666666667 0.20092592592592592
3 0.91640625 0.762962962962963 0.0703125 0.17037037037037037
2 0.4973958333333333 0.5824074074074074 0.059375 0.0962962962962963
2 0.5450520833333333 0.5745370370370371 0.03177083333333333 0.041666666666666664
2 0.7518229166666667 0.5967592592592592 0.0765625 0.062037037037037036
3 0.92421875 0.7388888888888889 0.0921875 0.20555555555555555
2 0.7622395833333333 0.5986111111111111 0.0546875 0.06388888888888888
0 0.9268229166666667 0.6824074074074075 0.1078125 0.28888888888888886
0 0.041666666666666664 0.6560185185185186 0.08333333333333333 0.29907407407407405
0 0.028125 0.6578703703703703 0.05625 0.2972222222222222
0 0.8283854166666667 0.5893518518518519 0.015104166666666667 0.06759259259259259
0 0.8815104166666666 0.6046296296296296 0.0171875 0.06296296296296296
0 0.44479166666666664 0.6152777777777778 0.040625 0.12314814814814815
