2 0.7989583333333333 0.5810185185185185 0.078125 0.075
3 0.4080729166666667 0.6935185185185185 0.10989583333333333 0.2222222222222222
2 0.49661458333333336 0.5569444444444445 0.0515625 0.07685185185185185
3 0.6122395833333333 0.6023148148148149 0.027604166666666666 0.07314814814814814
3 0.3377604166666667 0.6407407407407407 0.0640625 0.13518518518518519
2 0.059375 0.6361111111111111 0.11875 0.23703703703703705
7 0.05963541666666667 0.6351851851851852 0.11927083333333334 0.23703703703703705
3 0.5604166666666667 0.5861111111111111 0.022916666666666665 0.06111111111111111
3 0.6471354166666666 0.5837962962962963 0.018229166666666668 0.062037037037037036
0 0.4088541666666667 0.6212962962962963 0.1 0.26481481481481484
0 0.334375 0.6032407407407407 0.053125 0.18055555555555555
0 0.97890625 0.5828703703703704 0.018229166666666668 0.08425925925925926
0 0.946875 0.5819444444444445 0.017708333333333333 0.08055555555555556
0 0.6125 0.5912037037037037 0.029166666666666667 0.08796296296296297
