3 0.03125 0.7388888888888889 0.0625 0.1685185185185185
2 0.7809895833333333 0.6032407407407407 0.0765625 0.06574074074074074
3 0.92734375 0.7435185185185185 0.08697916666666666 0.17407407407407408
3 0.5177083333333333 0.637962962962963 0.03854166666666667 0.1111111111111111
3 0.9200520833333333 0.7541666666666667 0.06510416666666667 0.15462962962962962
2 0.41302083333333334 0.5875 0.11145833333333334 0.12685185185185185
2 0.39166666666666666 0.6078703703703704 0.090625 0.11388888888888889
2 0.31953125 0.5564814814814815 0.030729166666666665 0.027777777777777776
2 0.35052083333333334 0.5569444444444445 0.030208333333333334 0.032407407407407406
0 0.92890625 0.6754629629629629 0.0953125 0.28055555555555556
0 0.6330729166666667 0.5796296296296296 0.018229166666666668 0.053703703703703705
0 0.8666666666666667 0.6 0.017708333333333333 0.07222222222222222
0 0.5549479166666667 0.5805555555555556 0.028645833333333332 0.08333333333333333
0 0.5166666666666667 0.612037037037037 0.03958333333333333 0.13518518518518519
0 0.5145833333333333 0.586574074074074 0.034375 0.08611111111111111
