2 0.8010416666666667 0.5902777777777778 0.07916666666666666 0.07314814814814814
3 0.03463541666666667 0.6416666666666667 0.06927083333333334 0.11296296296296296
3 0.63359375 0.6435185185185185 0.0359375 0.1037037037037037
3 0.34088541666666666 0.6324074074074074 0.07239583333333334 0.12037037037037036
3 0.4515625 0.6722222222222223 0.08125 0.1814814814814815
2 0.41848958333333336 0.5671296296296297 0.058854166666666666 0.09351851851851851
0 0.34088541666666666 0.5972222222222222 0.049479166666666664 0.15185185185185185
0 0.63203125 0.5925925925925926 0.0359375 0.12037037037037036
0 0.019010416666666665 0.5842592592592593 0.03802083333333333 0.15925925925925927
0 0.45 0.6101851851851852 0.07395833333333333 0.17777777777777778
0 0.9682291666666667 0.5990740740740741 0.017708333333333333 0.1
0 0.9440104166666666 0.5884259259259259 0.021354166666666667 0.09166666666666666
