2 0.7875 0.6027777777777777 0.07604166666666666 0.07037037037037037
3 0.46536458333333336 0.6328703703703704 0.0390625 0.08796296296296297
3 0.925 0.7388888888888889 0.0875 0.17962962962962964
7 0.2794270833333333 0.6050925925925926 0.18177083333333333 0.19166666666666668
2 0.5638020833333334 0.5777777777777777 0.0359375 0.06296296296296296
3 0.38385416666666666 0.6814814814814815 0.071875 0.1537037037037037
2 0.2799479166666667 0.6055555555555555 0.18072916666666666 0.19074074074074074
3 0.5046875 0.5935185185185186 0.01875 0.06666666666666667
3 0.9174479166666667 0.749537037037037 0.06927083333333334 0.15833333333333333
0 0.9213541666666667 0.6615740740740741 0.09479166666666666 0.2564814814814815
0 0.5325520833333334 0.5888888888888889 0.024479166666666666 0.10185185185185185
0 0.3768229166666667 0.6273148148148148 0.05677083333333333 0.19166666666666668
0 0.5046875 0.5898148148148148 0.019791666666666666 0.07407407407407407
