3 0.11197916666666667 0.7199074074074074 0.17395833333333333 0.24166666666666667
2 0.3380208333333333 0.5912037037037037 0.1125 0.11944444444444445
2 0.43125 0.5967592592592592 0.1125 0.13055555555555556
2 0.8015625 0.5902777777777778 0.07708333333333334 0.07314814814814814
3 0.5971354166666667 0.6370370370370371 0.03177083333333333 0.09074074074074075
0 0.12708333333333333 0.6569444444444444 0.058333333333333334 0.25833333333333336
0 0.5182291666666666 0.586574074074074 0.01875 0.08055555555555556
0 0.596875 0.6023148148148149 0.03333333333333333 0.14166666666666666
0 0.8658854166666666 0.5828703703703704 0.016145833333333335 0.06944444444444445
0 0.5940104166666667 0.5861111111111111 0.0265625 0.11296296296296296
0 0.89140625 0.5837962962962963 0.0171875 0.0712962962962963
0 0.6096354166666667 0.5773148148148148 0.016145833333333335 0.0824074074074074
0 0.59296875 0.5652777777777778 0.022395833333333334 0.07685185185185185
0 0.51484375 0.5902777777777778 0.021354166666666667 0.0787037037037037
