3 0.18177083333333333 0.6504629629629629 0.06354166666666666 0.09907407407407408
3 0.4973958333333333 0.6773148148148148 0.046875 0.09907407407407408
2 0.7817708333333333 0.6666666666666666 0.078125 0.07777777777777778
3 0.6330729166666667 0.7199074074074074 0.0390625 0.125
7 0.3109375 0.6287037037037037 0.17083333333333334 0.17777777777777778
2 0.5580729166666667 0.6217592592592592 0.025520833333333333 0.03425925925925926
0 0.6270833333333333 0.6648148148148149 0.053125 0.14629629629629629
0 0.175 0.6185185185185185 0.04375 0.13703703703703704
0 0.43072916666666666 0.6296296296296297 0.020833333333333332 0.07222222222222222
0 0.828125 0.6657407407407407 0.019791666666666666 0.07222222222222222
0 0.5380208333333333 0.6351851851851852 0.017708333333333333 0.05925925925925926
