2 0.18151041666666667 0.6912037037037037 0.36302083333333335 0.35833333333333334
2 0.8 0.5740740740740741 0.07916666666666666 0.07037037037037037
2 0.3497395833333333 0.5861111111111111 0.0859375 0.1388888888888889
2 0.43802083333333336 0.5388888888888889 0.03333333333333333 0.05
3 0.61015625 0.6157407407407407 0.03177083333333333 0.1037037037037037
3 0.49713541666666666 0.6032407407407407 0.027604166666666666 0.06574074074074074
2 0.17786458333333333 0.5013888888888889 0.05260416666666667 0.028703703703703703
0 0.9411458333333333 0.5717592592592593 0.014583333333333334 0.0824074074074074
0 0.6119791666666666 0.5893518518518519 0.03854166666666667 0.10462962962962963
0 0.9700520833333334 0.5717592592592593 0.0171875 0.07685185185185185
0 0.5434895833333333 0.55 0.0109375 0.04814814814814815
0 0.52421875 0.5555555555555556 0.022395833333333334 0.08148148148148149
