2 0.7989583333333333 0.5814814814814815 0.078125 0.07592592592592592
3 0.3984375 0.7046296296296296 0.10833333333333334 0.22037037037037038
2 0.054427083333333334 0.638425925925926 0.10885416666666667 0.23796296296296296
2 0.49661458333333336 0.5569444444444445 0.050520833333333334 0.07685185185185185
3 0.328125 0.6430555555555556 0.057291666666666664 0.14166666666666666
3 0.61171875 0.6018518518518519 0.027604166666666666 0.07592592592592592
3 0.5588541666666667 0.5888888888888889 0.021875 0.05555555555555555
3 0.6473958333333333 0.5856481481481481 0.01875 0.058333333333333334
3 0.55859375 0.5810185185185185 0.025520833333333333 0.0712962962962963
2 0.4640625 0.5421296296296296 0.021875 0.049074074074074076
0 0.3958333333333333 0.6282407407407408 0.090625 0.27870370370370373
0 0.3307291666666667 0.5949074074074074 0.04583333333333333 0.1712962962962963
0 0.9791666666666666 0.5828703703703704 0.016666666666666666 0.08425925925925926
0 0.9466145833333334 0.5814814814814815 0.018229166666666668 0.08148148148148149
0 0.6114583333333333 0.5902777777777778 0.030208333333333334 0.09166666666666666
