3 0.38776041666666666 0.7060185185185185 0.10364583333333334 0.1935185185185185
2 0.8015625 0.5953703703703703 0.078125 0.06851851851851852
3 0.2630208333333333 0.6486111111111111 0.09270833333333334 0.13055555555555556
3 0.6153645833333333 0.6615740740740741 0.0390625 0.11944444444444445
3 0.4739583333333333 0.600462962962963 0.029166666666666667 0.0824074074074074
2 0.3184895833333333 0.55 0.03802083333333333 0.04259259259259259
0 0.6125 0.6180555555555556 0.04479166666666667 0.1527777777777778
0 0.9440104166666666 0.5930555555555556 0.0203125 0.09351851851851851
0 0.26223958333333336 0.6097222222222223 0.0578125 0.17314814814814813
0 0.396875 0.6314814814814815 0.07916666666666666 0.22407407407407406
0 0.9731770833333333 0.6013888888888889 0.016145833333333335 0.09537037037037037
0 0.290625 0.5925925925925926 0.026041666666666668 0.1425925925925926
0 0.9927083333333333 0.5986111111111111 0.013541666666666667 0.09166666666666666
