2 0.5994791666666667 0.5726851851851852 0.06458333333333334 0.09351851851851851
3 0.14192708333333334 0.7162037037037037 0.19114583333333332 0.2861111111111111
2 0.35 0.5745370370370371 0.0875 0.09907407407407408
2 0.80234375 0.575 0.07760416666666667 0.07037037037037037
3 0.2643229166666667 0.6106481481481482 0.0578125 0.09351851851851851
2 0.4981770833333333 0.5550925925925926 0.043229166666666666 0.0712962962962963
3 0.65 0.6157407407407407 0.03125 0.08333333333333333
3 0.41067708333333336 0.6287037037037037 0.0546875 0.12962962962962962
3 0.0703125 0.6171296296296296 0.08125 0.14351851851851852
3 0.6494791666666667 0.6023148148148149 0.034375 0.11018518518518519
3 0.475 0.5810185185185185 0.026041666666666668 0.07314814814814814
3 0.41640625 0.6212962962962963 0.0703125 0.14814814814814814
0 0.6481770833333333 0.5925925925925926 0.034895833333333334 0.11851851851851852
0 0.15651041666666668 0.6222222222222222 0.08802083333333334 0.29074074074074074
0 0.26484375 0.5708333333333333 0.04635416666666667 0.12685185185185185
0 0.4140625 0.5953703703703703 0.046875 0.16111111111111112
0 0.07994791666666666 0.5634259259259259 0.0328125 0.1175925925925926
0 0.41822916666666665 0.5907407407407408 0.034375 0.15
0 0.8927083333333333 0.5666666666666667 0.015625 0.07962962962962963
0 0.2635416666666667 0.5912037037037037 0.04895833333333333 0.09722222222222222
0 0.69140625 0.575462962962963 0.024479166666666666 0.08425925925925926
0 0.8825520833333333 0.5662037037037037 0.0140625 0.07685185185185185
