3 0.12864583333333332 0.8125 0.25729166666666664 0.36018518518518516
2 0.8606770833333334 0.5981481481481481 0.08177083333333333 0.10740740740740741
2 0.4434895833333333 0.5671296296296297 0.06197916666666667 0.0787037037037037
3 0.6213541666666667 0.6657407407407407 0.052083333333333336 0.12962962962962962
2 0.140625 0.5953703703703703 0.28125 0.26851851851851855
3 0.5065104166666666 0.6185185185185185 0.04114583333333333 0.09814814814814815
3 0.3958333333333333 0.6041666666666666 0.0375 0.07685185185185185
2 0.35442708333333334 0.5356481481481481 0.0265625 0.032407407407407406
2 0.3502604166666667 0.5333333333333333 0.033854166666666664 0.02962962962962963
0 0.128125 0.7185185185185186 0.15 0.5259259259259259
0 0.4036458333333333 0.5768518518518518 0.026041666666666668 0.09259259259259259
0 0.6184895833333334 0.6106481481481482 0.05677083333333333 0.16018518518518518
0 0.39739583333333334 0.5824074074074074 0.03854166666666667 0.10555555555555556
0 0.5171875 0.5805555555555556 0.03229166666666667 0.1037037037037037
0 0.40078125 0.5930555555555556 0.03177083333333333 0.09166666666666666
0 0.50859375 0.587037037037037 0.03802083333333333 0.1111111111111111
