2 0.82109375 0.6023148148148149 0.0703125 0.0787037037037037
7 0.11145833333333334 0.5888888888888889 0.22291666666666668 0.20185185185185187
7 0.5377604166666666 0.6435185185185185 0.18072916666666666 0.35
3 0.4322916666666667 0.6208333333333333 0.03854166666666667 0.10092592592592593
3 0.06822916666666666 0.6620370370370371 0.13229166666666667 0.15925925925925927
3 0.38567708333333334 0.5953703703703703 0.0234375 0.05925925925925926
2 0.32838541666666665 0.5513888888888889 0.030729166666666665 0.03425925925925926
2 0.35833333333333334 0.5532407407407407 0.03125 0.03425925925925926
0 0.9932291666666667 0.6050925925925926 0.0125 0.09166666666666666
0 0.9763020833333333 0.6023148148148149 0.0234375 0.11018518518518519
0 0.6760416666666667 0.5916666666666667 0.015625 0.05555555555555555
0 0.9716145833333333 0.6041666666666666 0.021354166666666667 0.11574074074074074
0 0.38515625 0.5893518518518519 0.022395833333333334 0.06574074074074074
0 0.4309895833333333 0.5879629629629629 0.03697916666666667 0.08703703703703704
