2 0.8013020833333333 0.5879629629629629 0.07864583333333333 0.07407407407407407
3 0.08489583333333334 0.625 0.10520833333333333 0.13703703703703704
3 0.38255208333333335 0.6277777777777778 0.06197916666666667 0.10740740740740741
3 0.48463541666666665 0.6675925925925926 0.07135416666666666 0.15185185185185185
2 0.4231770833333333 0.5513888888888889 0.044270833333333336 0.06574074074074074
2 0.4583333333333333 0.5763888888888888 0.06979166666666667 0.10833333333333334
3 0.6419270833333334 0.6319444444444444 0.0328125 0.09351851851851851
1 0.3828125 0.6277777777777778 0.059375 0.10555555555555556
0 0.38619791666666664 0.5861111111111111 0.0453125 0.14444444444444443
0 0.9419270833333333 0.5851851851851851 0.0203125 0.09259259259259259
0 0.9682291666666667 0.5967592592592592 0.016666666666666666 0.10462962962962963
0 0.4856770833333333 0.6078703703703704 0.0578125 0.16944444444444445
0 0.6364583333333333 0.5921296296296297 0.03333333333333333 0.12129629629629629
0 0.078125 0.5819444444444445 0.06875 0.1527777777777778
0 0.09140625 0.5828703703703704 0.044270833333333336 0.1527777777777778
0 0.9666666666666667 0.5986111111111111 0.022916666666666665 0.11203703703703703
0 0.9380208333333333 0.5837962962962963 0.020833333333333332 0.09351851851851851
