2 0.33697916666666666 0.5888888888888889 0.12291666666666666 0.11481481481481481
2 0.8502604166666666 0.587037037037037 0.0734375 0.08703703703703704
2 0.5041666666666667 0.575925925925926 0.08020833333333334 0.1111111111111111
3 0.7125 0.6222222222222222 0.027083333333333334 0.07222222222222222
3 0.06770833333333333 0.6425925925925926 0.05520833333333333 0.09444444444444444
3 0.020833333333333332 0.8208333333333333 0.041666666666666664 0.2361111111111111
2 0.5875 0.5671296296296297 0.029166666666666667 0.058333333333333334
3 0.06536458333333334 0.6287037037037037 0.059895833333333336 0.12407407407407407
0 0.017708333333333333 0.6430555555555556 0.035416666666666666 0.33425925925925926
0 0.7125 0.5967592592592592 0.025 0.06574074074074074
0 0.02109375 0.6236111111111111 0.0421875 0.26944444444444443
0 0.7125 0.6083333333333333 0.027083333333333334 0.07222222222222222
0 0.0203125 0.7064814814814815 0.040625 0.45740740740740743
0 0.054427083333333334 0.5902777777777778 0.033854166666666664 0.12685185185185185
