2 0.8020833333333334 0.5736111111111111 0.078125 0.0712962962962963
3 0.24583333333333332 0.6722222222222223 0.10833333333333334 0.18703703703703703
3 0.14114583333333333 0.6217592592592592 0.090625 0.11944444444444445
3 0.03697916666666667 0.6421296296296296 0.07395833333333333 0.13796296296296295
2 0.5809895833333333 0.5768518518518518 0.0640625 0.10185185185185185
2 0.4895833333333333 0.5564814814814815 0.05520833333333333 0.07777777777777778
3 0.4471354166666667 0.5879629629629629 0.033854166666666664 0.08148148148148149
3 0.6135416666666667 0.6393518518518518 0.034375 0.10833333333333334
3 0.3307291666666667 0.6129629629629629 0.06354166666666666 0.11666666666666667
3 0.6885416666666667 0.6046296296296296 0.027083333333333334 0.06296296296296296
3 0.328125 0.6041666666666666 0.07708333333333334 0.1398148148148148
0 0.24817708333333333 0.6101851851851852 0.0640625 0.22592592592592592
0 0.14427083333333332 0.5773148148148148 0.05625 0.14907407407407408
0 0.01953125 0.5981481481481481 0.0390625 0.19074074074074074
0 0.6885416666666667 0.575 0.029166666666666667 0.1037037037037037
0 0.33229166666666665 0.5694444444444444 0.03854166666666667 0.13703703703703704
0 0.6151041666666667 0.5907407407407408 0.04583333333333333 0.1425925925925926
0 0.8919270833333334 0.5680555555555555 0.0203125 0.0824074074074074
0 0.6088541666666667 0.5893518518518519 0.034375 0.13425925925925927
