2 0.8153645833333333 0.6069444444444444 0.07447916666666667 0.075
3 0.31692708333333336 0.6347222222222222 0.0578125 0.10833333333333334
2 0.44635416666666666 0.5819444444444445 0.0375 0.05462962962962963
2 0.04140625 0.6361111111111111 0.0828125 0.2851851851851852
3 0.50625 0.6134259259259259 0.028125 0.075
2 0.5221354166666666 0.5731481481481482 0.03177083333333333 0.05925925925925926
2 0.22057291666666667 0.5976851851851852 0.18697916666666667 0.1712962962962963
7 0.041666666666666664 0.6356481481481482 0.08333333333333333 0.2861111111111111
2 0.47317708333333336 0.5680555555555555 0.024479166666666666 0.04537037037037037
7 0.22083333333333333 0.5981481481481481 0.18645833333333334 0.17407407407407408
7 0.6317708333333333 0.6180555555555556 0.096875 0.2212962962962963
0 0.9921875 0.6087962962962963 0.014583333333333334 0.08796296296296297
0 0.32109375 0.6013888888888889 0.04635416666666667 0.1287037037037037
0 0.959375 0.6106481481481482 0.01875 0.09166666666666666
0 0.9768229166666667 0.6092592592592593 0.0171875 0.0962962962962963
