3 0.63984375 0.7125 0.03802083333333333 0.12314814814814815
3 0.5072916666666667 0.674537037037037 0.04375 0.09537037037037037
2 0.7833333333333333 0.6652777777777777 0.07916666666666666 0.07685185185185185
3 0.20286458333333332 0.6513888888888889 0.058854166666666666 0.09166666666666666
7 0.3111979166666667 0.6291666666666667 0.14010416666666667 0.1675925925925926
2 0.47317708333333336 0.6148148148148148 0.0328125 0.05185185185185185
2 0.5583333333333333 0.6222222222222222 0.023958333333333335 0.03333333333333333
0 0.20234375 0.6189814814814815 0.033854166666666664 0.11944444444444445
0 0.6377604166666667 0.6611111111111111 0.0453125 0.13703703703703704
0 0.8286458333333333 0.6638888888888889 0.023958333333333335 0.07407407407407407
0 0.20026041666666666 0.6231481481481481 0.0484375 0.12962962962962962
