2 0.8005208333333333 0.5745370370370371 0.07916666666666666 0.0712962962962963
3 0.22317708333333333 0.8097222222222222 0.2546875 0.3712962962962963
2 0.37838541666666664 0.6412037037037037 0.1953125 0.24537037037037038
2 0.47890625 0.5412037037037037 0.0421875 0.06388888888888888
2 0.59453125 0.5527777777777778 0.027604166666666666 0.04814814814814815
3 0.6322916666666667 0.6078703703703704 0.025 0.08611111111111111
3 0.6375 0.6037037037037037 0.020833333333333332 0.08148148148148149
2 0.4401041666666667 0.5287037037037037 0.03333333333333333 0.03518518518518519
3 0.521875 0.5925925925925926 0.021875 0.05740740740740741
0 0.23541666666666666 0.6796296296296296 0.15208333333333332 0.4759259259259259
0 0.6276041666666666 0.5763888888888888 0.028125 0.11944444444444445
0 0.62421875 0.5439814814814815 0.022395833333333334 0.05277777777777778
