2 0.8041666666666667 0.600462962962963 0.08020833333333334 0.07314814814814814
3 0.07786458333333333 0.7986111111111112 0.15572916666666667 0.28425925925925927
2 0.37526041666666665 0.5981481481481481 0.1265625 0.16296296296296298
3 0.30234375 0.6523148148148148 0.08072916666666667 0.1175925925925926
1 0.5171875 0.7342592592592593 0.071875 0.18703703703703703
2 0.34921875 0.5995370370370371 0.1796875 0.16574074074074074
3 0.5184895833333333 0.7273148148148149 0.07447916666666667 0.20277777777777778
2 0.6604166666666667 0.6027777777777777 0.042708333333333334 0.0962962962962963
0 0.04609375 0.6893518518518519 0.0921875 0.39166666666666666
0 0.51640625 0.6458333333333334 0.07760416666666667 0.23796296296296296
0 0.3033854166666667 0.612037037037037 0.0421875 0.1648148148148148
0 0.978125 0.6027777777777777 0.019791666666666666 0.09259259259259259
0 0.9502604166666667 0.6 0.019270833333333334 0.1037037037037037
0 0.9747395833333333 0.6023148148148149 0.024479166666666666 0.09907407407407408
