2 0.17291666666666666 0.7027777777777777 0.3458333333333333 0.37037037037037035
2 0.8002604166666667 0.5740740740740741 0.0796875 0.07037037037037037
2 0.32317708333333334 0.5847222222222223 0.12864583333333332 0.14537037037037037
2 0.43802083333333336 0.538425925925926 0.03333333333333333 0.05092592592592592
3 0.4940104166666667 0.6027777777777777 0.0265625 0.06851851851851852
3 0.6080729166666666 0.6185185185185185 0.0328125 0.1
2 0.3411458333333333 0.5837962962962963 0.09166666666666666 0.14166666666666666
3 0.4942708333333333 0.5898148148148148 0.03333333333333333 0.09074074074074075
0 0.9416666666666667 0.5726851851851852 0.015625 0.08425925925925926
0 0.9708333333333333 0.5791666666666667 0.017708333333333333 0.09166666666666666
0 0.4942708333333333 0.5837962962962963 0.03229166666666667 0.10277777777777777
0 0.6067708333333334 0.5962962962962963 0.03229166666666667 0.08333333333333333
