2 0.79453125 0.6449074074074074 0.0765625 0.0712962962962963
3 0.1375 0.6995370370370371 0.06666666666666667 0.09351851851851851
2 0.4283854166666667 0.6296296296296297 0.044270833333333336 0.06481481481481481
3 0.240625 0.6916666666666667 0.05520833333333333 0.0962962962962963
2 0.5010416666666667 0.6296296296296297 0.04791666666666667 0.07222222222222222
3 0.48151041666666666 0.6703703703703704 0.0296875 0.07962962962962963
2 0.5559895833333334 0.6208333333333333 0.028645833333333332 0.04722222222222222
3 0.6377604166666667 0.6842592592592592 0.022395833333333334 0.06851851851851852
2 0.46041666666666664 0.6240740740740741 0.026041666666666668 0.037037037037037035
2 0.5591145833333333 0.6194444444444445 0.03697916666666667 0.05555555555555555
3 0.00859375 0.7513888888888889 0.0171875 0.10648148148148148
0 0.13802083333333334 0.6606481481481481 0.040625 0.1361111111111111
0 0.6361979166666667 0.6564814814814814 0.027604166666666666 0.10740740740740741
0 0.8520833333333333 0.6361111111111111 0.017708333333333333 0.07592592592592592
0 0.596875 0.6486111111111111 0.022916666666666665 0.08425925925925926
0 0.24348958333333334 0.6555555555555556 0.044270833333333336 0.13333333333333333
0 0.8697916666666666 0.6328703703703704 0.013541666666666667 0.06388888888888888
0 0.24609375 0.6523148148148148 0.0609375 0.12129629629629629
0 0.48098958333333336 0.662962962962963 0.03177083333333333 0.09074074074074075
