2 0.2833333333333333 0.6759259259259259 0.2375 0.2777777777777778
3 0.10859375 0.8037037037037037 0.2171875 0.3574074074074074
2 0.7848958333333333 0.6236111111111111 0.06979166666666667 0.0712962962962963
3 0.6354166666666666 0.6939814814814815 0.06041666666666667 0.16018518518518518
2 0.42578125 0.5782407407407407 0.030729166666666665 0.041666666666666664
2 0.47994791666666664 0.5935185185185186 0.05677083333333333 0.09074074074074075
2 0.39739583333333334 0.575 0.030208333333333334 0.03333333333333333
2 0.5427083333333333 0.5861111111111111 0.023958333333333335 0.03333333333333333
2 0.5140625 0.6046296296296296 0.01875 0.05185185185185185
0 0.11510416666666666 0.6907407407407408 0.11354166666666667 0.37222222222222223
0 0.63359375 0.6541666666666667 0.0609375 0.14166666666666666
0 0.8419270833333333 0.6101851851851852 0.015104166666666667 0.07037037037037037
