2 0.2171875 0.5875 0.17604166666666668 0.14166666666666666
3 0.07161458333333333 0.6662037037037037 0.14322916666666666 0.20092592592592592
2 0.5625 0.5875 0.10104166666666667 0.12314814814814815
2 0.8018229166666667 0.575925925925926 0.07864583333333333 0.07222222222222222
3 0.46927083333333336 0.6930555555555555 0.0875 0.20462962962962963
3 0.6705729166666666 0.625 0.034895833333333334 0.1
3 0.3859375 0.5990740740740741 0.046875 0.10185185185185185
0 0.46927083333333336 0.6222222222222222 0.059375 0.2388888888888889
0 0.078125 0.5939814814814814 0.06145833333333333 0.2175925925925926
0 0.6684895833333333 0.5828703703703704 0.0328125 0.10092592592592593
0 0.9458333333333333 0.5745370370370371 0.016666666666666666 0.0787037037037037
0 0.6364583333333333 0.5731481481481482 0.015625 0.05555555555555555
0 0.6638020833333333 0.5726851851851852 0.033854166666666664 0.08611111111111111
