3 0.07864583333333333 0.6717592592592593 0.13333333333333333 0.18796296296296297
2 0.7997395833333333 0.587037037037037 0.0765625 0.07407407407407407
3 0.515625 0.6578703703703703 0.058333333333333334 0.12129629629629629
2 0.4744791666666667 0.5699074074074074 0.057291666666666664 0.10092592592592593
3 0.42265625 0.6166666666666667 0.0484375 0.1111111111111111
3 0.6481770833333333 0.6287037037037037 0.028645833333333332 0.07777777777777778
3 0.17005208333333333 0.6171296296296296 0.059895833333333336 0.09907407407407408
0 0.09322916666666667 0.6092592592592593 0.053125 0.23148148148148148
0 0.16145833333333334 0.5782407407407407 0.034375 0.1398148148148148
0 0.4239583333333333 0.5833333333333334 0.04479166666666667 0.13148148148148148
0 0.5151041666666667 0.6087962962962963 0.057291666666666664 0.1675925925925926
0 0.9427083333333334 0.5819444444444445 0.019791666666666666 0.09537037037037037
0 0.990625 0.5907407407407408 0.017708333333333333 0.09444444444444444
0 0.6447916666666667 0.5796296296296296 0.022916666666666665 0.08703703703703704
0 0.9661458333333334 0.5958333333333333 0.016666666666666666 0.10092592592592593
0 0.5151041666666667 0.586574074074074 0.053125 0.12129629629629629
