2 0.6036458333333333 0.5694444444444444 0.06041666666666667 0.08333333333333333
3 0.3221354166666667 0.6787037037037037 0.1140625 0.20185185185185187
2 0.048177083333333336 0.6240740740740741 0.09635416666666667 0.2796296296296296
3 0.16432291666666668 0.6180555555555556 0.07135416666666666 0.10462962962962963
2 0.8018229166666667 0.5740740740740741 0.07760416666666667 0.07037037037037037
2 0.38359375 0.5703703703703704 0.0734375 0.09259259259259259
2 0.5080729166666667 0.5587962962962963 0.027604166666666666 0.05648148148148148
3 0.6622395833333333 0.600925925925926 0.0234375 0.07962962962962963
3 0.24869791666666666 0.6129629629629629 0.049479166666666664 0.11666666666666667
3 0.46171875 0.6106481481481482 0.05677083333333333 0.1175925925925926
3 0.2598958333333333 0.611574074074074 0.07395833333333333 0.12129629629629629
3 0.69296875 0.5907407407407408 0.018229166666666668 0.05555555555555555
0 0.32265625 0.6064814814814815 0.05677083333333333 0.23333333333333334
0 0.48359375 0.575925925925926 0.0328125 0.1259259259259259
0 0.15651041666666668 0.575 0.04635416666666667 0.13333333333333333
0 0.66015625 0.5912037037037037 0.0203125 0.0824074074074074
0 0.8815104166666666 0.5648148148148148 0.0140625 0.08333333333333333
0 0.471875 0.5773148148148148 0.052083333333333336 0.1361111111111111
0 0.46145833333333336 0.5768518518518518 0.053125 0.13333333333333333
0 0.89296875 0.5680555555555555 0.0171875 0.08055555555555556
