2 0.8661458333333333 0.5916666666666667 0.07291666666666667 0.0962962962962963
2 0.32526041666666666 0.6 0.20885416666666667 0.20185185185185187
3 0.540625 0.7189814814814814 0.09270833333333334 0.22314814814814815
2 0.6169270833333333 0.5541666666666667 0.0296875 0.04537037037037037
3 0.46015625 0.5875 0.024479166666666666 0.0787037037037037
3 0.23046875 0.6152777777777778 0.0421875 0.11574074074074074
2 0.6114583333333333 0.5527777777777778 0.041666666666666664 0.05185185185185185
3 0.6825520833333333 0.6268518518518519 0.034895833333333334 0.09259259259259259
0 0.54375 0.6425925925925926 0.08020833333333334 0.25925925925925924
0 0.4627604166666667 0.5777777777777777 0.022395833333333334 0.09814814814814815
0 0.56953125 0.638425925925926 0.044270833333333336 0.22314814814814815
