2 0.13697916666666668 0.624537037037037 0.27395833333333336 0.22870370370370371
2 0.79921875 0.5791666666666667 0.0765625 0.0712962962962963
3 0.43072916666666666 0.6175925925925926 0.04375 0.10740740740740741
3 0.621875 0.5847222222222223 0.022916666666666665 0.075
3 0.53671875 0.6550925925925926 0.0609375 0.14351851851851852
2 0.3546875 0.5361111111111111 0.034375 0.03518518518518519
2 0.34765625 0.5361111111111111 0.0328125 0.03333333333333333
0 0.4283854166666667 0.5810185185185185 0.0359375 0.12129629629629629
0 0.5385416666666667 0.5976851851851852 0.06354166666666666 0.18425925925925926
0 0.6216145833333333 0.5736111111111111 0.024479166666666666 0.09166666666666666
0 0.48984375 0.5671296296296297 0.024479166666666666 0.10648148148148148
0 0.9442708333333333 0.5787037037037037 0.014583333333333334 0.08333333333333333
0 0.5760416666666667 0.5597222222222222 0.021875 0.075
