3 0.23333333333333334 0.7509259259259259 0.17395833333333333 0.2833333333333333
2 0.8026041666666667 0.5962962962962963 0.078125 0.07037037037037037
3 0.09375 0.6722222222222223 0.14166666666666666 0.17407407407407408
3 0.57421875 0.6893518518518519 0.059895833333333336 0.15648148148148147
2 0.42265625 0.5935185185185186 0.08489583333333334 0.14444444444444443
3 0.37161458333333336 0.6324074074074074 0.0640625 0.11851851851851852
2 0.5109375 0.5666666666666667 0.035416666666666666 0.05185185185185185
2 0.39895833333333336 0.5925925925925926 0.13333333333333333 0.14444444444444443
2 0.50390625 0.5662037037037037 0.044270833333333336 0.05462962962962963
2 0.65859375 0.5958333333333333 0.04114583333333333 0.08611111111111111
0 0.25234375 0.6587962962962963 0.07760416666666667 0.30277777777777776
0 0.57265625 0.6324074074074074 0.0640625 0.19814814814814816
0 0.9763020833333333 0.6 0.018229166666666668 0.09259259259259259
0 0.10494791666666667 0.6226851851851852 0.044270833333333336 0.19907407407407407
0 0.1390625 0.5972222222222222 0.03229166666666667 0.1537037037037037
0 0.37838541666666664 0.6050925925925926 0.04739583333333333 0.15462962962962962
0 0.9526041666666667 0.5921296296296297 0.014583333333333334 0.09537037037037037
0 0.25026041666666665 0.5740740740740741 0.07760416666666667 0.13518518518518519
