2 0.31223958333333335 0.5902777777777778 0.12447916666666667 0.1287037037037037
3 0.5760416666666667 0.637962962962963 0.03958333333333333 0.09814814814814815
2 0.8013020833333333 0.5888888888888889 0.07864583333333333 0.07037037037037037
3 0.022135416666666668 0.7481481481481481 0.044270833333333336 0.2074074074074074
2 0.41015625 0.5958333333333333 0.12447916666666667 0.1398148148148148
3 0.49973958333333335 0.5967592592592592 0.0203125 0.058333333333333334
3 0.6044270833333333 0.6 0.024479166666666666 0.053703703703703705
5 0.5393229166666667 0.5375 0.08072916666666667 0.1175925925925926
0 0.57109375 0.5912037037037037 0.033854166666666664 0.13055555555555556
0 0.8919270833333334 0.5814814814814815 0.015104166666666667 0.07037037037037037
0 0.8669270833333333 0.5796296296296296 0.016145833333333335 0.07777777777777778
