2 0.4921875 0.6402777777777777 0.05520833333333333 0.08611111111111111
2 0.7986979166666667 0.6509259259259259 0.07760416666666667 0.07407407407407407
3 0.2984375 0.7101851851851851 0.07708333333333334 0.14629629629629629
2 0.4192708333333333 0.638425925925926 0.057291666666666664 0.08055555555555556
3 0.5854166666666667 0.7319444444444444 0.042708333333333334 0.11388888888888889
2 0.45729166666666665 0.6268518518518519 0.028125 0.046296296296296294
2 0.3458333333333333 0.6203703703703703 0.029166666666666667 0.037037037037037035
3 0.5380208333333333 0.6981481481481482 0.028125 0.07962962962962963
0 0.5794270833333334 0.687037037037037 0.04739583333333333 0.15185185185185185
0 0.8596354166666667 0.6472222222222223 0.0171875 0.07962962962962963
0 0.53984375 0.674537037037037 0.03177083333333333 0.11388888888888889
0 0.8427083333333333 0.6435185185185185 0.014583333333333334 0.05740740740740741
0 0.30052083333333335 0.6935185185185185 0.05520833333333333 0.13703703703703704
0 0.6432291666666666 0.6597222222222222 0.015625 0.05277777777777778
