2 0.796875 0.6574074074074074 0.08020833333333334 0.07592592592592592
2 0.4234375 0.6439814814814815 0.053125 0.07685185185185185
3 0.37161458333333336 0.7069444444444445 0.05572916666666667 0.11203703703703703
3 0.6088541666666667 0.7217592592592592 0.035416666666666666 0.10092592592592593
2 0.49765625 0.6467592592592593 0.0546875 0.0824074074074074
3 0.5604166666666667 0.6916666666666667 0.023958333333333335 0.07592592592592592
2 0.4596354166666667 0.6305555555555555 0.027604166666666666 0.046296296296296294
2 0.34453125 0.6236111111111111 0.0328125 0.03425925925925926
0 0.6033854166666667 0.674074074074074 0.0390625 0.12777777777777777
0 0.8575520833333333 0.65 0.018229166666666668 0.07592592592592592
0 0.56171875 0.674537037037037 0.025520833333333333 0.10092592592592593
