2 0.78671875 0.6523148148148148 0.0765625 0.07314814814814814
3 0.4078125 0.7037037037037037 0.075 0.13333333333333333
3 0.5651041666666666 0.7449074074074075 0.06458333333333334 0.16574074074074074
2 0.48463541666666665 0.6194444444444445 0.0453125 0.06296296296296296
7 0.21302083333333333 0.6504629629629629 0.2125 0.21388888888888888
3 0.024479166666666666 0.6925925925925925 0.04895833333333333 0.10740740740740741
0 0.4041666666666667 0.6541666666666667 0.05520833333333333 0.16574074074074074
0 0.6450520833333333 0.6430555555555556 0.018229166666666668 0.0787037037037037
0 0.5671875 0.6842592592592592 0.0625 0.17962962962962964
0 0.559375 0.6712962962962963 0.06458333333333334 0.17037037037037037
