2 0.12005208333333334 0.6416666666666667 0.24010416666666667 0.2777777777777778
2 0.8119791666666667 0.6064814814814815 0.07604166666666666 0.07777777777777778
3 0.39010416666666664 0.625 0.042708333333333334 0.09259259259259259
2 0.29713541666666665 0.5939814814814814 0.14322916666666666 0.14722222222222223
2 0.4453125 0.5805555555555556 0.036458333333333336 0.05185185185185185
2 0.47317708333333336 0.5699074074074074 0.028645833333333332 0.04351851851851852
2 0.5104166666666666 0.5763888888888888 0.029166666666666667 0.06018518518518518
2 0.41354166666666664 0.5685185185185185 0.029166666666666667 0.044444444444444446
0 0.9559895833333333 0.6097222222222223 0.018229166666666668 0.08981481481481482
0 0.38567708333333334 0.5935185185185186 0.04114583333333333 0.12777777777777777
0 0.9838541666666667 0.6125 0.015625 0.08796296296296297
