2 0.3854166666666667 0.5824074074074074 0.08541666666666667 0.09259259259259259
3 0.27239583333333334 0.7240740740740741 0.15520833333333334 0.25
2 0.5145833333333333 0.5731481481481482 0.06666666666666667 0.1
2 0.8424479166666666 0.5884259259259259 0.06927083333333334 0.0824074074074074
3 0.18046875 0.6171296296296296 0.06927083333333334 0.11574074074074074
2 0.47161458333333334 0.5606481481481481 0.0328125 0.049074074074074076
3 0.71171875 0.6046296296296296 0.0234375 0.06481481481481481
0 0.28854166666666664 0.6439814814814815 0.08125 0.2916666666666667
0 0.325 0.6175925925925926 0.04791666666666667 0.22962962962962963
0 0.32447916666666665 0.5828703703703704 0.04895833333333333 0.16018518518518518
