2 0.08958333333333333 0.6231481481481481 0.17916666666666667 0.21481481481481482
3 0.24609375 0.6787037037037037 0.09427083333333333 0.16666666666666666
2 0.44921875 0.5888888888888889 0.09427083333333333 0.11481481481481481
3 0.9122395833333333 0.7527777777777778 0.06927083333333334 0.16111111111111112
3 0.5528645833333333 0.6240740740740741 0.0359375 0.08888888888888889
2 0.7859375 0.5995370370370371 0.046875 0.06574074074074074
2 0.7497395833333333 0.5953703703703703 0.033854166666666664 0.05740740740740741
7 0.44921875 0.5898148148148148 0.09635416666666667 0.11666666666666667
2 0.7716145833333333 0.5972222222222222 0.07552083333333333 0.06666666666666667
0 0.9216145833333333 0.6814814814814815 0.09427083333333333 0.2851851851851852
0 0.2484375 0.6087962962962963 0.03958333333333333 0.1935185185185185
0 0.5518229166666667 0.5875 0.0328125 0.08055555555555556
0 0.8703125 0.5967592592592592 0.019791666666666666 0.06388888888888888
0 0.8276041666666667 0.5888888888888889 0.014583333333333334 0.06296296296296296
