2 0.7947916666666667 0.6449074074074074 0.07708333333333334 0.0712962962962963
3 0.14375 0.6972222222222222 0.06666666666666667 0.09444444444444444
2 0.42864583333333334 0.6291666666666667 0.04479166666666667 0.06574074074074074
2 0.503125 0.6291666666666667 0.046875 0.0712962962962963
3 0.48385416666666664 0.6699074074074074 0.028125 0.0787037037037037
3 0.24557291666666667 0.6916666666666667 0.0546875 0.09259259259259259
2 0.5557291666666667 0.6212962962962963 0.028125 0.046296296296296294
3 0.013020833333333334 0.7472222222222222 0.026041666666666668 0.11481481481481481
3 0.6380208333333334 0.6851851851851852 0.022916666666666665 0.06666666666666667
2 0.46041666666666664 0.6240740740740741 0.026041666666666668 0.037037037037037035
0 0.14401041666666667 0.6592592592592592 0.04114583333333333 0.14074074074074075
0 0.6369791666666667 0.6583333333333333 0.027083333333333334 0.10925925925925926
0 0.24479166666666666 0.6569444444444444 0.051041666666666666 0.14166666666666666
0 0.8518229166666667 0.638425925925926 0.018229166666666668 0.0787037037037037
0 0.86953125 0.6333333333333333 0.013020833333333334 0.06296296296296296
0 0.59765625 0.65 0.021354166666666667 0.07777777777777778
0 0.59765625 0.6388888888888888 0.0203125 0.06666666666666667
0 0.2557291666666667 0.6518518518518519 0.04583333333333333 0.13333333333333333
