2 0.8005208333333333 0.5745370370370371 0.07916666666666666 0.0712962962962963
3 0.17083333333333334 0.8097222222222222 0.2875 0.3675925925925926
2 0.35859375 0.6435185185185185 0.22135416666666666 0.26296296296296295
3 0.63046875 0.6092592592592593 0.027604166666666666 0.08703703703703704
2 0.4395833333333333 0.5356481481481481 0.03333333333333333 0.04351851851851852
2 0.4796875 0.5425925925925926 0.0375 0.06296296296296296
3 0.63515625 0.6041666666666666 0.0234375 0.08611111111111111
2 0.5942708333333333 0.5537037037037037 0.028125 0.05
0 0.19244791666666666 0.700462962962963 0.15989583333333332 0.525
0 0.6263020833333334 0.5800925925925926 0.025520833333333333 0.11388888888888889
0 0.9395833333333333 0.5731481481481482 0.015625 0.08148148148148149
0 0.6255208333333333 0.5574074074074075 0.025 0.07777777777777778
0 0.6388020833333333 0.587037037037037 0.015104166666666667 0.07222222222222222
