3 0.371875 0.8064814814814815 0.14479166666666668 0.29814814814814816
3 0.15963541666666667 0.6759259259259259 0.11510416666666666 0.1574074074074074
2 0.30052083333333335 0.6106481481481482 0.21041666666666667 0.19537037037037036
2 0.8067708333333333 0.6032407407407407 0.07916666666666666 0.07314814814814814
2 0.51015625 0.5717592592592593 0.03697916666666667 0.05648148148148148
3 0.453125 0.6069444444444444 0.036458333333333336 0.07685185185185185
2 0.47682291666666665 0.5643518518518519 0.028645833333333332 0.041666666666666664
0 0.16302083333333334 0.6310185185185185 0.051041666666666666 0.20277777777777778
0 0.3690104166666667 0.6851851851851852 0.1015625 0.3425925925925926
0 0.9796875 0.6078703703703704 0.01875 0.08981481481481482
