2 0.12109375 0.7912037037037037 0.2421875 0.4046296296296296
2 0.42213541666666665 0.5791666666666667 0.06822916666666666 0.0787037037037037
2 0.83046875 0.5976851851851852 0.06927083333333334 0.0787037037037037
3 0.5046875 0.6625 0.058333333333333334 0.13425925925925927
2 0.4708333333333333 0.5671296296296297 0.03125 0.03796296296296296
3 0.30416666666666664 0.6064814814814815 0.040625 0.07962962962962963
3 0.69921875 0.5986111111111111 0.021354166666666667 0.05462962962962963
2 0.3640625 0.5509259259259259 0.030208333333333334 0.03518518518518519
2 0.3328125 0.5504629629629629 0.034375 0.03611111111111111
2 0.3372395833333333 0.549537037037037 0.0265625 0.032407407407407406
0 0.13541666666666666 0.562962962962963 0.053125 0.0962962962962963
0 0.5075520833333333 0.612037037037037 0.05364583333333333 0.17222222222222222
0 0.6986979166666667 0.5949074074074074 0.021354166666666667 0.058333333333333334
