2 0.7940104166666667 0.6439814814814815 0.0765625 0.06944444444444445
3 0.05755208333333333 0.7212962962962963 0.1140625 0.15185185185185185
2 0.428125 0.625462962962963 0.042708333333333334 0.06574074074074074
3 0.49947916666666664 0.6671296296296296 0.029166666666666667 0.06574074074074074
3 0.28932291666666665 0.6824074074074075 0.04739583333333333 0.08518518518518518
2 0.5567708333333333 0.6180555555555556 0.03229166666666667 0.04537037037037037
3 0.20286458333333332 0.6828703703703703 0.05572916666666667 0.09166666666666666
2 0.46171875 0.6199074074074075 0.027604166666666666 0.03611111111111111
2 0.46510416666666665 0.6199074074074075 0.03125 0.041666666666666664
3 0.6044270833333333 0.649537037037037 0.019270833333333334 0.06388888888888888
3 0.6416666666666667 0.6736111111111112 0.022916666666666665 0.06944444444444445
0 0.640625 0.6518518518518519 0.026041666666666668 0.1037037037037037
0 0.20677083333333332 0.6513888888888889 0.03958333333333333 0.11574074074074074
0 0.8682291666666667 0.6314814814814815 0.0125 0.06296296296296296
0 0.05859375 0.6657407407407407 0.0484375 0.16666666666666666
0 0.8484375 0.6333333333333333 0.014583333333333334 0.07222222222222222
0 0.2921875 0.649074074074074 0.041666666666666664 0.12407407407407407
