2 0.4901041666666667 0.6393518518518518 0.05520833333333333 0.08425925925925926
2 0.7986979166666667 0.649074074074074 0.0765625 0.07592592592592592
3 0.275 0.7171296296296297 0.084375 0.14537037037037037
2 0.41901041666666666 0.6365740740740741 0.059895833333333336 0.0824074074074074
3 0.5765625 0.7337962962962963 0.046875 0.12129629629629629
2 0.4591145833333333 0.6222222222222222 0.030729166666666665 0.046296296296296294
2 0.31744791666666666 0.6097222222222223 0.0265625 0.03425925925925926
2 0.3515625 0.6185185185185185 0.036458333333333336 0.03333333333333333
0 0.5708333333333333 0.6916666666666667 0.05 0.16111111111111112
0 0.8588541666666667 0.6449074074074074 0.017708333333333333 0.08055555555555556
0 0.5315104166666667 0.6763888888888889 0.028645833333333332 0.11388888888888889
0 0.27005208333333336 0.6805555555555556 0.05572916666666667 0.15925925925925927
0 0.8432291666666667 0.6412037037037037 0.014583333333333334 0.06018518518518518
