2 0.8205729166666667 0.6023148148148149 0.07135416666666666 0.0787037037037037
3 0.096875 0.6481481481481481 0.12291666666666666 0.17777777777777778
7 0.11692708333333333 0.5935185185185186 0.23385416666666667 0.2
3 0.44114583333333335 0.6194444444444445 0.03854166666666667 0.1
7 0.5479166666666667 0.6402777777777777 0.171875 0.33611111111111114
3 0.3893229166666667 0.5921296296296297 0.025520833333333333 0.06388888888888888
2 0.11666666666666667 0.5939814814814814 0.23333333333333334 0.20462962962962963
2 0.35885416666666664 0.5537037037037037 0.03229166666666667 0.03518518518518519
2 0.32838541666666665 0.5509259259259259 0.0296875 0.03518518518518519
0 0.43984375 0.5842592592592593 0.03802083333333333 0.11851851851851852
0 0.9932291666666667 0.6046296296296296 0.0125 0.09444444444444444
0 0.9768229166666667 0.6018518518518519 0.022395833333333334 0.10925925925925926
0 0.6752604166666667 0.5907407407407408 0.015104166666666667 0.053703703703703705
