3 0.9424479166666667 0.7398148148148148 0.1140625 0.18518518518518517
3 0.06640625 0.7055555555555556 0.1328125 0.23148148148148148
3 0.39453125 0.6472222222222223 0.05260416666666667 0.1111111111111111
2 0.5682291666666667 0.5898148148148148 0.05 0.07962962962962963
3 0.3028645833333333 0.6226851851851852 0.05572916666666667 0.09351851851851851
2 0.7924479166666667 0.6083333333333333 0.08072916666666667 0.07407407407407407
2 0.5171875 0.5745370370370371 0.030208333333333334 0.04537037037037037
0 0.0546875 0.638425925925926 0.0625 0.28425925925925927
0 0.9263020833333333 0.6625 0.08489583333333334 0.24722222222222223
0 0.3927083333333333 0.6013888888888889 0.04895833333333333 0.13240740740740742
0 0.30807291666666664 0.5847222222222223 0.033854166666666664 0.10092592592592593
0 0.8307291666666666 0.6055555555555555 0.015625 0.06296296296296296
0 0.6755208333333333 0.5949074074074074 0.01875 0.06759259259259259
0 0.39166666666666666 0.5824074074074074 0.046875 0.08333333333333333
