2 0.78671875 0.6023148148148149 0.0765625 0.06944444444444445
3 0.9255208333333333 0.7388888888888889 0.08854166666666667 0.17962962962962964
2 0.28984375 0.6037037037037037 0.18489583333333334 0.18703703703703703
3 0.4671875 0.6328703703703704 0.03958333333333333 0.08796296296296297
3 0.390625 0.6814814814814815 0.06770833333333333 0.1425925925925926
2 0.5630208333333333 0.5768518518518518 0.036458333333333336 0.06111111111111111
7 0.28880208333333335 0.6037037037037037 0.18489583333333334 0.18888888888888888
3 0.5065104166666666 0.5962962962962963 0.019270833333333334 0.06111111111111111
3 0.9171875 0.749537037037037 0.06979166666666667 0.15833333333333333
3 0.4671875 0.6180555555555556 0.042708333333333334 0.11018518518518519
0 0.9223958333333333 0.6620370370370371 0.09583333333333334 0.2611111111111111
0 0.3890625 0.6152777777777778 0.065625 0.1824074074074074
0 0.5330729166666667 0.5893518518518519 0.0265625 0.09722222222222222
0 0.4661458333333333 0.5907407407407408 0.035416666666666666 0.12777777777777777
0 0.5065104166666666 0.587037037037037 0.0203125 0.07592592592592592
0 0.8552083333333333 0.5930555555555556 0.017708333333333333 0.06018518518518518
0 0.6434895833333333 0.5814814814814815 0.015104166666666667 0.05925925925925926
