2 0.14765625 0.6912037037037037 0.2953125 0.35833333333333334
2 0.29453125 0.5893518518518519 0.15572916666666667 0.15833333333333333
2 0.8 0.575 0.07916666666666666 0.07037037037037037
2 0.43828125 0.538425925925926 0.033854166666666664 0.05092592592592592
3 0.5994791666666667 0.6282407407407408 0.035416666666666666 0.10092592592592593
2 0.06640625 0.49444444444444446 0.05260416666666667 0.027777777777777776
3 0.48489583333333336 0.6069444444444444 0.029166666666666667 0.06759259259259259
0 0.9419270833333333 0.5731481481481482 0.0140625 0.07777777777777778
0 0.9705729166666667 0.5736111111111111 0.019270833333333334 0.0787037037037037
0 0.5971354166666667 0.5578703703703703 0.04010416666666667 0.10092592592592593
0 0.59765625 0.5745370370370371 0.043229166666666666 0.1287037037037037
