2 0.7861979166666667 0.6064814814814815 0.0765625 0.07222222222222222
2 0.5541666666666667 0.600462962962963 0.065625 0.10092592592592593
3 0.0640625 0.711574074074074 0.128125 0.2101851851851852
3 0.6263020833333334 0.6240740740740741 0.022395833333333334 0.053703703703703705
2 0.48203125 0.5731481481481482 0.030729166666666665 0.02962962962962963
2 0.5130208333333334 0.5796296296296296 0.028125 0.03333333333333333
3 0.9645833333333333 0.7481481481481481 0.06875 0.13703703703703704
0 0.048177083333333336 0.6370370370370371 0.09635416666666667 0.28703703703703703
0 0.9666666666666667 0.674074074074074 0.065625 0.26296296296296295
0 0.8393229166666667 0.5902777777777778 0.0140625 0.07314814814814814
0 0.68828125 0.6018518518518519 0.0203125 0.08518518518518518
