3 0.09609375 0.7 0.1546875 0.23333333333333334
2 0.56875 0.5898148148148148 0.05 0.07777777777777778
3 0.4083333333333333 0.6458333333333334 0.04895833333333333 0.10462962962962963
3 0.3223958333333333 0.6180555555555556 0.053125 0.09166666666666666
3 0.940625 0.7398148148148148 0.11458333333333333 0.1814814814814815
2 0.7908854166666667 0.6074074074074074 0.07760416666666667 0.07407407407407407
2 0.5190104166666667 0.5745370370370371 0.0296875 0.041666666666666664
0 0.10598958333333333 0.6342592592592593 0.0546875 0.26666666666666666
0 0.40572916666666664 0.6069444444444444 0.04479166666666667 0.15462962962962962
0 0.9184895833333333 0.6625 0.07552083333333333 0.25092592592592594
0 0.3263020833333333 0.5861111111111111 0.0265625 0.09444444444444444
0 0.83046875 0.6060185185185185 0.018229166666666668 0.075
0 0.95859375 0.6773148148148148 0.06822916666666666 0.287962962962963
0 0.9403645833333333 0.6787037037037037 0.09635416666666667 0.2851851851851852
0 0.6747395833333333 0.5921296296296297 0.018229166666666668 0.07314814814814814
0 0.3203125 0.5879629629629629 0.03854166666666667 0.1
