2 0.475 0.625462962962963 0.11458333333333333 0.15648148148148147
2 0.7828125 0.6087962962962963 0.078125 0.0712962962962963
2 0.4 0.5675925925925925 0.030208333333333334 0.02962962962962963
3 0.55703125 0.6625 0.05364583333333333 0.12314814814814815
2 0.30416666666666664 0.5583333333333333 0.028125 0.03148148148148148
3 0.6903645833333333 0.6509259259259259 0.027604166666666666 0.07037037037037037
3 0.5588541666666667 0.6787037037037037 0.051041666666666666 0.09259259259259259
0 0.6890625 0.6157407407407407 0.030208333333333334 0.12222222222222222
0 0.8213541666666667 0.5967592592592592 0.017708333333333333 0.06574074074074074
0 0.5549479166666667 0.6171296296296296 0.044270833333333336 0.1638888888888889
0 0.8614583333333333 0.5939814814814814 0.017708333333333333 0.06759259259259259
0 0.6294270833333333 0.5944444444444444 0.013020833333333334 0.05
0 0.55546875 0.5990740740740741 0.033854166666666664 0.12777777777777777
