3 0.13125 0.8060185185185185 0.2625 0.3712962962962963
2 0.5302083333333333 0.5972222222222222 0.13229166666666667 0.14629629629629629
2 0.8015625 0.575462962962963 0.078125 0.07314814814814814
2 0.11640625 0.5884259259259259 0.23177083333333334 0.20833333333333334
2 0.45416666666666666 0.5657407407407408 0.071875 0.10185185185185185
3 0.3072916666666667 0.6152777777777778 0.065625 0.11574074074074074
3 0.6307291666666667 0.6583333333333333 0.04479166666666667 0.13518518518518519
3 0.38229166666666664 0.5712962962962963 0.025 0.07037037037037037
2 0.11848958333333333 0.6268518518518519 0.23697916666666666 0.25
2 0.4161458333333333 0.5375 0.028125 0.028703703703703703
2 0.146875 0.5925925925925926 0.29375 0.17037037037037037
2 0.09322916666666667 0.5902777777777778 0.18541666666666667 0.1638888888888889
0 0.15625 0.6814814814814815 0.09583333333333334 0.40925925925925927
0 0.6296875 0.5967592592592592 0.04895833333333333 0.18055555555555555
0 0.31354166666666666 0.575462962962963 0.04583333333333333 0.13796296296296295
