2 0.41302083333333334 0.6263888888888889 0.0625 0.08425925925925926
3 0.18229166666666666 0.725 0.11458333333333333 0.17037037037037037
2 0.8002604166666667 0.638425925925926 0.07864583333333333 0.07314814814814814
2 0.48515625 0.6300925925925925 0.058854166666666666 0.09166666666666666
2 0.5747395833333333 0.6180555555555556 0.03802083333333333 0.05092592592592592
3 0.5434895833333333 0.7449074074074075 0.05677083333333333 0.1175925925925926
2 0.31484375 0.6027777777777777 0.028645833333333332 0.027777777777777776
2 0.34609375 0.6050925925925926 0.034895833333333334 0.03611111111111111
3 0.54140625 0.7305555555555555 0.0671875 0.1425925925925926
0 0.5341145833333333 0.6824074074074075 0.05364583333333333 0.18518518518518517
0 0.5049479166666667 0.6615740740740741 0.03177083333333333 0.14351851851851852
0 0.18463541666666666 0.6768518518518518 0.0421875 0.18888888888888888
0 0.8776041666666666 0.6277777777777778 0.013541666666666667 0.07037037037037037
0 0.6408854166666667 0.6453703703703704 0.019270833333333334 0.06481481481481481
0 0.5260416666666666 0.6685185185185185 0.065625 0.16111111111111112
