2 0.09479166666666666 0.6305555555555555 0.18958333333333333 0.26481481481481484
2 0.8127604166666667 0.6069444444444444 0.07552083333333333 0.07685185185185185
2 0.44557291666666665 0.5814814814814815 0.03802083333333333 0.053703703703703705
3 0.365625 0.6277777777777778 0.046875 0.0962962962962963
2 0.2677083333333333 0.5962962962962963 0.16875 0.15555555555555556
7 0.26796875 0.5967592592592592 0.16927083333333334 0.15648148148148147
3 0.52265625 0.6069444444444444 0.024479166666666666 0.07314814814814814
3 0.6236979166666666 0.6569444444444444 0.04114583333333333 0.11574074074074074
2 0.4734375 0.5731481481481482 0.027083333333333334 0.040740740740740744
0 0.9565104166666667 0.6106481481481482 0.018229166666666668 0.08981481481481482
0 0.365625 0.5944444444444444 0.03333333333333333 0.1
0 0.9830729166666666 0.6157407407407407 0.013020833333333334 0.08333333333333333
