3 0.1328125 0.7402777777777778 0.178125 0.2564814814814815
2 0.78828125 0.6037037037037037 0.07552083333333333 0.07222222222222222
2 0.565625 0.5833333333333334 0.04375 0.06851851851851852
3 0.9208333333333333 0.7435185185185185 0.090625 0.1685185185185185
3 0.38229166666666664 0.6486111111111111 0.057291666666666664 0.12685185185185185
3 0.45546875 0.6060185185185185 0.0328125 0.06944444444444445
3 0.5015625 0.6208333333333333 0.027083333333333334 0.08055555555555556
7 0.15390625 0.6050925925925926 0.3078125 0.2324074074074074
2 0.1515625 0.6097222222222223 0.303125 0.24166666666666667
0 0.14609375 0.6425925925925926 0.06614583333333333 0.2814814814814815
0 0.9192708333333334 0.6685185185185185 0.09479166666666666 0.26296296296296295
0 0.3807291666666667 0.6083333333333333 0.042708333333333334 0.1648148148148148
0 0.5005208333333333 0.6027777777777777 0.028125 0.11481481481481481
0 0.3145833333333333 0.5953703703703703 0.03229166666666667 0.11296296296296296
0 0.6559895833333333 0.5921296296296297 0.015104166666666667 0.05462962962962963
0 0.4552083333333333 0.5958333333333333 0.030208333333333334 0.0824074074074074
