2 0.8005208333333333 0.5740740740740741 0.07916666666666666 0.07037037037037037
2 0.28802083333333334 0.6555555555555556 0.3072916666666667 0.29259259259259257
3 0.11223958333333334 0.8305555555555556 0.2234375 0.32592592592592595
2 0.43723958333333335 0.5393518518518519 0.034895833333333334 0.049074074074074076
3 0.6252604166666667 0.6125 0.030729166666666665 0.08981481481481482
3 0.51328125 0.600462962962963 0.019270833333333334 0.05277777777777778
2 0.48020833333333335 0.5435185185185185 0.036458333333333336 0.06481481481481481
0 0.065625 0.7041666666666667 0.13125 0.575
0 0.9401041666666666 0.5736111111111111 0.015625 0.0787037037037037
0 0.621875 0.5972222222222222 0.026041666666666668 0.0962962962962963
0 0.6377604166666667 0.5935185185185186 0.015104166666666667 0.08333333333333333
