2 0.31796875 0.5907407407407408 0.13177083333333334 0.12037037037037036
2 0.8520833333333333 0.5875 0.075 0.08611111111111111
2 0.4984375 0.575925925925926 0.084375 0.11296296296296296
3 0.7111979166666667 0.6208333333333333 0.0296875 0.07685185185185185
3 0.026302083333333334 0.6370370370370371 0.05260416666666667 0.12407407407407407
2 0.38359375 0.5412037037037037 0.030729166666666665 0.03796296296296296
2 0.5890625 0.5666666666666667 0.030208333333333334 0.05925925925925926
0 0.01171875 0.5967592592592592 0.0234375 0.1712962962962963
0 0.7072916666666667 0.5944444444444444 0.036458333333333336 0.09074074074074075
0 0.7057291666666666 0.5694444444444444 0.023958333333333335 0.05925925925925926
