2 0.48541666666666666 0.625462962962963 0.12083333333333333 0.15462962962962962
2 0.78359375 0.6087962962962963 0.07864583333333333 0.07314814814814814
3 0.5666666666666667 0.6828703703703703 0.04479166666666667 0.0787037037037037
2 0.4 0.5675925925925925 0.030208333333333334 0.02962962962962963
3 0.5658854166666667 0.6648148148148149 0.04635416666666667 0.1111111111111111
3 0.69140625 0.649537037037037 0.025520833333333333 0.06759259259259259
2 0.30416666666666664 0.5583333333333333 0.028125 0.03148148148148148
2 0.40208333333333335 0.5666666666666667 0.036458333333333336 0.03518518518518519
2 0.4421875 0.5708333333333333 0.019791666666666666 0.032407407407407406
0 0.56484375 0.6574074074074074 0.0453125 0.12222222222222222
0 0.6903645833333333 0.6231481481481481 0.0296875 0.11296296296296296
0 0.86328125 0.5967592592592592 0.016145833333333335 0.06944444444444445
