2 0.7888020833333333 0.6050925925925926 0.07552083333333333 0.0712962962962963
3 0.06588541666666667 0.7537037037037037 0.13177083333333334 0.23148148148148148
2 0.5651041666666666 0.5833333333333334 0.04375 0.07037037037037037
3 0.35520833333333335 0.6587962962962963 0.065625 0.1287037037037037
3 0.9216145833333333 0.7425925925925926 0.0953125 0.17037037037037037
7 0.14635416666666667 0.6083333333333333 0.26145833333333335 0.2388888888888889
3 0.4401041666666667 0.6101851851851852 0.034375 0.06481481481481481
3 0.48932291666666666 0.6231481481481481 0.028645833333333332 0.08333333333333333
3 0.28880208333333335 0.6171296296296296 0.04114583333333333 0.08425925925925926
2 0.5231770833333333 0.575 0.025520833333333333 0.037037037037037035
0 0.0421875 0.6560185185185186 0.084375 0.33240740740740743
0 0.48828125 0.5958333333333333 0.027604166666666666 0.11203703703703703
0 0.35052083333333334 0.6097222222222223 0.05 0.1638888888888889
0 0.9182291666666667 0.6662037037037037 0.08958333333333333 0.25462962962962965
0 0.35885416666666664 0.6097222222222223 0.03333333333333333 0.15833333333333333
0 0.2877604166666667 0.5976851851851852 0.0359375 0.11944444444444445
0 0.4395833333333333 0.5930555555555556 0.03229166666666667 0.09351851851851851
0 0.84375 0.6060185185185185 0.016666666666666666 0.05648148148148148
0 0.66015625 0.5962962962962963 0.016145833333333335 0.05185185185185185
0 0.440625 0.5833333333333334 0.027083333333333334 0.08518518518518518
