3 0.54140625 0.6402777777777777 0.0515625 0.1175925925925926
2 0.7989583333333333 0.5847222222222223 0.078125 0.075
3 0.19140625 0.649074074074074 0.1109375 0.15925925925925927
3 0.4583333333333333 0.612037037037037 0.03958333333333333 0.08888888888888889
2 0.4317708333333333 0.5574074074074075 0.046875 0.07962962962962963
3 0.6510416666666666 0.6185185185185185 0.027083333333333334 0.07222222222222222
2 0.31796875 0.5365740740740741 0.030729166666666665 0.03425925925925926
2 0.49192708333333335 0.5638888888888889 0.049479166666666664 0.09074074074074075
2 0.3502604166666667 0.5425925925925926 0.0296875 0.03148148148148148
0 0.4588541666666667 0.5833333333333334 0.03854166666666667 0.12222222222222222
0 0.19114583333333332 0.5967592592592592 0.053125 0.20462962962962963
0 0.6486979166666667 0.5819444444444445 0.0265625 0.09907407407407408
0 0.5385416666666667 0.5800925925925926 0.03958333333333333 0.10462962962962963
0 0.94296875 0.5824074074074074 0.018229166666666668 0.09074074074074075
0 0.9625 0.5916666666666667 0.015625 0.0962962962962963
