2 0.42083333333333334 0.5787037037037037 0.06875 0.07962962962962963
2 0.8317708333333333 0.5976851851851852 0.06979166666666667 0.08055555555555556
2 0.10703125 0.7916666666666666 0.21302083333333333 0.40370370370370373
3 0.5015625 0.6638888888888889 0.057291666666666664 0.1388888888888889
3 0.3015625 0.6055555555555555 0.03958333333333333 0.07962962962962963
3 0.6997395833333333 0.5995370370370371 0.021354166666666667 0.05277777777777778
2 0.4700520833333333 0.5657407407407408 0.03177083333333333 0.040740740740740744
2 0.53125 0.5726851851851852 0.03125 0.09166666666666666
2 0.36484375 0.5504629629629629 0.03177083333333333 0.03425925925925926
2 0.33177083333333335 0.5513888888888889 0.035416666666666666 0.03611111111111111
2 0.36041666666666666 0.5509259259259259 0.023958333333333335 0.03148148148148148
2 0.3385416666666667 0.55 0.025 0.03148148148148148
0 0.5044270833333333 0.6125 0.05364583333333333 0.17314814814814813
0 0.11432291666666666 0.562962962962963 0.06822916666666666 0.10925925925925926
0 0.30052083333333335 0.5921296296296297 0.03958333333333333 0.09166666666666666
0 0.6994791666666667 0.5958333333333333 0.021875 0.05648148148148148
