2 0.2671875 0.6791666666666667 0.25833333333333336 0.2824074074074074
3 0.0984375 0.8157407407407408 0.196875 0.32407407407407407
3 0.6333333333333333 0.700925925925926 0.0625 0.1574074074074074
2 0.7833333333333333 0.624537037037037 0.075 0.0712962962962963
2 0.4270833333333333 0.5791666666666667 0.03333333333333333 0.03981481481481482
2 0.4752604166666667 0.5967592592592592 0.05260416666666667 0.08611111111111111
2 0.3966145833333333 0.5773148148148148 0.030729166666666665 0.03425925925925926
2 0.5135416666666667 0.6060185185185185 0.017708333333333333 0.049074074074074076
0 0.08229166666666667 0.6851851851851852 0.125 0.3611111111111111
0 0.6322916666666667 0.6527777777777778 0.0625 0.1537037037037037
0 0.5734375 0.5958333333333333 0.01875 0.062037037037037036
