3 0.17083333333333334 0.7763888888888889 0.23020833333333332 0.32314814814814813
2 0.7986979166666667 0.5828703703703704 0.07864583333333333 0.07685185185185185
2 0.49192708333333335 0.5597222222222222 0.05364583333333333 0.0824074074074074
2 0.4388020833333333 0.5523148148148148 0.043229166666666666 0.06944444444444445
3 0.3854166666666667 0.6101851851851852 0.046875 0.10555555555555556
3 0.5953125 0.6175925925925926 0.03125 0.08518518518518518
2 0.31640625 0.5351851851851852 0.028645833333333332 0.03148148148148148
3 0.3768229166666667 0.6064814814814815 0.0609375 0.10925925925925926
3 0.5341145833333333 0.5958333333333333 0.0234375 0.06388888888888888
3 0.6536458333333334 0.5986111111111111 0.020833333333333332 0.05277777777777778
2 0.34375 0.537962962962963 0.026041666666666668 0.02962962962962963
0 0.1890625 0.6592592592592592 0.10104166666666667 0.3814814814814815
0 0.59375 0.5842592592592593 0.03229166666666667 0.13148148148148148
0 0.3848958333333333 0.5773148148148148 0.03854166666666667 0.13425925925925927
0 0.24244791666666668 0.6171296296296296 0.0578125 0.2972222222222222
0 0.9802083333333333 0.5879629629629629 0.016666666666666666 0.08703703703703704
0 0.6536458333333334 0.5949074074074074 0.021875 0.05462962962962963
0 0.9471354166666667 0.5856481481481481 0.016145833333333335 0.0824074074074074
0 0.9520833333333333 0.5916666666666667 0.01875 0.09444444444444444
