2 0.8591145833333333 0.5981481481481481 0.0859375 0.11296296296296296
2 0.096875 0.6300925925925925 0.19375 0.30277777777777776
2 0.4234375 0.5717592592592593 0.06770833333333333 0.08796296296296297
3 0.57734375 0.6824074074074075 0.06822916666666666 0.16296296296296298
3 0.471875 0.625 0.051041666666666666 0.11481481481481481
3 0.3651041666666667 0.6055555555555555 0.041666666666666664 0.08888888888888889
2 0.6354166666666666 0.5574074074074075 0.03854166666666667 0.05185185185185185
3 0.5122395833333333 0.6060185185185185 0.028645833333333332 0.07314814814814814
0 0.5747395833333333 0.6097222222222223 0.06302083333333333 0.20092592592592592
0 0.47291666666666665 0.5847222222222223 0.052083333333333336 0.14722222222222223
0 0.3690104166666667 0.5824074074074074 0.033854166666666664 0.1037037037037037
