2 0.7981770833333334 0.649537037037037 0.07760416666666667 0.075
2 0.4908854166666667 0.6393518518518518 0.0546875 0.08425925925925926
2 0.41953125 0.6370370370370371 0.0609375 0.08148148148148149
3 0.2830729166666667 0.7212962962962963 0.0828125 0.13148148148148148
3 0.5786458333333333 0.7319444444444444 0.046875 0.12314814814814815
2 0.45859375 0.6226851851851852 0.028645833333333332 0.05092592592592592
0 0.57265625 0.6893518518518519 0.0515625 0.15833333333333333
0 0.8596354166666667 0.6467592592592593 0.0171875 0.0824074074074074
0 0.534375 0.6754629629629629 0.030208333333333334 0.11574074074074074
0 0.27395833333333336 0.674537037037037 0.05416666666666667 0.16574074074074074
0 0.2838541666666667 0.6754629629629629 0.036458333333333336 0.16203703703703703
0 0.8440104166666667 0.6412037037037037 0.0140625 0.06018518518518518
