2 0.11171875 0.6449074074074074 0.2234375 0.287962962962963
2 0.8122395833333333 0.6069444444444444 0.0765625 0.0787037037037037
3 0.3815104166666667 0.6259259259259259 0.043229166666666666 0.09444444444444444
2 0.28828125 0.5953703703703703 0.15052083333333333 0.15185185185185185
2 0.44505208333333335 0.5814814814814815 0.03802083333333333 0.053703703703703705
3 0.5263020833333333 0.6041666666666666 0.024479166666666666 0.075
2 0.47291666666666665 0.5712962962962963 0.027083333333333334 0.04259259259259259
2 0.5171875 0.5768518518518518 0.040625 0.06296296296296296
0 0.38203125 0.5949074074074074 0.0390625 0.125
0 0.9846354166666667 0.6143518518518518 0.015104166666666667 0.0824074074074074
0 0.9559895833333333 0.611574074074074 0.0171875 0.08611111111111111
