3 0.058333333333333334 0.8134259259259259 0.11666666666666667 0.275
2 0.8044270833333333 0.600462962962963 0.08072916666666667 0.07314814814814814
2 0.365625 0.6018518518518519 0.13229166666666667 0.1685185185185185
3 0.2859375 0.6541666666666667 0.084375 0.12685185185185185
1 0.5018229166666667 0.7425925925925926 0.07552083333333333 0.19444444444444445
3 0.6125 0.5939814814814814 0.021875 0.05092592592592592
0 0.49713541666666666 0.6504629629629629 0.07447916666666667 0.2490740740740741
0 0.2869791666666667 0.6106481481481482 0.03958333333333333 0.1675925925925926
0 0.978125 0.6027777777777777 0.019791666666666666 0.09074074074074075
0 0.025260416666666667 0.6805555555555556 0.050520833333333334 0.38333333333333336
0 0.9505208333333334 0.600462962962963 0.01875 0.09907407407407408
0 0.025 0.5861111111111111 0.05 0.1962962962962963
