2 0.3770833333333333 0.5828703703703704 0.096875 0.09907407407407408
3 0.24322916666666666 0.7273148148148149 0.17083333333333334 0.275
2 0.84375 0.5884259259259259 0.07083333333333333 0.0824074074074074
2 0.5138020833333333 0.5731481481481482 0.06614583333333333 0.1
3 0.16770833333333332 0.6185185185185185 0.07083333333333333 0.11296296296296296
2 0.47213541666666664 0.5592592592592592 0.03177083333333333 0.04814814814814815
3 0.7122395833333334 0.6050925925925926 0.025520833333333333 0.06759259259259259
2 0.475 0.5537037037037037 0.034375 0.05740740740740741
0 0.25703125 0.6481481481481481 0.0953125 0.30925925925925923
0 0.30026041666666664 0.6046296296296296 0.050520833333333334 0.21296296296296297
0 0.71171875 0.5962962962962963 0.0234375 0.06481481481481481
