2 0.4947916666666667 0.6217592592592592 0.1125 0.14722222222222223
2 0.7841145833333333 0.6074074074074074 0.0765625 0.07222222222222222
3 0.5760416666666667 0.6620370370370371 0.04583333333333333 0.10185185185185185
3 0.69296875 0.6462962962962963 0.024479166666666666 0.06666666666666667
2 0.3997395833333333 0.5675925925925925 0.0296875 0.02962962962962963
2 0.30364583333333334 0.5592592592592592 0.030208333333333334 0.03148148148148148
2 0.44973958333333336 0.5680555555555555 0.0296875 0.03796296296296296
2 0.40208333333333335 0.5671296296296297 0.0375 0.03611111111111111
0 0.6911458333333333 0.6199074074074075 0.029166666666666667 0.11018518518518519
0 0.68984375 0.5930555555555556 0.027604166666666666 0.075
0 0.865625 0.5976851851851852 0.015625 0.06574074074074074
