2 0.26067708333333334 0.5962962962962963 0.16510416666666666 0.13148148148148148
2 0.8559895833333333 0.5875 0.07447916666666667 0.08796296296296297
2 0.48333333333333334 0.5773148148148148 0.096875 0.125
3 0.70390625 0.6319444444444444 0.0328125 0.08981481481481482
2 0.34322916666666664 0.5351851851851852 0.0375 0.03518518518518519
2 0.3809895833333333 0.5402777777777777 0.03802083333333333 0.03981481481481482
2 0.37526041666666665 0.5421296296296296 0.0265625 0.03425925925925926
3 0.590625 0.5796296296296296 0.022916666666666665 0.046296296296296294
5 0.5630208333333333 0.525 0.08020833333333334 0.11481481481481481
0 0.7020833333333333 0.6180555555555556 0.03229166666666667 0.09537037037037037
0 0.7015625 0.5981481481481481 0.03125 0.1
