2 0.24765625 0.5837962962962963 0.1484375 0.13240740740740742
3 0.14401041666666667 0.6550925925925926 0.11510416666666666 0.17314814814814813
2 0.8013020833333333 0.5740740740740741 0.07760416666666667 0.07222222222222222
2 0.5747395833333333 0.5842592592592593 0.08489583333333334 0.11851851851851852
3 0.6765625 0.6189814814814815 0.03333333333333333 0.09351851851851851
2 0.47552083333333334 0.562962962962963 0.05520833333333333 0.09444444444444444
3 0.5125 0.6800925925925926 0.07291666666666667 0.17685185185185184
3 0.40130208333333334 0.5958333333333333 0.04114583333333333 0.10092592592592593
2 0.35260416666666666 0.5319444444444444 0.035416666666666666 0.03981481481481482
2 0.31744791666666666 0.5328703703703703 0.04010416666666667 0.03981481481481482
0 0.5114583333333333 0.611574074074074 0.058333333333333334 0.2101851851851852
0 0.15130208333333334 0.5907407407407408 0.05260416666666667 0.19444444444444445
0 0.6747395833333333 0.5837962962962963 0.0328125 0.10833333333333334
0 0.671875 0.575462962962963 0.025 0.08981481481481482
0 0.6364583333333333 0.5675925925925925 0.016666666666666666 0.07037037037037037
0 0.39375 0.5958333333333333 0.027083333333333334 0.09722222222222222
0 0.9434895833333333 0.575462962962963 0.018229166666666668 0.0824074074074074
0 0.8940104166666667 0.5722222222222222 0.015104166666666667 0.07592592592592592
0 0.39869791666666665 0.5944444444444444 0.03697916666666667 0.1037037037037037
