2 0.08541666666666667 0.6296296296296297 0.17083333333333334 0.26666666666666666
2 0.8127604166666667 0.6064814814814815 0.07447916666666667 0.07592592592592592
2 0.2565104166666667 0.5967592592592592 0.16927083333333334 0.16018518518518518
3 0.3533854166666667 0.6296296296296297 0.05677083333333333 0.09814814814814815
2 0.44583333333333336 0.5814814814814815 0.0375 0.053703703703703705
2 0.4734375 0.5726851851851852 0.026041666666666668 0.03981481481481482
3 0.5184895833333333 0.6083333333333333 0.0328125 0.07592592592592592
3 0.6236979166666666 0.6773148148148148 0.028645833333333332 0.08611111111111111
3 0.6205729166666667 0.6555555555555556 0.0453125 0.1259259259259259
0 0.3546875 0.5986111111111111 0.046875 0.1287037037037037
0 0.9567708333333333 0.6101851851851852 0.017708333333333333 0.09074074074074075
0 0.3502604166666667 0.5916666666666667 0.04739583333333333 0.1037037037037037
0 0.9841145833333333 0.6152777777777778 0.0140625 0.08981481481481482
0 0.35989583333333336 0.5842592592592593 0.03229166666666667 0.0962962962962963
0 0.98125 0.6138888888888889 0.014583333333333334 0.08888888888888889
