2 0.8481770833333333 0.586574074074074 0.07239583333333334 0.08611111111111111
2 0.35 0.5875 0.1125 0.11203703703703703
2 0.5075520833333333 0.575 0.0734375 0.1111111111111111
3 0.06848958333333334 0.7907407407407407 0.13697916666666668 0.25555555555555554
3 0.7125 0.6087962962962963 0.026041666666666668 0.075
2 0.5861979166666667 0.5671296296296297 0.0328125 0.05648148148148148
2 0.6190104166666667 0.5555555555555556 0.015104166666666667 0.03518518518518519
0 0.034895833333333334 0.6731481481481482 0.06979166666666667 0.40555555555555556
0 0.09479166666666666 0.6513888888888889 0.078125 0.33796296296296297
0 0.71328125 0.6023148148148149 0.0234375 0.06574074074074074
