3 0.30234375 0.6796296296296296 0.04635416666666667 0.08518518518518518
2 0.7942708333333334 0.6439814814814815 0.07708333333333334 0.06944444444444445
3 0.0859375 0.7162037037037037 0.10416666666666667 0.14166666666666666
2 0.4278645833333333 0.625 0.043229166666666666 0.06481481481481481
3 0.5057291666666667 0.662962962962963 0.026041666666666668 0.07037037037037037
2 0.5565104166666667 0.6180555555555556 0.0328125 0.04537037037037037
3 0.21953125 0.6768518518518518 0.050520833333333334 0.09074074074074075
2 0.46145833333333336 0.6194444444444445 0.027083333333333334 0.03888888888888889
3 0.6059895833333333 0.6509259259259259 0.0171875 0.06111111111111111
0 0.08854166666666667 0.6703703703703704 0.042708333333333334 0.16111111111111112
0 0.6408854166666667 0.649074074074074 0.0265625 0.10185185185185185
0 0.22395833333333334 0.6518518518518519 0.03229166666666667 0.11666666666666667
0 0.8674479166666667 0.6314814814814815 0.011979166666666667 0.06296296296296296
0 0.8473958333333333 0.6333333333333333 0.013541666666666667 0.07037037037037037
0 0.07916666666666666 0.6736111111111112 0.06354166666666666 0.1675925925925926
0 0.8697916666666666 0.6324074074074074 0.013541666666666667 0.06296296296296296
0 0.85078125 0.6328703703703704 0.015104166666666667 0.0712962962962963
0 0.3015625 0.6578703703703703 0.042708333333333334 0.09537037037037037
