3 0.21458333333333332 0.6606481481481481 0.10416666666666667 0.13796296296296295
3 0.346875 0.7129629629629629 0.12083333333333333 0.2351851851851852
2 0.80234375 0.5976851851851852 0.07760416666666667 0.06944444444444445
3 0.6067708333333334 0.674074074074074 0.04479166666666667 0.12777777777777777
3 0.42630208333333336 0.6203703703703703 0.0484375 0.10555555555555556
2 0.409375 0.5953703703703703 0.06875 0.13148148148148148
0 0.6018229166666667 0.6222222222222222 0.05260416666666667 0.17037037037037037
0 0.21380208333333334 0.6152777777777778 0.058854166666666666 0.18425925925925926
0 0.24635416666666668 0.6055555555555555 0.029166666666666667 0.16666666666666666
0 0.3380208333333333 0.6453703703703704 0.09270833333333334 0.26481481481481484
0 0.9744791666666667 0.6032407407407407 0.016666666666666666 0.09907407407407408
0 0.9447916666666667 0.5925925925925926 0.019791666666666666 0.0962962962962963
0 0.9559895833333333 0.5935185185185186 0.0140625 0.09259259259259259
0 0.9942708333333333 0.6013888888888889 0.010416666666666666 0.08981481481481482
