2 0.13333333333333333 0.7907407407407407 0.26666666666666666 0.4074074074074074
2 0.4231770833333333 0.5791666666666667 0.0671875 0.08055555555555556
2 0.8294270833333334 0.5986111111111111 0.06822916666666666 0.0787037037037037
2 0.47109375 0.5675925925925925 0.030729166666666665 0.037037037037037035
3 0.5104166666666666 0.6564814814814814 0.06354166666666666 0.14444444444444443
3 0.30755208333333334 0.6046296296296296 0.04010416666666667 0.07962962962962963
2 0.3640625 0.5504629629629629 0.029166666666666667 0.03425925925925926
3 0.69921875 0.5986111111111111 0.019270833333333334 0.05462962962962963
2 0.33359375 0.549537037037037 0.033854166666666664 0.03611111111111111
2 0.33828125 0.549074074074074 0.024479166666666666 0.03333333333333333
0 0.15260416666666668 0.5606481481481481 0.04895833333333333 0.09537037037037037
0 0.51328125 0.6101851851851852 0.058854166666666666 0.17037037037037037
0 0.6981770833333333 0.5958333333333333 0.0203125 0.05648148148148148
