2 0.7986979166666667 0.5842592592592593 0.07864583333333333 0.07592592592592592
3 0.56640625 0.624537037037037 0.044270833333333336 0.11018518518518519
2 0.4354166666666667 0.5550925925925926 0.046875 0.0787037037037037
3 0.03463541666666667 0.7138888888888889 0.06927083333333334 0.1814814814814815
3 0.28932291666666665 0.6287037037037037 0.07135416666666666 0.13518518518518519
2 0.4786458333333333 0.562962962962963 0.042708333333333334 0.08518518518518518
3 0.49921875 0.6032407407407407 0.0359375 0.0824074074074074
3 0.65390625 0.6083333333333333 0.024479166666666666 0.06111111111111111
2 0.40520833333333334 0.5412037037037037 0.023958333333333335 0.03425925925925926
0 0.2921875 0.5842592592592593 0.041666666666666664 0.1648148148148148
0 0.5653645833333333 0.5768518518518518 0.034895833333333334 0.09814814814814815
0 0.6528645833333333 0.5796296296296296 0.024479166666666666 0.1
0 0.5002604166666667 0.5842592592592593 0.0390625 0.10185185185185185
0 0.565625 0.5972222222222222 0.03854166666666667 0.1388888888888889
