2 0.14114583333333333 0.6324074074074074 0.28229166666666666 0.2574074074074074
2 0.3255208333333333 0.5925925925925926 0.11354166666666667 0.1425925925925926
2 0.8111979166666666 0.6060185185185185 0.07447916666666667 0.07685185185185185
3 0.41067708333333336 0.6208333333333333 0.04010416666666667 0.08796296296296297
2 0.44583333333333336 0.5782407407407407 0.034375 0.04722222222222222
2 0.5111979166666667 0.575 0.0359375 0.05925925925925926
2 0.47421875 0.5694444444444444 0.030729166666666665 0.04259259259259259
0 0.9559895833333333 0.6111111111111112 0.018229166666666668 0.09259259259259259
0 0.9833333333333333 0.6092592592592593 0.017708333333333333 0.09074074074074075
0 0.41458333333333336 0.5921296296296297 0.023958333333333335 0.08796296296296297
0 0.41380208333333335 0.6050925925925926 0.034895833333333334 0.11018518518518519
