3 0.2515625 0.6611111111111111 0.090625 0.13148148148148148
2 0.34765625 0.6037037037037037 0.15260416666666668 0.17222222222222222
2 0.8057291666666667 0.6023148148148149 0.07916666666666666 0.07314814814814814
3 0.47317708333333336 0.7537037037037037 0.09427083333333333 0.22962962962962963
2 0.5109375 0.5694444444444444 0.035416666666666666 0.05555555555555555
3 0.0140625 0.8203703703703704 0.028125 0.26666666666666666
0 0.4669270833333333 0.6569444444444444 0.0890625 0.27314814814814814
0 0.2526041666666667 0.6194444444444445 0.04583333333333333 0.17037037037037037
0 0.97890625 0.6069444444444444 0.019270833333333334 0.09166666666666666
0 0.9755208333333333 0.6083333333333333 0.022916666666666665 0.09814814814814815
