3 0.2734375 0.6726851851851852 0.08854166666666667 0.16203703703703703
2 0.7895833333333333 0.6083333333333333 0.07708333333333334 0.07037037037037037
3 0.46197916666666666 0.6342592592592593 0.03333333333333333 0.08518518518518518
2 0.5666666666666667 0.586574074074074 0.04791666666666667 0.0712962962962963
3 0.39869791666666665 0.6129629629629629 0.0421875 0.07962962962962963
3 0.9309895833333334 0.737037037037037 0.10885416666666667 0.18333333333333332
7 0.08984375 0.6152777777777778 0.1796875 0.27870370370370373
2 0.3078125 0.5583333333333333 0.036458333333333336 0.03333333333333333
3 0.9130208333333333 0.749537037037037 0.07604166666666666 0.15833333333333333
2 0.5192708333333333 0.5773148148148148 0.030208333333333334 0.03796296296296296
0 0.27421875 0.6231481481481481 0.049479166666666664 0.2111111111111111
0 0.9296875 0.6768518518518518 0.10625 0.2851851851851852
0 0.4635416666666667 0.6041666666666666 0.029166666666666667 0.1175925925925926
0 0.40078125 0.5930555555555556 0.025520833333333333 0.09166666666666666
0 0.4 0.6041666666666666 0.03854166666666667 0.08796296296296297
0 0.46171875 0.5824074074074074 0.03177083333333333 0.07407407407407407
0 0.21796875 0.5962962962962963 0.033854166666666664 0.11666666666666667
0 0.6669270833333333 0.6027777777777777 0.016145833333333335 0.046296296296296294
