2 0.31171875 0.5986111111111111 0.1359375 0.13055555555555556
3 0.15729166666666666 0.7236111111111111 0.14166666666666666 0.18981481481481483
3 0.4708333333333333 0.6328703703703704 0.0375 0.08981481481481482
2 0.054947916666666666 0.6652777777777777 0.10989583333333333 0.225
2 0.5072916666666667 0.5800925925925926 0.052083333333333336 0.08981481481481482
2 0.5455729166666666 0.5740740740740741 0.0296875 0.040740740740740744
2 0.07473958333333333 0.6 0.1484375 0.1259259259259259
3 0.91640625 0.7680555555555556 0.07239583333333334 0.17685185185185184
2 0.74609375 0.5958333333333333 0.07135416666666666 0.06018518518518518
2 0.7580729166666667 0.5962962962962963 0.0484375 0.06111111111111111
3 0.9190104166666667 0.7402777777777778 0.08489583333333334 0.21388888888888888
2 0.725 0.5962962962962963 0.03229166666666667 0.05
3 0.5890625 0.6092592592592593 0.030208333333333334 0.06111111111111111
0 0.9268229166666667 0.6805555555555556 0.10989583333333333 0.28888888888888886
0 0.16432291666666668 0.6430555555555556 0.0578125 0.23796296296296296
0 0.8294270833333334 0.5930555555555556 0.018229166666666668 0.06944444444444445
0 0.8830729166666667 0.6087962962962963 0.0203125 0.0712962962962963
0 0.4713541666666667 0.5856481481481481 0.03854166666666667 0.09722222222222222
0 0.5921875 0.5912037037037037 0.026041666666666668 0.075
