3 0.25677083333333334 0.788425925925926 0.18333333333333332 0.28425925925925927
2 0.8013020833333333 0.6037037037037037 0.0765625 0.07222222222222222
2 0.46197916666666666 0.6 0.0875 0.11296296296296296
2 0.3888020833333333 0.5916666666666667 0.0734375 0.09259259259259259
3 0.3575520833333333 0.675 0.0765625 0.16666666666666666
2 0.5796875 0.5837962962962963 0.034375 0.05092592592592592
3 0.6255208333333333 0.6259259259259259 0.028125 0.07777777777777778
5 0.5375 0.538425925925926 0.07604166666666666 0.08981481481481482
0 0.2609375 0.6898148148148148 0.07291666666666667 0.31666666666666665
0 0.88203125 0.5962962962962963 0.015104166666666667 0.06481481481481481
0 0.3567708333333333 0.6574074074074074 0.07395833333333333 0.17222222222222222
0 0.8643229166666667 0.5944444444444444 0.016145833333333335 0.07592592592592592
0 0.625 0.6046296296296296 0.030208333333333334 0.11296296296296296
