2 0.84765625 0.587037037037037 0.07135416666666666 0.08518518518518518
2 0.35260416666666666 0.587037037037037 0.11354166666666667 0.1111111111111111
2 0.5080729166666667 0.575462962962963 0.07239583333333334 0.11018518518518519
3 0.07760416666666667 0.7810185185185186 0.15520833333333334 0.27870370370370373
3 0.7125 0.6083333333333333 0.026041666666666668 0.07407407407407407
2 0.58671875 0.5657407407407408 0.0328125 0.05925925925925926
2 0.4674479166666667 0.5643518518518519 0.022395833333333334 0.04351851851851852
2 0.6190104166666667 0.5555555555555556 0.015104166666666667 0.03518518518518519
0 0.04739583333333333 0.674537037037037 0.09479166666666666 0.4064814814814815
0 0.115625 0.6518518518518519 0.07291666666666667 0.3351851851851852
0 0.7130208333333333 0.600925925925926 0.022916666666666665 0.06481481481481481
