2 0.12942708333333333 0.7300925925925926 0.25885416666666666 0.39166666666666666
3 0.5671875 0.7481481481481481 0.08229166666666667 0.18888888888888888
2 0.7817708333333333 0.6328703703703704 0.07708333333333334 0.07314814814814814
2 0.4200520833333333 0.5907407407407408 0.030729166666666665 0.037037037037037035
2 0.46197916666666666 0.6106481481481482 0.05520833333333333 0.09166666666666666
2 0.5291666666666667 0.5930555555555556 0.03229166666666667 0.032407407407407406
2 0.39479166666666665 0.587037037037037 0.023958333333333335 0.03148148148148148
2 0.3299479166666667 0.5851851851851851 0.0296875 0.03148148148148148
3 0.6682291666666667 0.6296296296296297 0.021875 0.07407407407407407
2 0.30390625 0.5796296296296296 0.0234375 0.024074074074074074
0 0.57265625 0.675 0.06510416666666667 0.24074074074074073
0 0.8393229166666667 0.6236111111111111 0.015104166666666667 0.06574074074074074
0 0.6268229166666667 0.6087962962962963 0.0140625 0.05277777777777778
