2 0.3390625 0.5884259259259259 0.11979166666666667 0.11203703703703703
2 0.85 0.5875 0.07291666666666667 0.08611111111111111
2 0.5046875 0.575462962962963 0.07916666666666666 0.11018518518518519
3 0.7125 0.6208333333333333 0.027083333333333334 0.07314814814814814
3 0.03359375 0.7328703703703704 0.0671875 0.41944444444444445
3 0.08229166666666667 0.6296296296296297 0.04375 0.11851851851851852
3 0.033854166666666664 0.8009259259259259 0.06770833333333333 0.2851851851851852
2 0.5875 0.5671296296296297 0.029166666666666667 0.05648148148148148
0 0.028385416666666666 0.5972222222222222 0.05677083333333333 0.2388888888888889
0 0.71328125 0.600925925925926 0.025520833333333333 0.07037037037037037
