2 0.20885416666666667 0.587037037037037 0.18125 0.14444444444444443
2 0.5591145833333333 0.5893518518518519 0.1046875 0.125
2 0.8015625 0.575925925925926 0.078125 0.07222222222222222
3 0.0546875 0.6648148148148149 0.109375 0.17777777777777778
3 0.44921875 0.7060185185185185 0.09427083333333333 0.20462962962962963
3 0.6674479166666667 0.6263888888888889 0.0359375 0.10462962962962963
3 0.37864583333333335 0.600462962962963 0.04583333333333333 0.10462962962962963
2 0.3497395833333333 0.5291666666666667 0.04010416666666667 0.041666666666666664
0 0.4471354166666667 0.6217592592592592 0.07239583333333334 0.2490740740740741
0 0.03958333333333333 0.5986111111111111 0.07604166666666666 0.22685185185185186
0 0.66484375 0.5851851851851851 0.0328125 0.10925925925925926
0 0.6588541666666666 0.5648148148148148 0.021875 0.07222222222222222
0 0.6604166666666667 0.5800925925925926 0.028125 0.10277777777777777
0 0.3690104166666667 0.6 0.027604166666666666 0.1037037037037037
0 0.6364583333333333 0.5736111111111111 0.015625 0.05092592592592592
