2 0.16536458333333334 0.6055555555555555 0.22239583333333332 0.15925925925925927
2 0.8614583333333333 0.5875 0.07083333333333333 0.08981481481481482
2 0.45859375 0.5814814814814815 0.11614583333333334 0.14444444444444443
2 0.6052083333333333 0.5537037037037037 0.021875 0.04259259259259259
3 0.6833333333333333 0.6518518518518519 0.035416666666666666 0.10555555555555556
2 0.3841145833333333 0.5412037037037037 0.033854166666666664 0.03796296296296296
2 0.34453125 0.5337962962962963 0.03697916666666667 0.026851851851851852
2 0.38984375 0.5402777777777777 0.03802083333333333 0.03796296296296296
2 0.35130208333333335 0.5365740740740741 0.027604166666666666 0.032407407407407406
2 0.3828125 0.5430555555555555 0.022916666666666665 0.032407407407407406
0 0.68203125 0.6129629629629629 0.04114583333333333 0.13703703703703704
0 0.6875 0.5837962962962963 0.05 0.075
