2 0.1046875 0.6337962962962963 0.209375 0.2916666666666667
2 0.6075520833333333 0.5680555555555555 0.0546875 0.0787037037037037
2 0.8020833333333334 0.5740740740740741 0.078125 0.07037037037037037
2 0.3984375 0.5611111111111111 0.0625 0.07592592592592592
3 0.44296875 0.6509259259259259 0.07239583333333334 0.1388888888888889
3 0.23828125 0.6097222222222223 0.05677083333333333 0.08981481481481482
3 0.5114583333333333 0.6106481481481482 0.03125 0.0787037037037037
3 0.325 0.6050925925925926 0.058333333333333334 0.10462962962962963
3 0.6880208333333333 0.5796296296296296 0.017708333333333333 0.05185185185185185
0 0.4401041666666667 0.5990740740740741 0.06979166666666667 0.18888888888888888
0 0.2390625 0.5745370370370371 0.04791666666666667 0.125
0 0.5078125 0.5861111111111111 0.03854166666666667 0.10925925925925926
0 0.33567708333333335 0.5824074074074074 0.043229166666666666 0.12037037037037036
0 0.51640625 0.5722222222222222 0.0328125 0.10555555555555556
