2 0.81875 0.6023148148148149 0.071875 0.0787037037037037
3 0.22578125 0.6407407407407407 0.09010416666666667 0.1259259259259259
2 0.5184895833333333 0.5736111111111111 0.04114583333333333 0.06388888888888888
3 0.47760416666666666 0.6148148148148148 0.034375 0.09074074074074075
2 0.44505208333333335 0.5768518518518518 0.0390625 0.05740740740740741
2 0.14088541666666668 0.5986111111111111 0.2140625 0.19537037037037036
2 0.3575520833333333 0.5560185185185185 0.0328125 0.03611111111111111
2 0.3653645833333333 0.5569444444444445 0.03697916666666667 0.03611111111111111
3 0.5981770833333333 0.6282407407407408 0.12864583333333332 0.27685185185185185
0 0.9916666666666667 0.6046296296296296 0.015625 0.1
0 0.96875 0.6097222222222223 0.027083333333333334 0.11574074074074074
0 0.9765625 0.6069444444444444 0.020833333333333332 0.10648148148148148
