2 0.05625 0.725925925925926 0.1125 0.37407407407407406
3 0.49192708333333335 0.7842592592592592 0.10989583333333333 0.23148148148148148
2 0.7822916666666667 0.6393518518518518 0.07708333333333334 0.0712962962962963
2 0.41484375 0.5907407407407408 0.0265625 0.046296296296296294
2 0.44635416666666666 0.6143518518518518 0.05 0.09351851851851851
2 0.5338541666666666 0.6013888888888889 0.03229166666666667 0.03425925925925926
0 0.49270833333333336 0.6782407407407407 0.065625 0.27314814814814814
0 0.48098958333333336 0.6888888888888889 0.0859375 0.2537037037037037
0 0.6309895833333333 0.6148148148148148 0.013020833333333334 0.05555555555555555
0 0.83125 0.6282407407407408 0.016666666666666666 0.06574074074074074
0 0.6713541666666667 0.6333333333333333 0.017708333333333333 0.07592592592592592
0 0.4984375 0.6203703703703703 0.051041666666666666 0.13518518518518519
