2 0.11640625 0.6097222222222223 0.2328125 0.24166666666666667
2 0.6080729166666666 0.5675925925925925 0.0546875 0.07777777777777778
2 0.8015625 0.5768518518518518 0.078125 0.07037037037037037
3 0.4635416666666667 0.6458333333333334 0.065625 0.13796296296296295
3 0.033854166666666664 0.7680555555555556 0.06770833333333333 0.25462962962962965
3 0.253125 0.6046296296296296 0.05416666666666667 0.09074074074074075
2 0.40651041666666665 0.5652777777777778 0.049479166666666664 0.08055555555555556
3 0.5200520833333333 0.6097222222222223 0.028645833333333332 0.07685185185185185
3 0.33645833333333336 0.6064814814814815 0.053125 0.09814814814814815
0 0.46067708333333335 0.5990740740740741 0.0609375 0.18333333333333332
0 0.3770833333333333 0.5662037037037037 0.026041666666666668 0.11574074074074074
0 0.5184895833333333 0.5819444444444445 0.0296875 0.12129629629629629
0 0.2578125 0.5740740740740741 0.040625 0.11481481481481481
0 0.66875 0.5805555555555556 0.020833333333333332 0.07407407407407407
0 0.33958333333333335 0.5810185185185185 0.03854166666666667 0.12314814814814815
0 0.33307291666666666 0.5842592592592593 0.04010416666666667 0.12407407407407407
0 0.8791666666666667 0.5675925925925925 0.0125 0.07407407407407407
0 0.53046875 0.5680555555555555 0.0234375 0.09907407407407408
