3 0.16927083333333334 0.7393518518518518 0.18020833333333333 0.24166666666666667
2 0.8018229166666667 0.5773148148148148 0.07864583333333333 0.0712962962962963
2 0.6088541666666667 0.5657407407407408 0.05 0.07222222222222222
2 0.14817708333333332 0.612037037037037 0.2942708333333333 0.22777777777777777
2 0.06015625 0.5856481481481481 0.1203125 0.18055555555555555
3 0.52265625 0.6222222222222222 0.05572916666666667 0.1259259259259259
2 0.2453125 0.5995370370370371 0.10625 0.2064814814814815
2 0.32083333333333336 0.537962962962963 0.03125 0.03518518518518519
3 0.6760416666666667 0.5861111111111111 0.028125 0.06296296296296296
3 0.30859375 0.5976851851851852 0.025520833333333333 0.08055555555555556
2 0.05963541666666667 0.5324074074074074 0.11927083333333334 0.06851851851851852
3 0.42734375 0.5731481481481482 0.0328125 0.06481481481481481
0 0.17005208333333333 0.6388888888888888 0.09010416666666667 0.32037037037037036
0 0.5153645833333333 0.5787037037037037 0.044270833333333336 0.13518518518518519
0 0.2994791666666667 0.5763888888888888 0.03229166666666667 0.10833333333333334
0 0.8927083333333333 0.5694444444444444 0.017708333333333333 0.07592592592592592
0 0.5231770833333333 0.5763888888888888 0.06302083333333333 0.12314814814814815
0 0.6716145833333333 0.5787037037037037 0.022395833333333334 0.06481481481481481
0 0.5096354166666667 0.562962962962963 0.03697916666666667 0.10185185185185185
0 0.8776041666666666 0.5685185185185185 0.014583333333333334 0.07962962962962963
