2 0.7869791666666667 0.65 0.07604166666666666 0.07407407407407407
3 0.54765625 0.7537037037037037 0.07239583333333334 0.17407407407407408
7 0.196875 0.6527777777777778 0.23229166666666667 0.22777777777777777
2 0.484375 0.6194444444444445 0.04583333333333333 0.06111111111111111
3 0.38776041666666666 0.7092592592592593 0.0828125 0.14444444444444443
3 0.3216145833333333 0.6620370370370371 0.049479166666666664 0.10185185185185185
0 0.6450520833333333 0.6430555555555556 0.018229166666666668 0.0787037037037037
0 0.38723958333333336 0.649074074074074 0.044270833333333336 0.15925925925925927
0 0.5450520833333333 0.6791666666666667 0.07760416666666667 0.21203703703703702
0 0.609375 0.638425925925926 0.016666666666666666 0.05462962962962963
0 0.5635416666666667 0.7074074074074074 0.03854166666666667 0.15185185185185185
