3 0.1703125 0.7361111111111112 0.15520833333333334 0.23333333333333334
3 0.39453125 0.6462962962962963 0.05677083333333333 0.12037037037037036
2 0.56484375 0.5824074074074074 0.044270833333333336 0.06851851851851852
2 0.7877604166666666 0.6027777777777777 0.07552083333333333 0.07407407407407407
3 0.92109375 0.7398148148148148 0.09114583333333333 0.17592592592592593
2 0.15885416666666666 0.6078703703703704 0.30625 0.24351851851851852
7 0.15911458333333334 0.6087962962962963 0.3046875 0.2361111111111111
3 0.46197916666666666 0.6069444444444444 0.030208333333333334 0.06388888888888888
3 0.5052083333333334 0.6171296296296296 0.026041666666666668 0.0787037037037037
0 0.17916666666666667 0.6425925925925926 0.06875 0.2759259259259259
0 0.9182291666666667 0.6657407407407407 0.09375 0.2574074074074074
0 0.503125 0.586574074074074 0.026041666666666668 0.125
0 0.39453125 0.6074074074074074 0.0453125 0.1648148148148148
0 0.16953125 0.6486111111111111 0.10572916666666667 0.28055555555555556
0 0.4609375 0.5935185185185186 0.03125 0.08333333333333333
