3 0.9276041666666667 0.7393518518518518 0.090625 0.17685185185185184
2 0.7861979166666667 0.6013888888888889 0.07552083333333333 0.06759259259259259
2 0.3307291666666667 0.5990740740740741 0.17395833333333333 0.17222222222222222
3 0.4359375 0.6638888888888889 0.05416666666666667 0.13703703703703704
3 0.4861979166666667 0.6277777777777778 0.028645833333333332 0.07962962962962963
2 0.56171875 0.5768518518518518 0.0328125 0.05740740740740741
0 0.9260416666666667 0.6606481481481481 0.09375 0.25833333333333336
0 0.434375 0.6134259259259259 0.06145833333333333 0.16944444444444445
0 0.8588541666666667 0.6 0.019791666666666666 0.07037037037037037
0 0.51953125 0.5856481481481481 0.018229166666666668 0.0787037037037037
0 0.63984375 0.5791666666666667 0.013020833333333334 0.05277777777777778
0 0.4875 0.5953703703703703 0.028125 0.11296296296296296
