2 0.81328125 0.6060185185185185 0.07447916666666667 0.07685185185185185
2 0.08020833333333334 0.6310185185185185 0.16041666666666668 0.27314814814814814
2 0.2552083333333333 0.5967592592592592 0.17604166666666668 0.16018518518518518
3 0.34739583333333335 0.6296296296296297 0.06041666666666667 0.10555555555555556
2 0.44583333333333336 0.5814814814814815 0.0375 0.053703703703703705
2 0.4734375 0.5717592592592593 0.027083333333333334 0.041666666666666664
3 0.5184895833333333 0.6078703703703704 0.0328125 0.075
2 0.4401041666666667 0.5847222222222223 0.04895833333333333 0.06018518518518518
3 0.6182291666666667 0.6578703703703703 0.042708333333333334 0.125
0 0.35208333333333336 0.5916666666666667 0.03958333333333333 0.1037037037037037
0 0.9838541666666667 0.6143518518518518 0.014583333333333334 0.08981481481481482
0 0.98046875 0.6129629629629629 0.015104166666666667 0.08703703703703704
0 0.3458333333333333 0.5953703703703703 0.04895833333333333 0.10925925925925926
0 0.9575520833333333 0.6097222222222223 0.018229166666666668 0.08796296296296297
