3 0.18723958333333332 0.8310185185185185 0.2755208333333333 0.3287037037037037
2 0.79140625 0.6430555555555556 0.07864583333333333 0.07314814814814814
2 0.4921875 0.6236111111111111 0.040625 0.06574074074074074
2 0.425 0.624537037037037 0.03958333333333333 0.05648148148148148
2 0.5549479166666667 0.6180555555555556 0.033854166666666664 0.041666666666666664
3 0.03958333333333333 0.8092592592592592 0.07916666666666666 0.2037037037037037
3 0.35208333333333336 0.6657407407407407 0.035416666666666666 0.07777777777777778
2 0.4609375 0.6180555555555556 0.026041666666666668 0.03611111111111111
1 0.284375 0.6583333333333333 0.036458333333333336 0.08703703703703704
2 0.3065104166666667 0.6069444444444444 0.033854166666666664 0.03981481481481482
3 0.2838541666666667 0.6620370370370371 0.035416666666666666 0.07962962962962963
3 0.034375 0.837037037037037 0.06875 0.14814814814814814
3 0.35625 0.6564814814814814 0.03229166666666667 0.09259259259259259
0 0.20833333333333334 0.7611111111111111 0.13125 0.4444444444444444
0 0.6447916666666667 0.6509259259259259 0.01875 0.08888888888888889
0 0.5192708333333333 0.6513888888888889 0.020833333333333332 0.06574074074074074
0 0.28802083333333334 0.6509259259259259 0.029166666666666667 0.09444444444444444
0 0.8651041666666667 0.6319444444444444 0.013541666666666667 0.062037037037037036
0 0.60859375 0.6439814814814815 0.015104166666666667 0.05092592592592592
0 0.35130208333333335 0.6555555555555556 0.033854166666666664 0.08888888888888889
0 0.10546875 0.5958333333333333 0.0390625 0.06759259259259259
0 0.10546875 0.6138888888888889 0.04010416666666667 0.1
