2 0.46848958333333335 0.6027777777777777 0.0859375 0.10925925925925926
3 0.3223958333333333 0.7712962962962963 0.159375 0.26481481481481484
2 0.8005208333333333 0.6087962962962963 0.075 0.0712962962962963
2 0.5799479166666667 0.5893518518518519 0.034895833333333334 0.05277777777777778
2 0.38645833333333335 0.5861111111111111 0.078125 0.09444444444444444
2 0.40390625 0.587037037037037 0.04739583333333333 0.08518518518518518
0 0.3203125 0.6851851851851852 0.06666666666666667 0.2833333333333333
0 0.88125 0.5990740740740741 0.013541666666666667 0.06666666666666667
0 0.8635416666666667 0.6027777777777777 0.016666666666666666 0.07592592592592592
0 0.38046875 0.6518518518518519 0.06614583333333333 0.1648148148148148
