3 0.9234375 0.7384259259259259 0.08958333333333333 0.18055555555555555
2 0.7885416666666667 0.6041666666666666 0.07604166666666666 0.0712962962962963
3 0.3416666666666667 0.6888888888888889 0.08645833333333333 0.17407407407407408
2 0.5627604166666667 0.5796296296296296 0.04010416666666667 0.06296296296296296
3 0.44895833333333335 0.637962962962963 0.041666666666666664 0.09259259259259259
7 0.2552083333333333 0.6083333333333333 0.21458333333333332 0.2037037037037037
3 0.5278645833333333 0.6134259259259259 0.022395833333333334 0.06759259259259259
2 0.2526041666666667 0.6074074074074074 0.21041666666666667 0.20555555555555555
3 0.49453125 0.5962962962962963 0.022395833333333334 0.06481481481481481
0 0.9190104166666667 0.6638888888888889 0.09635416666666667 0.2537037037037037
0 0.33619791666666665 0.6277777777777778 0.06614583333333333 0.21666666666666667
0 0.5278645833333333 0.5939814814814814 0.0234375 0.10648148148148148
0 0.44583333333333336 0.5986111111111111 0.03958333333333333 0.14907407407407408
0 0.4940104166666667 0.5888888888888889 0.0203125 0.07592592592592592
0 0.8541666666666666 0.5990740740740741 0.01875 0.06296296296296296
0 0.86796875 0.587037037037037 0.016145833333333335 0.07592592592592592
