3 0.15052083333333333 0.8226851851851852 0.30104166666666665 0.3416666666666667
2 0.7825520833333334 0.649537037037037 0.07760416666666667 0.07314814814814814
2 0.4234375 0.624537037037037 0.07604166666666666 0.11203703703703703
2 0.50546875 0.6055555555555555 0.030729166666666665 0.03148148148148148
2 0.5796875 0.6439814814814815 0.026041666666666668 0.058333333333333334
7 0.4244791666666667 0.6240740740740741 0.078125 0.11666666666666667
2 0.33098958333333334 0.5916666666666667 0.0328125 0.03518518518518519
2 0.3377604166666667 0.5921296296296297 0.03697916666666667 0.03425925925925926
0 0.175 0.7476851851851852 0.103125 0.4861111111111111
0 0.83046875 0.6412037037037037 0.019270833333333334 0.07314814814814814
0 0.6356770833333333 0.6268518518518519 0.013020833333333334 0.06296296296296296
