3 0.44635416666666666 0.6722222222222223 0.08541666666666667 0.18703703703703703
3 0.6328125 0.6439814814814815 0.036458333333333336 0.10833333333333334
2 0.8005208333333333 0.5902777777777778 0.07916666666666666 0.07314814814814814
3 0.33203125 0.6328703703703704 0.07135416666666666 0.12129629629629629
3 0.028645833333333332 0.6444444444444445 0.057291666666666664 0.1111111111111111
2 0.41432291666666665 0.5666666666666667 0.05260416666666667 0.09444444444444444
2 0.41510416666666666 0.549537037037037 0.053125 0.06018518518518518
3 0.44765625 0.6967592592592593 0.08072916666666667 0.13425925925925927
0 0.33619791666666665 0.5967592592592592 0.050520833333333334 0.15462962962962962
0 0.013020833333333334 0.6060185185185185 0.026041666666666668 0.14722222222222223
0 0.4434895833333333 0.6087962962962963 0.0765625 0.175
0 0.6317708333333333 0.6041666666666666 0.03854166666666667 0.1287037037037037
0 0.9682291666666667 0.600462962962963 0.016666666666666666 0.09907407407407408
0 0.9442708333333333 0.5893518518518519 0.021875 0.09166666666666666
0 0.33958333333333335 0.5791666666666667 0.053125 0.1175925925925926
