2 0.82265625 0.6013888888888889 0.0703125 0.0787037037037037
7 0.06354166666666666 0.5944444444444444 0.12708333333333333 0.23148148148148148
3 0.5723958333333333 0.637962962962963 0.035416666666666666 0.10555555555555556
2 0.51953125 0.5652777777777778 0.04635416666666667 0.06759259259259259
3 0.40182291666666664 0.6962962962962963 0.29010416666666666 0.45740740740740743
7 0.40260416666666665 0.6893518518518519 0.28854166666666664 0.47314814814814815
0 0.5776041666666667 0.5958333333333333 0.028125 0.12314814814814815
0 0.6854166666666667 0.5916666666666667 0.017708333333333333 0.05185185185185185
0 0.5716145833333334 0.6018518518518519 0.0390625 0.1388888888888889
0 0.56796875 0.586574074074074 0.030729166666666665 0.10833333333333334
