3 0.22213541666666667 0.7967592592592593 0.20364583333333333 0.2953703703703704
2 0.38567708333333334 0.5912037037037037 0.0765625 0.09537037037037037
2 0.4609375 0.5990740740740741 0.08854166666666667 0.11666666666666667
2 0.8018229166666667 0.600925925925926 0.07760416666666667 0.07222222222222222
3 0.3416666666666667 0.6796296296296296 0.08333333333333333 0.17222222222222222
3 0.6244791666666667 0.6296296296296297 0.027083333333333334 0.07037037037037037
2 0.5809895833333333 0.5819444444444445 0.03802083333333333 0.05277777777777778
5 0.53828125 0.5398148148148149 0.0765625 0.10185185185185185
0 0.22760416666666666 0.6986111111111111 0.07395833333333333 0.33425925925925926
0 0.33229166666666665 0.6578703703703703 0.0625 0.16018518518518518
0 0.8815104166666666 0.5939814814814814 0.015104166666666667 0.06574074074074074
0 0.8640625 0.5921296296296297 0.015625 0.075
0 0.52421875 0.5953703703703703 0.019270833333333334 0.06296296296296296
