3 0.53359375 0.6361111111111111 0.033854166666666664 0.10185185185185185
3 0.078125 0.7037037037037037 0.15625 0.23703703703703705
3 0.92734375 0.7537037037037037 0.08802083333333334 0.1537037037037037
2 0.7895833333333333 0.5986111111111111 0.052083333333333336 0.06574074074074074
2 0.778125 0.5990740740740741 0.07604166666666666 0.06666666666666667
7 0.42291666666666666 0.5944444444444444 0.11145833333333334 0.13518518518518519
2 0.75625 0.5972222222222222 0.03125 0.05555555555555555
0 0.92421875 0.6712962962962963 0.09114583333333333 0.26666666666666666
0 0.07604166666666666 0.6370370370370371 0.06354166666666666 0.2462962962962963
0 0.8674479166666667 0.5944444444444444 0.018229166666666668 0.06481481481481481
0 0.5583333333333333 0.5861111111111111 0.025 0.08148148148148149
0 0.5317708333333333 0.5939814814814814 0.03333333333333333 0.10833333333333334
0 0.8276041666666667 0.5925925925925926 0.013541666666666667 0.07037037037037037
0 0.5325520833333334 0.6106481481481482 0.03697916666666667 0.13240740740740742
