2 0.8276041666666667 0.6 0.06979166666666667 0.08148148148148149
3 0.5427083333333333 0.649074074074074 0.04375 0.12037037037037036
2 0.47317708333333336 0.5625 0.0328125 0.049074074074074076
2 0.43125 0.5782407407407407 0.058333333333333334 0.075
2 0.5169270833333334 0.5685185185185185 0.04114583333333333 0.07777777777777778
7 0.21614583333333334 0.7078703703703704 0.43125 0.5453703703703704
0 0.54296875 0.6055555555555555 0.04635416666666667 0.14814814814814814
0 0.6932291666666667 0.5930555555555556 0.017708333333333333 0.058333333333333334
0 0.6598958333333333 0.5842592592592593 0.015625 0.04259259259259259
0 0.9875 0.6 0.022916666666666665 0.10740740740740741
0 0.5421875 0.5810185185185185 0.04375 0.10462962962962963
