3 0.0921875 0.7125 0.15729166666666666 0.19722222222222222
2 0.7861979166666667 0.6064814814814815 0.07760416666666667 0.07222222222222222
2 0.5557291666666667 0.5990740740740741 0.06458333333333334 0.09814814814814815
3 0.6268229166666667 0.6212962962962963 0.022395833333333334 0.053703703703703705
3 0.008333333333333333 0.6583333333333333 0.016666666666666666 0.10740740740740741
2 0.3046875 0.5564814814814815 0.028125 0.02962962962962963
2 0.4830729166666667 0.575 0.028645833333333332 0.025925925925925925
2 0.5158854166666667 0.5856481481481481 0.0234375 0.032407407407407406
0 0.09166666666666666 0.6319444444444444 0.10104166666666667 0.262037037037037
0 0.9622395833333334 0.6722222222222223 0.06822916666666666 0.25
0 0.9875 0.6736111111111112 0.023958333333333335 0.25833333333333336
0 0.6875 0.5986111111111111 0.020833333333333332 0.08796296296296297
