2 0.37994791666666666 0.6439814814814815 0.19739583333333333 0.20462962962962963
3 0.39817708333333335 0.725 0.1078125 0.2037037037037037
2 0.7817708333333333 0.6175925925925926 0.078125 0.07222222222222222
3 0.6700520833333333 0.6708333333333333 0.0453125 0.1175925925925926
2 0.4895833333333333 0.5875 0.04583333333333333 0.07314814814814814
2 0.4484375 0.6407407407407407 0.06354166666666666 0.17592592592592593
2 0.30364583333333334 0.5601851851851852 0.028125 0.02962962962962963
0 0.4049479166666667 0.6504629629629629 0.058854166666666666 0.23425925925925925
0 0.6658854166666667 0.6268518518518519 0.044270833333333336 0.1388888888888889
0 0.3997395833333333 0.6560185185185186 0.08697916666666666 0.25092592592592594
