2 0.5674479166666667 0.5925925925925926 0.05364583333333333 0.08333333333333333
3 0.35703125 0.6555555555555556 0.0640625 0.12037037037037036
2 0.7895833333333333 0.6083333333333333 0.078125 0.07222222222222222
3 0.25338541666666664 0.6305555555555555 0.06614583333333333 0.0962962962962963
3 0.9447916666666667 0.7337962962962963 0.10833333333333334 0.19166666666666668
2 0.5161458333333333 0.5777777777777777 0.030208333333333334 0.040740740740740744
3 0.9260416666666667 0.7532407407407408 0.06875 0.14722222222222223
2 0.30755208333333334 0.5564814814814815 0.030729166666666665 0.02962962962962963
0 0.35625 0.6087962962962963 0.04583333333333333 0.15462962962962962
0 0.9421875 0.6736111111111112 0.109375 0.2657407407407407
0 0.25677083333333334 0.5902777777777778 0.029166666666666667 0.1175925925925926
0 0.25026041666666665 0.5935185185185186 0.0421875 0.12222222222222222
0 0.67890625 0.5925925925925926 0.0203125 0.07592592592592592
0 0.8270833333333333 0.5967592592592592 0.019791666666666666 0.0712962962962963
