2 0.4713541666666667 0.625 0.115625 0.1574074074074074
2 0.7833333333333333 0.6092592592592593 0.07916666666666666 0.07222222222222222
2 0.4 0.5675925925925925 0.03125 0.02962962962962963
2 0.30390625 0.5583333333333333 0.027604166666666666 0.03148148148148148
3 0.5552083333333333 0.6638888888888889 0.053125 0.1259259259259259
3 0.5549479166666667 0.687037037037037 0.049479166666666664 0.08333333333333333
3 0.6903645833333333 0.6509259259259259 0.0265625 0.07222222222222222
0 0.6890625 0.6138888888888889 0.029166666666666667 0.12777777777777777
0 0.5526041666666667 0.6342592592592593 0.046875 0.1425925925925926
0 0.6299479166666667 0.5930555555555556 0.013020833333333334 0.049074074074074076
0 0.8611979166666667 0.5939814814814814 0.0171875 0.06759259259259259
0 0.5520833333333334 0.6606481481481481 0.046875 0.1287037037037037
0 0.8208333333333333 0.5967592592592592 0.01875 0.06574074074074074
