2 0.3684895833333333 0.5939814814814814 0.1484375 0.15833333333333333
2 0.2557291666666667 0.5898148148148148 0.15104166666666666 0.14444444444444443
2 0.8015625 0.5837962962962963 0.078125 0.07314814814814814
3 0.5307291666666667 0.649537037037037 0.051041666666666666 0.11944444444444445
3 0.5966145833333333 0.6018518518518519 0.027604166666666666 0.06296296296296296
2 0.44635416666666666 0.5611111111111111 0.03333333333333333 0.05740740740740741
3 0.4747395833333333 0.5921296296296297 0.027604166666666666 0.06944444444444445
2 0.49635416666666665 0.562962962962963 0.03229166666666667 0.05185185185185185
5 0.5388020833333333 0.5194444444444445 0.07864583333333333 0.09074074074074075
0 0.5276041666666667 0.6046296296296296 0.04895833333333333 0.1648148148148148
0 0.65546875 0.575 0.019270833333333334 0.05555555555555555
