2 0.8661458333333333 0.5930555555555556 0.071875 0.09537037037037037
2 0.36302083333333335 0.5939814814814814 0.18333333333333332 0.18796296296296297
3 0.5856770833333333 0.6990740740740741 0.07760416666666667 0.19444444444444445
2 0.61484375 0.5527777777777778 0.0296875 0.04814814814814815
2 0.5002604166666667 0.5412037037037037 0.03697916666666667 0.058333333333333334
3 0.58671875 0.7203703703703703 0.06822916666666666 0.1537037037037037
2 0.4669270833333333 0.5712962962962963 0.0421875 0.09259259259259259
3 0.46640625 0.5787037037037037 0.0328125 0.08518518518518518
2 0.009114583333333334 0.5930555555555556 0.018229166666666668 0.03796296296296296
0 0.5880208333333333 0.6541666666666667 0.08333333333333333 0.1675925925925926
