2 0.06796875 0.6185185185185185 0.1359375 0.2740740740740741
2 0.6052083333333333 0.5689814814814815 0.058333333333333334 0.0824074074074074
3 0.36770833333333336 0.675 0.09895833333333333 0.1685185185185185
2 0.8020833333333334 0.5740740740740741 0.078125 0.07037037037037037
3 0.2830729166666667 0.6125 0.0703125 0.11574074074074074
3 0.19036458333333334 0.6194444444444445 0.0671875 0.0962962962962963
3 0.6651041666666667 0.5967592592592592 0.022916666666666665 0.0787037037037037
3 0.478125 0.6111111111111112 0.0625 0.10555555555555556
3 0.69140625 0.5893518518518519 0.018229166666666668 0.05277777777777778
3 0.48151041666666666 0.6129629629629629 0.04010416666666667 0.10185185185185185
3 0.409375 0.575 0.03333333333333333 0.06851851851851852
0 0.48541666666666666 0.575462962962963 0.0375 0.1287037037037037
0 0.37083333333333335 0.6023148148148149 0.05416666666666667 0.21944444444444444
0 0.18125 0.5800925925925926 0.04479166666666667 0.12314814814814815
0 0.8802083333333334 0.5638888888888889 0.014583333333333334 0.08148148148148149
0 0.8940104166666667 0.5689814814814815 0.0171875 0.07685185185185185
0 0.33307291666666666 0.575 0.0359375 0.12777777777777777
