2 0.09739583333333333 0.6231481481481481 0.19479166666666667 0.20925925925925926
3 0.26484375 0.6726851851851852 0.09114583333333333 0.15833333333333333
2 0.45364583333333336 0.5898148148148148 0.09166666666666666 0.11666666666666667
3 0.9119791666666667 0.7541666666666667 0.06979166666666667 0.16203703703703703
3 0.55859375 0.6259259259259259 0.028645833333333332 0.08148148148148149
2 0.7846354166666667 0.600462962962963 0.04739583333333333 0.06388888888888888
2 0.7484375 0.5967592592592592 0.03333333333333333 0.05462962962962963
2 0.7705729166666667 0.5976851851851852 0.07760416666666667 0.06574074074074074
0 0.9205729166666666 0.6805555555555556 0.09322916666666667 0.2777777777777778
0 0.26276041666666666 0.6185185185185185 0.043229166666666666 0.18888888888888888
0 0.55703125 0.5796296296296296 0.0234375 0.05185185185185185
0 0.8708333333333333 0.5953703703703703 0.019791666666666666 0.06296296296296296
