3 0.24322916666666666 0.7462962962962963 0.18854166666666666 0.3037037037037037
2 0.7986979166666667 0.5828703703703704 0.07864583333333333 0.07685185185185185
2 0.49322916666666666 0.5578703703703703 0.052083333333333336 0.08055555555555556
2 0.44192708333333336 0.5509259259259259 0.03802083333333333 0.06666666666666667
3 0.6 0.6152777777777778 0.029166666666666667 0.0787037037037037
3 0.40182291666666664 0.6138888888888889 0.0390625 0.09074074074074075
3 0.6533854166666667 0.5953703703703703 0.018229166666666668 0.04814814814814815
3 0.37005208333333334 0.5902777777777778 0.0203125 0.06944444444444445
3 0.5424479166666667 0.5944444444444444 0.022395833333333334 0.06296296296296296
0 0.2546875 0.65 0.090625 0.35
0 0.5986979166666667 0.5902777777777778 0.0296875 0.11203703703703703
0 0.3 0.6078703703703704 0.05625 0.2564814814814815
0 0.40651041666666665 0.5773148148148148 0.0359375 0.13796296296296295
0 0.9799479166666667 0.5884259259259259 0.016145833333333335 0.0824074074074074
0 0.30572916666666666 0.6291666666666667 0.04479166666666667 0.24537037037037038
0 0.41328125 0.5768518518518518 0.022395833333333334 0.12777777777777777
0 0.94609375 0.5833333333333334 0.016145833333333335 0.07962962962962963
0 0.6536458333333334 0.5930555555555556 0.01875 0.049074074074074076
0 0.3963541666666667 0.5837962962962963 0.03333333333333333 0.11203703703703703
0 0.3697916666666667 0.5879629629629629 0.019791666666666666 0.07222222222222222
