2 0.6083333333333333 0.5657407407407408 0.052083333333333336 0.07407407407407407
2 0.8020833333333334 0.5763888888888888 0.07916666666666666 0.0712962962962963
3 0.09270833333333334 0.7462962962962963 0.18541666666666667 0.30925925925925923
2 0.18515625 0.6013888888888889 0.1734375 0.2175925925925926
3 0.4984375 0.6356481481481482 0.058333333333333334 0.12685185185185185
2 0.41458333333333336 0.5638888888888889 0.04375 0.07962962962962963
3 0.2833333333333333 0.5939814814814814 0.03958333333333333 0.09166666666666666
2 0.031510416666666666 0.5365740740740741 0.06302083333333333 0.0787037037037037
2 0.03203125 0.562962962962963 0.0640625 0.1388888888888889
3 0.35625 0.600925925925926 0.042708333333333334 0.09814814814814815
2 0.13697916666666668 0.6018518518518519 0.26875 0.22592592592592592
0 0.06640625 0.6472222222222223 0.11927083333333334 0.3537037037037037
0 0.49505208333333334 0.5861111111111111 0.049479166666666664 0.1537037037037037
0 0.2833333333333333 0.5763888888888888 0.03958333333333333 0.11388888888888889
0 0.66875 0.5782407407407407 0.015625 0.06759259259259259
0 0.6838541666666667 0.5796296296296296 0.017708333333333333 0.06481481481481481
0 0.8932291666666666 0.5675925925925925 0.016666666666666666 0.07777777777777778
0 0.8794270833333333 0.5680555555555555 0.0140625 0.07685185185185185
0 0.5328125 0.5944444444444444 0.03229166666666667 0.08333333333333333
