2 0.8010416666666667 0.6064814814814815 0.07604166666666666 0.07222222222222222
2 0.46640625 0.600925925925926 0.0890625 0.1111111111111111
3 0.29322916666666665 0.775 0.17291666666666666 0.2740740740740741
2 0.39010416666666664 0.5893518518518519 0.071875 0.09537037037037037
2 0.5799479166666667 0.587037037037037 0.034895833333333334 0.05
3 0.6278645833333333 0.6310185185185185 0.024479166666666666 0.0712962962962963
0 0.29270833333333335 0.6884259259259259 0.06666666666666667 0.30462962962962964
0 0.8809895833333333 0.5986111111111111 0.015104166666666667 0.06759259259259259
0 0.8643229166666667 0.5981481481481481 0.016145833333333335 0.07777777777777778
0 0.6265625 0.6152777777777778 0.027083333333333334 0.09537037037037037
