2 0.7864583333333334 0.6513888888888889 0.07604166666666666 0.07314814814814814
3 0.40078125 0.7027777777777777 0.07552083333333333 0.1388888888888889
2 0.484375 0.6189814814814815 0.04583333333333333 0.062037037037037036
3 0.5588541666666667 0.750462962962963 0.06770833333333333 0.1638888888888889
7 0.20546875 0.6532407407407408 0.21197916666666666 0.2175925925925926
3 0.018229166666666668 0.6962962962962963 0.036458333333333336 0.10555555555555556
3 0.33098958333333334 0.6601851851851852 0.044270833333333336 0.0962962962962963
0 0.4010416666666667 0.6513888888888889 0.05416666666666667 0.16018518518518518
0 0.6450520833333333 0.6430555555555556 0.018229166666666668 0.0787037037037037
0 0.5567708333333333 0.6782407407407407 0.07291666666666667 0.20277777777777778
0 0.5479166666666667 0.6273148148148148 0.0625 0.09907407407407408
0 0.32786458333333335 0.6578703703703703 0.0421875 0.10092592592592593
0 0.6098958333333333 0.6398148148148148 0.015625 0.05185185185185185
