2 0.5401041666666667 0.6069444444444444 0.07708333333333334 0.11203703703703703
2 0.784375 0.6046296296296296 0.07708333333333334 0.07222222222222222
3 0.6184895833333334 0.6305555555555555 0.027604166666666666 0.07222222222222222
2 0.30390625 0.5597222222222222 0.030729166666666665 0.032407407407407406
2 0.4005208333333333 0.5675925925925925 0.030208333333333334 0.02962962962962963
2 0.5033854166666667 0.5791666666666667 0.025520833333333333 0.04722222222222222
2 0.5057291666666667 0.5712962962962963 0.03229166666666667 0.053703703703703705
2 0.4747395833333333 0.5717592592592593 0.028645833333333332 0.03425925925925926
2 0.40338541666666666 0.5662037037037037 0.03697916666666667 0.03611111111111111
0 0.69140625 0.6101851851851852 0.0203125 0.08703703703703704
