2 0.8015625 0.5875 0.08020833333333334 0.07314814814814814
3 0.058854166666666666 0.6722222222222223 0.11770833333333333 0.19444444444444445
3 0.4078125 0.6152777777777778 0.052083333333333336 0.11388888888888889
3 0.5057291666666667 0.6625 0.06145833333333333 0.12685185185185185
2 0.4671875 0.575 0.06458333333333334 0.1037037037037037
3 0.6458333333333334 0.6328703703703704 0.028125 0.0787037037037037
3 0.14140625 0.612037037037037 0.07447916666666667 0.12962962962962962
0 0.0453125 0.6129629629629629 0.06458333333333334 0.24444444444444444
0 0.41328125 0.5847222222222223 0.04739583333333333 0.1398148148148148
0 0.9416666666666667 0.5828703703703704 0.019791666666666666 0.09537037037037037
0 0.9666666666666667 0.5939814814814814 0.017708333333333333 0.09722222222222222
0 0.503125 0.611574074074074 0.059375 0.17314814814814813
0 0.13098958333333333 0.5833333333333334 0.049479166666666664 0.14629629629629629
0 0.5002604166666667 0.5939814814814814 0.0546875 0.13055555555555556
0 0.5166666666666667 0.6064814814814815 0.03229166666666667 0.15
0 0.9908854166666666 0.5912037037037037 0.0171875 0.09537037037037037
0 0.5125 0.6083333333333333 0.04375 0.15925925925925927
