2 0.18984375 0.6824074074074075 0.37864583333333335 0.34814814814814815
2 0.8005208333333333 0.5740740740740741 0.08020833333333334 0.07037037037037037
2 0.3645833333333333 0.5819444444444445 0.06979166666666667 0.13425925925925927
2 0.43802083333333336 0.538425925925926 0.03229166666666667 0.049074074074074076
3 0.5020833333333333 0.6032407407407407 0.025 0.06018518518518518
3 0.6153645833333333 0.6175925925925926 0.033854166666666664 0.0962962962962963
0 0.6174479166666667 0.5842592592592593 0.04114583333333333 0.13148148148148148
0 0.6244791666666667 0.5800925925925926 0.026041666666666668 0.1175925925925926
0 0.9411458333333333 0.5717592592592593 0.014583333333333334 0.0824074074074074
0 0.52421875 0.5560185185185185 0.022395833333333334 0.0824074074074074
0 0.96953125 0.575 0.016145833333333335 0.08333333333333333
0 0.54296875 0.5504629629629629 0.0109375 0.04722222222222222
0 0.6111979166666667 0.5962962962962963 0.030729166666666665 0.10185185185185185
