2 0.7934895833333333 0.6425925925925926 0.07760416666666667 0.07037037037037037
2 0.4265625 0.625 0.041666666666666664 0.05925925925925926
2 0.55546875 0.6175925925925926 0.030729166666666665 0.04259259259259259
3 0.0875 0.850462962962963 0.175 0.287962962962963
3 0.33489583333333334 0.6717592592592593 0.03854166666666667 0.075
3 0.15989583333333332 0.7023148148148148 0.08333333333333333 0.11388888888888889
3 0.2635416666666667 0.6731481481481482 0.041666666666666664 0.07407407407407407
2 0.46197916666666666 0.6189814814814815 0.027083333333333334 0.03796296296296296
2 0.49453125 0.6342592592592593 0.0390625 0.04814814814814815
2 0.4947916666666667 0.625462962962963 0.03854166666666667 0.05648148148148148
3 0.5158854166666667 0.6583333333333333 0.022395833333333334 0.06666666666666667
0 0.08359375 0.7601851851851852 0.1671875 0.4648148148148148
0 0.8447916666666667 0.6333333333333333 0.016666666666666666 0.07037037037037037
0 0.8669270833333333 0.6296296296296297 0.0140625 0.06666666666666667
0 0.26458333333333334 0.638425925925926 0.027083333333333334 0.08055555555555556
0 0.5145833333333333 0.6541666666666667 0.022916666666666665 0.06944444444444445
0 0.6434895833333333 0.649074074074074 0.021354166666666667 0.09074074074074075
0 0.26119791666666664 0.6555555555555556 0.0359375 0.1
0 0.16354166666666667 0.6569444444444444 0.030208333333333334 0.13055555555555556
0 0.3411458333333333 0.649074074074074 0.029166666666666667 0.09814814814814815
0 0.6080729166666666 0.6458333333333334 0.016145833333333335 0.058333333333333334
0 0.15729166666666666 0.663425925925926 0.03958333333333333 0.1398148148148148
0 0.33515625 0.6513888888888889 0.0390625 0.10277777777777777
