2 0.15546875 0.7129629629629629 0.3109375 0.35185185185185186
2 0.7817708333333333 0.6300925925925925 0.07708333333333334 0.07314814814814814
2 0.42161458333333335 0.5875 0.03177083333333333 0.03611111111111111
3 0.5927083333333333 0.7245370370370371 0.07291666666666667 0.18425925925925926
2 0.46796875 0.6203703703703703 0.05364583333333333 0.06481481481481481
2 0.53203125 0.5925925925925926 0.0265625 0.02962962962962963
2 0.5005208333333333 0.6060185185185185 0.030208333333333334 0.06388888888888888
3 0.6643229166666667 0.6310185185185185 0.019270833333333334 0.058333333333333334
2 0.3953125 0.5842592592592593 0.023958333333333335 0.03148148148148148
3 0.59609375 0.7462962962962963 0.06510416666666667 0.1425925925925926
0 0.5971354166666667 0.6694444444444444 0.05677083333333333 0.22037037037037038
0 0.8393229166666667 0.6203703703703703 0.016145833333333335 0.06851851851851852
