2 0.23828125 0.5976851851851852 0.17760416666666667 0.1398148148148148
2 0.85703125 0.586574074074074 0.0734375 0.08796296296296297
2 0.47708333333333336 0.5791666666666667 0.10104166666666667 0.1287037037037037
3 0.6997395833333333 0.6421296296296296 0.033854166666666664 0.09537037037037037
2 0.34401041666666665 0.5337962962962963 0.033854166666666664 0.030555555555555555
2 0.3796875 0.5402777777777777 0.034375 0.03796296296296296
3 0.5911458333333334 0.5814814814814815 0.021875 0.046296296296296294
2 0.3768229166666667 0.5439814814814815 0.0265625 0.030555555555555555
0 0.6989583333333333 0.5958333333333333 0.0375 0.10277777777777777
0 0.6986979166666667 0.6166666666666667 0.03697916666666667 0.08888888888888889
0 0.6966145833333334 0.5888888888888889 0.03177083333333333 0.08333333333333333
