2 0.7986979166666667 0.5805555555555556 0.07760416666666667 0.07407407407407407
2 0.09401041666666667 0.6291666666666667 0.18802083333333333 0.23796296296296296
3 0.37942708333333336 0.6342592592592593 0.05677083333333333 0.11666666666666667
3 0.4705729166666667 0.6777777777777778 0.0859375 0.18518518518518517
3 0.6161458333333333 0.5962962962962963 0.028125 0.07222222222222222
2 0.5049479166666667 0.55 0.04010416666666667 0.06481481481481481
3 0.5682291666666667 0.5791666666666667 0.020833333333333332 0.06018518518518518
0 0.46953125 0.6166666666666667 0.07447916666666667 0.22962962962962963
0 0.9463541666666667 0.5824074074074074 0.01875 0.08148148148148149
0 0.3765625 0.5893518518518519 0.04895833333333333 0.1638888888888889
0 0.9765625 0.5791666666666667 0.01875 0.07685185185185185
0 0.6161458333333333 0.5805555555555556 0.03125 0.0962962962962963
