2 0.56328125 0.5972222222222222 0.05677083333333333 0.08888888888888889
3 0.24713541666666666 0.6759259259259259 0.09947916666666666 0.15925925925925927
3 0.12005208333333334 0.6430555555555556 0.09322916666666667 0.11388888888888889
2 0.7875 0.6097222222222223 0.07708333333333334 0.07314814814814814
3 0.9518229166666666 0.7439814814814815 0.09322916666666667 0.16018518518518518
3 0.6270833333333333 0.6208333333333333 0.01875 0.04351851851851852
2 0.3067708333333333 0.5574074074074075 0.03333333333333333 0.03148148148148148
2 0.5130208333333334 0.5800925925925926 0.030208333333333334 0.03981481481481482
2 0.40546875 0.5685185185185185 0.03177083333333333 0.02962962962962963
3 0.9424479166666667 0.7523148148148148 0.0703125 0.14351851851851852
0 0.24635416666666668 0.6185185185185185 0.065625 0.21296296296296297
0 0.93828125 0.6652777777777777 0.0671875 0.23796296296296296
0 0.12213541666666666 0.6055555555555555 0.04010416666666667 0.15555555555555556
0 0.97578125 0.6726851851851852 0.0359375 0.2101851851851852
0 0.11041666666666666 0.6069444444444444 0.065625 0.16203703703703703
0 0.6869791666666667 0.6134259259259259 0.017708333333333333 0.05648148148148148
0 0.12578125 0.5990740740740741 0.030729166666666665 0.14074074074074075
0 0.6838541666666667 0.5814814814814815 0.01875 0.040740740740740744
