2 0.85078125 0.5875 0.07239583333333334 0.08611111111111111
2 0.33255208333333336 0.5893518518518519 0.12239583333333333 0.11574074074074074
2 0.503125 0.5745370370370371 0.07916666666666666 0.11388888888888889
3 0.04453125 0.6143518518518518 0.08802083333333334 0.1675925925925926
3 0.7125 0.6212962962962963 0.028125 0.07407407407407407
7 0.5036458333333333 0.575462962962963 0.07916666666666666 0.11388888888888889
0 0.7119791666666667 0.5949074074074074 0.025 0.0787037037037037
0 0.71171875 0.6060185185185185 0.0265625 0.075
0 0.4434895833333333 0.5638888888888889 0.018229166666666668 0.06851851851851852
0 0.70859375 0.5643518518518519 0.016145833333333335 0.041666666666666664
