3 0.45260416666666664 0.637962962962963 0.041666666666666664 0.09074074074074075
3 0.3502604166666667 0.687962962962963 0.0828125 0.1685185185185185
2 0.7885416666666667 0.6037037037037037 0.075 0.07037037037037037
3 0.9239583333333333 0.7388888888888889 0.08958333333333333 0.17962962962962964
2 0.5622395833333333 0.5791666666666667 0.04114583333333333 0.062037037037037036
3 0.49635416666666665 0.5990740740740741 0.021875 0.05925925925925926
2 0.25807291666666665 0.6069444444444444 0.20260416666666667 0.20092592592592592
7 0.27239583333333334 0.6078703703703704 0.234375 0.20092592592592592
0 0.91953125 0.6643518518518519 0.0953125 0.25277777777777777
0 0.52890625 0.5916666666666667 0.0234375 0.10925925925925926
0 0.3455729166666667 0.6217592592592592 0.06510416666666667 0.20277777777777778
0 0.4479166666666667 0.5949074074074074 0.036458333333333336 0.1398148148148148
0 0.49609375 0.5893518518518519 0.022395833333333334 0.075
