3 0.09557291666666666 0.7152777777777778 0.1046875 0.14166666666666666
2 0.79453125 0.6439814814814815 0.0765625 0.06944444444444445
3 0.3065104166666667 0.6805555555555556 0.043229166666666666 0.08148148148148149
3 0.22473958333333333 0.6722222222222223 0.0484375 0.0962962962962963
3 0.5067708333333333 0.6620370370370371 0.026041666666666668 0.07222222222222222
2 0.4283854166666667 0.625 0.044270833333333336 0.06111111111111111
2 0.5565104166666667 0.6185185185185185 0.033854166666666664 0.044444444444444446
2 0.46171875 0.6194444444444445 0.0265625 0.037037037037037035
3 0.60625 0.65 0.016666666666666666 0.06111111111111111
2 0.4856770833333333 0.637962962962963 0.021354166666666667 0.046296296296296294
3 0.03333333333333333 0.6875 0.06666666666666667 0.14907407407407408
0 0.64140625 0.65 0.0265625 0.1
0 0.0921875 0.6657407407407407 0.059375 0.16111111111111112
0 0.22890625 0.6486111111111111 0.0328125 0.11388888888888889
0 0.3067708333333333 0.65 0.041666666666666664 0.11851851851851852
0 0.8669270833333333 0.6310185185185185 0.011979166666666667 0.06388888888888888
0 0.8471354166666667 0.6333333333333333 0.013020833333333334 0.07222222222222222
0 0.8692708333333333 0.6324074074074074 0.013541666666666667 0.06296296296296296
0 0.5067708333333333 0.6574074074074074 0.028125 0.07037037037037037
