3 0.06927083333333334 0.7083333333333334 0.084375 0.11296296296296296
2 0.7953125 0.6481481481481481 0.07604166666666666 0.07592592592592592
2 0.5020833333333333 0.6342592592592593 0.04583333333333333 0.07222222222222222
3 0.19088541666666667 0.700925925925926 0.06822916666666666 0.11481481481481481
3 0.4640625 0.6810185185185185 0.036458333333333336 0.08425925925925926
2 0.42604166666666665 0.6337962962962963 0.042708333333333334 0.06944444444444445
2 0.5557291666666667 0.6263888888888889 0.028125 0.03981481481481482
3 0.6333333333333333 0.6912037037037037 0.022916666666666665 0.0787037037037037
2 0.34479166666666666 0.6236111111111111 0.029166666666666667 0.028703703703703703
0 0.07239583333333334 0.6671296296296296 0.04479166666666667 0.1361111111111111
0 0.63125 0.663425925925926 0.030208333333333334 0.12129629629629629
0 0.8526041666666667 0.6412037037037037 0.017708333333333333 0.0787037037037037
0 0.19869791666666667 0.6578703703703703 0.033854166666666664 0.13425925925925927
0 0.5911458333333334 0.663425925925926 0.020833333333333332 0.0712962962962963
