3 0.24505208333333334 0.6944444444444444 0.11927083333333334 0.1962962962962963
2 0.359375 0.5916666666666667 0.096875 0.1111111111111111
2 0.80234375 0.5967592592592592 0.07864583333333333 0.06944444444444445
3 0.07005208333333333 0.8476851851851852 0.14010416666666667 0.262037037037037
2 0.446875 0.5949074074074074 0.09791666666666667 0.11944444444444445
3 0.61171875 0.6328703703703704 0.03177083333333333 0.0824074074074074
2 0.5815104166666667 0.575462962962963 0.033854166666666664 0.05462962962962963
2 0.3143229166666667 0.5555555555555556 0.028645833333333332 0.027777777777777776
5 0.5372395833333333 0.538425925925926 0.07864583333333333 0.10462962962962963
0 0.52109375 0.5916666666666667 0.0171875 0.06851851851851852
0 0.024739583333333332 0.6587962962962963 0.049479166666666664 0.30092592592592593
0 0.86484375 0.5907407407407408 0.015104166666666667 0.07592592592592592
0 0.025 0.7240740740740741 0.05 0.43703703703703706
0 0.2559895833333333 0.6541666666666667 0.0421875 0.1787037037037037
0 0.890625 0.5893518518518519 0.013541666666666667 0.06574074074074074
0 0.6088541666666667 0.5861111111111111 0.029166666666666667 0.10185185185185185
0 0.8815104166666666 0.5902777777777778 0.0140625 0.062037037037037036
0 0.24348958333333334 0.6560185185185186 0.06614583333333333 0.18796296296296297
0 0.6104166666666667 0.6087962962962963 0.03229166666666667 0.11203703703703703
