2 0.38515625 0.6462962962962963 0.1921875 0.1925925925925926
2 0.7815104166666667 0.6175925925925926 0.07864583333333333 0.07222222222222222
3 0.4114583333333333 0.7138888888888889 0.109375 0.20925925925925926
3 0.67421875 0.6703703703703704 0.0390625 0.11296296296296296
2 0.4895833333333333 0.586574074074074 0.04583333333333333 0.0787037037037037
2 0.3033854166666667 0.5597222222222222 0.0296875 0.032407407407407406
2 0.3536458333333333 0.6458333333333334 0.13125 0.1935185185185185
2 0.41901041666666666 0.6615740740740741 0.1296875 0.22870370370370371
3 0.4192708333333333 0.6912037037037037 0.12916666666666668 0.2564814814814815
0 0.415625 0.6476851851851851 0.06145833333333333 0.23055555555555557
0 0.6682291666666667 0.6314814814814815 0.042708333333333334 0.14074074074074075
