2 0.7994791666666666 0.5856481481481481 0.07708333333333334 0.075
3 0.10494791666666667 0.6657407407407407 0.1265625 0.1814814814814815
3 0.521875 0.6504629629629629 0.05625 0.1287037037037037
3 0.43046875 0.6134259259259259 0.0453125 0.10648148148148148
2 0.4765625 0.5685185185185185 0.057291666666666664 0.09814814814814815
3 0.6486979166666667 0.6268518518518519 0.027604166666666666 0.07222222222222222
3 0.18854166666666666 0.6143518518518518 0.052083333333333336 0.09907407407407408
0 0.11848958333333333 0.612037037037037 0.0515625 0.23148148148148148
0 0.5223958333333333 0.5986111111111111 0.053125 0.15648148148148147
0 0.428125 0.5842592592592593 0.051041666666666666 0.12962962962962962
0 0.18098958333333334 0.5805555555555556 0.0328125 0.13703703703703704
0 0.9419270833333333 0.5805555555555556 0.0203125 0.09444444444444444
0 0.18776041666666668 0.5875 0.0484375 0.14537037037037037
0 0.6463541666666667 0.5791666666666667 0.021875 0.09351851851851851
0 0.96484375 0.5939814814814814 0.015104166666666667 0.09722222222222222
