2 0.140625 0.6083333333333333 0.23854166666666668 0.1648148148148148
2 0.8619791666666666 0.5888888888888889 0.071875 0.09259259259259259
2 0.45338541666666665 0.5833333333333334 0.12239583333333333 0.15
3 0.67890625 0.6527777777777778 0.04114583333333333 0.12037037037037036
2 0.60546875 0.5537037037037037 0.024479166666666666 0.04259259259259259
2 0.384375 0.5425925925925926 0.030208333333333334 0.03518518518518519
3 0.678125 0.6648148148148149 0.034375 0.09814814814814815
2 0.34427083333333336 0.5337962962962963 0.035416666666666666 0.026851851851851852
3 0.58828125 0.5805555555555556 0.022395833333333334 0.05740740740740741
2 0.38776041666666666 0.5435185185185185 0.025520833333333333 0.03148148148148148
2 0.35182291666666665 0.5375 0.028645833333333332 0.03425925925925926
0 0.6783854166666666 0.6097222222222223 0.0453125 0.13796296296296295
