2 0.8018229166666667 0.5740740740740741 0.07760416666666667 0.07037037037037037
2 0.5877604166666667 0.575462962962963 0.06302083333333333 0.09722222222222222
3 0.18723958333333332 0.6171296296296296 0.0796875 0.10648148148148148
2 0.4908854166666667 0.5564814814814815 0.05364583333333333 0.07592592592592592
3 0.07395833333333333 0.6416666666666667 0.11354166666666667 0.13703703703703704
3 0.31614583333333335 0.6527777777777778 0.09375 0.16296296296296298
3 0.6296875 0.6337962962962963 0.03229166666666667 0.08796296296296297
3 0.32838541666666665 0.6402777777777777 0.1203125 0.1675925925925926
3 0.45625 0.5856481481481481 0.026041666666666668 0.07685185185185185
2 0.4153645833333333 0.5370370370370371 0.024479166666666666 0.03148148148148148
3 0.6901041666666666 0.6 0.026041666666666668 0.05925925925925926
3 0.36796875 0.6138888888888889 0.04010416666666667 0.08518518518518518
0 0.07526041666666666 0.5986111111111111 0.0578125 0.1824074074074074
0 0.19036458333333334 0.575462962962963 0.0546875 0.14722222222222223
0 0.6268229166666667 0.6023148148148149 0.03697916666666667 0.14537037037037037
0 0.3184895833333333 0.5976851851851852 0.06197916666666667 0.19907407407407407
0 0.6901041666666666 0.5787037037037037 0.027083333333333334 0.09074074074074075
0 0.8901041666666667 0.5671296296296297 0.020833333333333332 0.08425925925925926
0 0.30572916666666666 0.5953703703703703 0.071875 0.2074074074074074
0 0.4552083333333333 0.5851851851851851 0.025 0.07592592592592592
0 0.3611979166666667 0.5833333333333334 0.05260416666666667 0.14444444444444443
0 0.9158854166666667 0.5675925925925925 0.0171875 0.08888888888888889
