3 0.39296875 0.7560185185185185 0.12135416666666667 0.21944444444444444
2 0.47604166666666664 0.6078703703703704 0.075 0.10277777777777777
2 0.8015625 0.6129629629629629 0.07708333333333334 0.07407407407407407
2 0.57734375 0.5925925925925926 0.03177083333333333 0.05185185185185185
3 0.6328125 0.6333333333333333 0.021875 0.06296296296296296
3 0.6317708333333333 0.6240740740740741 0.025 0.07777777777777778
0 0.39140625 0.6736111111111112 0.05572916666666667 0.24351851851851852
0 0.8614583333333333 0.6041666666666666 0.017708333333333333 0.075
0 0.8796875 0.6060185185185185 0.013541666666666667 0.06759259259259259
0 0.88203125 0.6060185185185185 0.013020833333333334 0.06759259259259259
