3 0.9286458333333333 0.7435185185185185 0.090625 0.17037037037037037
3 0.4510416666666667 0.6587962962962963 0.052083333333333336 0.13240740740740742
2 0.7856770833333333 0.6018518518518519 0.07552083333333333 0.06666666666666667
2 0.3455729166666667 0.5981481481481481 0.16614583333333333 0.16666666666666666
3 0.4942708333333333 0.6240740740740741 0.030208333333333334 0.08333333333333333
2 0.56328125 0.5810185185185185 0.0296875 0.05092592592592592
0 0.92578125 0.6578703703703703 0.09114583333333333 0.2564814814814815
0 0.45208333333333334 0.6074074074074074 0.052083333333333336 0.16666666666666666
0 0.8598958333333333 0.6041666666666666 0.020833333333333332 0.07314814814814814
0 0.5450520833333333 0.5912037037037037 0.024479166666666666 0.08611111111111111
0 0.5252604166666667 0.5833333333333334 0.018229166666666668 0.07222222222222222
0 0.5934895833333333 0.5916666666666667 0.015104166666666667 0.05
