2 0.7846354166666667 0.6064814814814815 0.07760416666666667 0.07222222222222222
2 0.5473958333333333 0.6046296296296296 0.07291666666666667 0.10555555555555556
2 0.5065104166666666 0.5805555555555556 0.028645833333333332 0.05
2 0.30416666666666664 0.5578703703703703 0.028125 0.032407407407407406
2 0.5075520833333333 0.5736111111111111 0.0328125 0.058333333333333334
2 0.4 0.5675925925925925 0.03125 0.02962962962962963
3 0.6229166666666667 0.6324074074074074 0.023958333333333335 0.053703703703703705
3 0.9755208333333333 0.7412037037037037 0.046875 0.14351851851851852
2 0.47682291666666665 0.5708333333333333 0.025520833333333333 0.03425925925925926
0 0.9768229166666667 0.6722222222222223 0.044270833333333336 0.2722222222222222
0 0.68984375 0.6055555555555555 0.021354166666666667 0.08518518518518518
