2 0.22239583333333332 0.6055555555555555 0.184375 0.15555555555555556
2 0.48463541666666665 0.5824074074074074 0.0734375 0.1
3 0.40546875 0.6458333333333334 0.049479166666666664 0.11388888888888889
3 0.915625 0.7625 0.06770833333333333 0.1638888888888889
2 0.5455729166666666 0.575925925925926 0.034895833333333334 0.04814814814814815
2 0.3255208333333333 0.5583333333333333 0.0375 0.03148148148148148
3 0.91796875 0.7435185185185185 0.0828125 0.19444444444444445
3 0.5815104166666667 0.6166666666666667 0.0265625 0.06851851851851852
3 0.5783854166666667 0.6106481481481482 0.03802083333333333 0.062037037037037036
0 0.9247395833333333 0.6837962962962963 0.10572916666666667 0.287962962962963
0 0.40286458333333336 0.6074074074074074 0.0453125 0.1388888888888889
0 0.58125 0.5953703703703703 0.027083333333333334 0.09074074074074075
0 0.8276041666666667 0.5935185185185186 0.015625 0.07407407407407407
0 0.8791666666666667 0.6027777777777777 0.016666666666666666 0.06481481481481481
