2 0.5671875 0.5935185185185186 0.05416666666666667 0.08333333333333333
2 0.7893229166666667 0.6083333333333333 0.07760416666666667 0.07222222222222222
3 0.35078125 0.6564814814814814 0.06614583333333333 0.12037037037037036
3 0.24583333333333332 0.6337962962962963 0.06666666666666667 0.09351851851851851
3 0.9455729166666667 0.7356481481481482 0.10677083333333333 0.18611111111111112
2 0.51640625 0.575462962962963 0.030729166666666665 0.04351851851851852
2 0.3065104166666667 0.5574074074074075 0.033854166666666664 0.03148148148148148
3 0.9263020833333333 0.7537037037037037 0.0640625 0.14629629629629629
0 0.9424479166666667 0.674074074074074 0.10989583333333333 0.26666666666666666
0 0.35078125 0.6078703703703704 0.049479166666666664 0.16018518518518518
0 0.246875 0.5930555555555556 0.03125 0.13425925925925927
0 0.6796875 0.5925925925925926 0.019791666666666666 0.07592592592592592
0 0.8270833333333333 0.5990740740740741 0.017708333333333333 0.07407407407407407
0 0.23984375 0.5898148148148148 0.0453125 0.13148148148148148
