3 0.15416666666666667 0.837037037037037 0.2989583333333333 0.31666666666666665
2 0.7916666666666666 0.6425925925925926 0.07708333333333334 0.07407407407407407
2 0.49244791666666665 0.6236111111111111 0.0390625 0.06574074074074074
2 0.42526041666666664 0.625 0.04114583333333333 0.05740740740740741
2 0.5549479166666667 0.6180555555555556 0.0328125 0.041666666666666664
3 0.35 0.6680555555555555 0.035416666666666666 0.075
2 0.4609375 0.6180555555555556 0.026041666666666668 0.03611111111111111
3 0.28046875 0.6652777777777777 0.03802083333333333 0.0787037037037037
3 0.020572916666666666 0.8171296296296297 0.04114583333333333 0.2101851851851852
2 0.30572916666666666 0.6064814814814815 0.03333333333333333 0.040740740740740744
0 0.18307291666666667 0.7601851851851852 0.1328125 0.4444444444444444
0 0.6442708333333333 0.649537037037037 0.019791666666666666 0.08981481481481482
0 0.28151041666666665 0.649074074074074 0.0359375 0.10185185185185185
0 0.5184895833333333 0.6509259259259259 0.021354166666666667 0.06666666666666667
0 0.35130208333333335 0.6513888888888889 0.034895833333333334 0.09722222222222222
0 0.8653645833333333 0.6314814814814815 0.0140625 0.06296296296296296
0 0.8427083333333333 0.6356481481481482 0.016666666666666666 0.06759259259259259
0 0.2864583333333333 0.6388888888888888 0.026041666666666668 0.08148148148148149
0 0.60859375 0.6444444444444445 0.015104166666666667 0.05
