2 0.15520833333333334 0.6157407407407407 0.290625 0.21666666666666667
2 0.7986979166666667 0.5773148148148148 0.07760416666666667 0.07314814814814814
3 0.62421875 0.5828703703703704 0.024479166666666666 0.0712962962962963
3 0.44609375 0.6189814814814815 0.04114583333333333 0.09166666666666666
3 0.5591145833333333 0.6513888888888889 0.058854166666666666 0.12314814814814815
2 0.35078125 0.5342592592592592 0.033854166666666664 0.03518518518518519
2 0.31640625 0.5333333333333333 0.033854166666666664 0.03148148148148148
0 0.5520833333333334 0.6013888888888889 0.05 0.18425925925925926
0 0.6229166666666667 0.5740740740740741 0.023958333333333335 0.08333333333333333
0 0.44479166666666664 0.5875 0.040625 0.11944444444444445
0 0.45677083333333335 0.5842592592592593 0.020833333333333332 0.10185185185185185
0 0.94375 0.5773148148148148 0.015625 0.0824074074074074
0 0.4390625 0.5847222222222223 0.03229166666666667 0.11574074074074074
