2 0.3341145833333333 0.649074074074074 0.24635416666666668 0.2796296296296296
2 0.8005208333333333 0.5740740740740741 0.07916666666666666 0.07037037037037037
3 0.13828125 0.8134259259259259 0.2765625 0.3527777777777778
2 0.43828125 0.5398148148148149 0.034895833333333334 0.04814814814814815
3 0.6286458333333333 0.6097222222222223 0.028125 0.08611111111111111
3 0.5171875 0.5976851851851852 0.017708333333333333 0.05648148148148148
0 0.13645833333333332 0.7055555555555556 0.165625 0.5537037037037037
0 0.625 0.5898148148148148 0.022916666666666665 0.10555555555555556
0 0.93984375 0.5736111111111111 0.015104166666666667 0.0787037037037037
0 0.6385416666666667 0.5907407407407408 0.014583333333333334 0.08333333333333333
