2 0.79609375 0.6546296296296297 0.08072916666666667 0.07407407407407407
2 0.5 0.6421296296296296 0.052083333333333336 0.08055555555555556
3 0.08541666666666667 0.7092592592592593 0.10520833333333333 0.1574074074074074
3 0.625 0.7046296296296296 0.03229166666666667 0.09814814814814815
3 0.4236979166666667 0.6995370370370371 0.04635416666666667 0.09351851851851851
3 0.57890625 0.6837962962962963 0.022395833333333334 0.06944444444444445
2 0.46119791666666665 0.625462962962963 0.025520833333333333 0.04537037037037037
2 0.34348958333333335 0.624537037037037 0.03177083333333333 0.03425925925925926
2 0.43020833333333336 0.6393518518518518 0.04583333333333333 0.06944444444444445
3 0.08229166666666667 0.7305555555555555 0.09791666666666667 0.11851851851851852
0 0.0875 0.674537037037037 0.04895833333333333 0.16944444444444445
0 0.6205729166666667 0.6763888888888889 0.03697916666666667 0.125
0 0.8552083333333333 0.6444444444444445 0.017708333333333333 0.07592592592592592
0 0.42526041666666664 0.6430555555555556 0.049479166666666664 0.09166666666666666
