2 0.8026041666666667 0.5740740740740741 0.07916666666666666 0.07037037037037037
3 0.22526041666666666 0.6388888888888888 0.0890625 0.15185185185185185
3 0.6830729166666667 0.6134259259259259 0.027604166666666666 0.08796296296296297
2 0.5911458333333334 0.5805555555555556 0.059375 0.10740740740740741
2 0.4825520833333333 0.5597222222222222 0.0609375 0.08425925925925926
3 0.05130208333333333 0.7268518518518519 0.10260416666666666 0.2
2 0.2755208333333333 0.5782407407407407 0.13125 0.125
3 0.5598958333333334 0.6652777777777777 0.057291666666666664 0.14166666666666666
2 0.2947916666666667 0.5782407407407407 0.09270833333333334 0.12314814814814815
2 0.3536458333333333 0.5347222222222222 0.030208333333333334 0.03611111111111111
3 0.41901041666666666 0.5958333333333333 0.0359375 0.09166666666666666
0 0.5546875 0.6064814814814815 0.05520833333333333 0.18703703703703703
0 0.022395833333333334 0.6402777777777777 0.04479166666666667 0.30462962962962964
0 0.23046875 0.5888888888888889 0.04114583333333333 0.18518518518518517
0 0.054427083333333334 0.6092592592592593 0.09947916666666666 0.26851851851851855
0 0.6799479166666667 0.5712962962962963 0.034895833333333334 0.13148148148148148
0 0.8921875 0.5699074074074074 0.016666666666666666 0.07685185185185185
0 0.4125 0.5884259259259259 0.021875 0.09166666666666666
0 0.2203125 0.5925925925925926 0.0625 0.2037037037037037
0 0.6322916666666667 0.5638888888888889 0.017708333333333333 0.06296296296296296
0 0.4205729166666667 0.586574074074074 0.03802083333333333 0.09722222222222222
0 0.940625 0.5736111111111111 0.017708333333333333 0.08611111111111111
0 0.9177083333333333 0.5712962962962963 0.011458333333333333 0.07962962962962963
