2 0.8010416666666667 0.5740740740740741 0.08020833333333334 0.07037037037037037
2 0.030208333333333334 0.6087962962962963 0.06041666666666667 0.18055555555555555
3 0.11458333333333333 0.6393518518518518 0.12083333333333333 0.17685185185185184
3 0.4979166666666667 0.7138888888888889 0.09583333333333334 0.21481481481481482
2 0.4309895833333333 0.6162037037037037 0.16510416666666666 0.18981481481481483
3 0.32447916666666665 0.5740740740740741 0.036458333333333336 0.09444444444444444
3 0.6419270833333334 0.5949074074074074 0.022395833333333334 0.06944444444444445
2 0.35651041666666666 0.5337962962962963 0.034895833333333334 0.03611111111111111
0 0.49635416666666665 0.6180555555555556 0.08958333333333333 0.2675925925925926
0 0.12864583333333332 0.5902777777777778 0.06354166666666666 0.19722222222222222
0 0.49583333333333335 0.5574074074074075 0.08229166666666667 0.14629629629629629
0 0.6411458333333333 0.5861111111111111 0.026041666666666668 0.08333333333333333
0 0.13854166666666667 0.5833333333333334 0.04791666666666667 0.17222222222222222
