2 0.053125 0.6319444444444444 0.10625 0.2824074074074074
3 0.32734375 0.6342592592592593 0.058854166666666666 0.10555555555555556
2 0.815625 0.6055555555555555 0.07395833333333333 0.07777777777777778
3 0.5098958333333333 0.6138888888888889 0.029166666666666667 0.07407407407407407
2 0.22526041666666666 0.5981481481481481 0.17447916666666666 0.17037037037037037
2 0.4466145833333333 0.5814814814814815 0.03802083333333333 0.05555555555555555
2 0.47239583333333335 0.5680555555555555 0.026041666666666668 0.04537037037037037
2 0.35911458333333335 0.5611111111111111 0.027604166666666666 0.03333333333333333
3 0.6130208333333333 0.6773148148148148 0.035416666666666666 0.10648148148148148
0 0.3302083333333333 0.5962962962962963 0.03333333333333333 0.12777777777777777
0 0.32526041666666666 0.600925925925926 0.0453125 0.1388888888888889
0 0.95859375 0.6078703703703704 0.018229166666666668 0.09166666666666666
0 0.9911458333333333 0.6097222222222223 0.016666666666666666 0.08981481481481482
0 0.61640625 0.6365740740740741 0.058854166666666666 0.18055555555555555
