3 0.13151041666666666 0.662962962962963 0.07760416666666667 0.1
3 0.6174479166666667 0.725462962962963 0.0421875 0.13796296296296295
2 0.7841145833333333 0.6625 0.07864583333333333 0.075
3 0.475 0.6847222222222222 0.051041666666666666 0.10648148148148148
7 0.284375 0.6319444444444444 0.184375 0.18981481481481483
2 0.4122395833333333 0.6060185185185185 0.03177083333333333 0.04537037037037037
2 0.5559895833333334 0.6199074074074075 0.0265625 0.03611111111111111
3 0.42473958333333334 0.6407407407407407 0.0203125 0.05925925925925926
3 0.35572916666666665 0.6564814814814814 0.06875 0.09444444444444444
0 0.13046875 0.6231481481481481 0.03697916666666667 0.13333333333333333
0 0.6096354166666667 0.6643518518518519 0.05677083333333333 0.15462962962962962
0 0.8424479166666666 0.6550925925925926 0.013020833333333334 0.06944444444444445
0 0.6432291666666666 0.6430555555555556 0.01875 0.075
0 0.6075520833333333 0.6375 0.050520833333333334 0.10092592592592593
0 0.8278645833333333 0.6564814814814814 0.015104166666666667 0.07037037037037037
0 0.4744791666666667 0.6537037037037037 0.05 0.14444444444444443
0 0.47994791666666664 0.6541666666666667 0.03802083333333333 0.1287037037037037
0 0.42526041666666664 0.6370370370370371 0.0203125 0.06481481481481481
0 0.53828125 0.637962962962963 0.0171875 0.053703703703703705
