2 0.7986979166666667 0.6486111111111111 0.07760416666666667 0.075
2 0.41770833333333335 0.6361111111111111 0.06145833333333333 0.08148148148148149
2 0.48802083333333335 0.6375 0.05520833333333333 0.08611111111111111
3 0.25859375 0.725462962962963 0.09114583333333333 0.13796296296296295
2 0.4583333333333333 0.6222222222222222 0.030208333333333334 0.04259259259259259
3 0.5713541666666667 0.7314814814814815 0.05 0.12777777777777777
3 0.5255208333333333 0.6921296296296297 0.028125 0.09166666666666666
0 0.5674479166666667 0.6921296296296297 0.0546875 0.16574074074074074
0 0.25807291666666665 0.6800925925925926 0.0390625 0.15833333333333333
0 0.24817708333333333 0.6814814814814815 0.05364583333333333 0.16111111111111112
0 0.52421875 0.6662037037037037 0.034895833333333334 0.13425925925925927
0 0.8598958333333333 0.6393518518518518 0.015625 0.075
0 0.5627604166666667 0.6731481481481482 0.049479166666666664 0.1259259259259259
0 0.84453125 0.6412037037037037 0.013020833333333334 0.062037037037037036
0 0.8661458333333333 0.6388888888888888 0.0125 0.07777777777777778
0 0.8716145833333333 0.6388888888888888 0.0140625 0.07592592592592592
0 0.6421875 0.6578703703703703 0.016666666666666666 0.05277777777777778
