2 0.6083333333333333 0.5652777777777778 0.052083333333333336 0.07314814814814814
2 0.8020833333333334 0.5773148148148148 0.08020833333333334 0.0712962962962963
3 0.11510416666666666 0.7472222222222222 0.20833333333333334 0.27037037037037037
2 0.14270833333333333 0.6092592592592593 0.28020833333333334 0.23703703703703705
3 0.5080729166666667 0.6319444444444444 0.05677083333333333 0.12129629629629629
3 0.29192708333333334 0.5800925925925926 0.0359375 0.11944444444444445
2 0.41458333333333336 0.5606481481481481 0.042708333333333334 0.08055555555555556
2 0.046614583333333334 0.5314814814814814 0.09322916666666667 0.07222222222222222
3 0.3625 0.6 0.04375 0.09814814814814815
2 0.315625 0.5370370370370371 0.03958333333333333 0.03518518518518519
2 0.21145833333333333 0.600925925925926 0.140625 0.21296296296296297
2 0.08776041666666666 0.6134259259259259 0.17552083333333332 0.23425925925925925
3 0.39505208333333336 0.5916666666666667 0.0296875 0.07222222222222222
0 0.11796875 0.6462962962962963 0.09010416666666667 0.34444444444444444
0 0.29140625 0.5768518518518518 0.034895833333333334 0.11666666666666667
0 0.49973958333333335 0.5810185185185185 0.0453125 0.1527777777777778
0 0.6692708333333334 0.5791666666666667 0.016666666666666666 0.06944444444444445
0 0.51171875 0.5810185185185185 0.034895833333333334 0.1398148148148148
0 0.49557291666666664 0.5671296296296297 0.034895833333333334 0.125
0 0.8919270833333334 0.5680555555555555 0.0171875 0.0787037037037037
0 0.8791666666666667 0.5689814814814815 0.014583333333333334 0.07685185185185185
0 0.6830729166666667 0.5800925925925926 0.0171875 0.06388888888888888
0 0.5192708333333333 0.5773148148148148 0.03854166666666667 0.13055555555555556
0 0.5390625 0.5791666666666667 0.030208333333333334 0.10648148148148148
