2 0.6088541666666667 0.5652777777777778 0.052083333333333336 0.07314814814814814
2 0.8020833333333334 0.5773148148148148 0.08020833333333334 0.0712962962962963
3 0.13411458333333334 0.749537037037037 0.20052083333333334 0.25277777777777777
2 0.14479166666666668 0.6074074074074074 0.2875 0.23703703703703705
2 0.22239583333333332 0.6 0.12916666666666668 0.20555555555555555
2 0.31614583333333335 0.5370370370370371 0.03958333333333333 0.03518518518518519
3 0.51328125 0.6240740740740741 0.05677083333333333 0.12962962962962962
2 0.4166666666666667 0.5601851851851852 0.041666666666666664 0.07407407407407407
3 0.29609375 0.5847222222222223 0.0359375 0.10833333333333334
2 0.05 0.5467592592592593 0.1 0.10462962962962963
2 0.051041666666666666 0.5324074074074074 0.10208333333333333 0.07222222222222222
3 0.3671875 0.6032407407407407 0.041666666666666664 0.08796296296296297
2 0.05677083333333333 0.6125 0.11354166666666667 0.24166666666666667
0 0.14036458333333332 0.6444444444444445 0.08072916666666667 0.3314814814814815
0 0.5044270833333333 0.5824074074074074 0.0484375 0.15
0 0.2953125 0.5768518518518518 0.035416666666666666 0.11296296296296296
0 0.5403645833333334 0.5773148148148148 0.0296875 0.10277777777777777
0 0.66953125 0.5791666666666667 0.018229166666666668 0.06944444444444445
0 0.5106770833333333 0.575 0.04010416666666667 0.12777777777777777
0 0.8786458333333333 0.5689814814814815 0.014583333333333334 0.0787037037037037
