2 0.1984375 0.5875 0.18645833333333334 0.14907407407407408
2 0.55546875 0.5898148148148148 0.10677083333333333 0.12777777777777777
2 0.8015625 0.575925925925926 0.078125 0.07222222222222222
3 0.6627604166666666 0.6268518518518519 0.0390625 0.10925925925925926
3 0.42578125 0.7134259259259259 0.1046875 0.21388888888888888
2 0.475 0.5625 0.06354166666666666 0.09537037037037037
3 0.0390625 0.6861111111111111 0.078125 0.15
3 0.37005208333333334 0.5949074074074074 0.04635416666666667 0.11388888888888889
0 0.42213541666666665 0.6314814814814815 0.07447916666666667 0.2759259259259259
0 0.02109375 0.5921296296296297 0.0421875 0.22314814814814815
0 0.6596354166666667 0.5800925925925926 0.034895833333333334 0.10462962962962963
0 0.37135416666666665 0.575925925925926 0.04895833333333333 0.14074074074074075
0 0.36796875 0.5958333333333333 0.0421875 0.11203703703703703
