2 0.8041666666666667 0.600462962962963 0.08020833333333334 0.07314814814814814
3 0.08567708333333333 0.788425925925926 0.17135416666666667 0.2953703703703704
2 0.3802083333333333 0.5981481481481481 0.12395833333333334 0.16111111111111112
1 0.5239583333333333 0.7282407407407407 0.07395833333333333 0.18981481481481483
3 0.3072916666666667 0.649074074074074 0.07604166666666666 0.12407407407407407
2 0.6604166666666667 0.6041666666666666 0.042708333333333334 0.08981481481481482
1 0.30833333333333335 0.6560185185185186 0.075 0.11388888888888889
0 0.5197916666666667 0.6462962962962963 0.07395833333333333 0.2351851851851852
0 0.06536458333333334 0.6888888888888889 0.1015625 0.3907407407407407
0 0.31015625 0.6101851851851852 0.03802083333333333 0.15925925925925927
0 0.978125 0.6023148148148149 0.019791666666666666 0.09351851851851851
0 0.9502604166666667 0.5986111111111111 0.0203125 0.10277777777777777
0 0.07057291666666667 0.5819444444444445 0.09010416666666667 0.17314814814814813
