2 0.27109375 0.6018518518518519 0.15677083333333333 0.1425925925925926
3 0.4427083333333333 0.6337962962962963 0.041666666666666664 0.10833333333333334
3 0.03828125 0.7384259259259259 0.0765625 0.21203703703703702
3 0.9161458333333333 0.7615740740740741 0.07083333333333333 0.1712962962962963
2 0.4986979166666667 0.5819444444444445 0.0578125 0.09722222222222222
2 0.5450520833333333 0.5745370370370371 0.03177083333333333 0.041666666666666664
2 0.03567708333333333 0.6129629629629629 0.07135416666666666 0.14629629629629629
2 0.76484375 0.5976851851851852 0.0515625 0.06388888888888888
2 0.7549479166666667 0.5967592592592592 0.07135416666666666 0.06388888888888888
3 0.9239583333333333 0.7393518518518518 0.09270833333333334 0.20462962962962963
3 0.5895833333333333 0.6097222222222223 0.023958333333333335 0.06759259259259259
3 0.03723958333333333 0.6907407407407408 0.07447916666666667 0.3037037037037037
0 0.9268229166666667 0.6837962962962963 0.1078125 0.287962962962963
0 0.8283854166666667 0.5884259259259259 0.015104166666666667 0.06759259259259259
0 0.8815104166666666 0.6050925925925926 0.0171875 0.062037037037037036
0 0.44166666666666665 0.600925925925926 0.0375 0.13518518518518519
