2 0.35598958333333336 0.587037037037037 0.10885416666666667 0.10555555555555556
3 0.0984375 0.775 0.196875 0.337037037037037
2 0.8471354166666667 0.5875 0.0703125 0.08425925925925926
2 0.5091145833333334 0.5736111111111111 0.0703125 0.10648148148148148
3 0.7130208333333333 0.6069444444444444 0.027083333333333334 0.07314814814814814
2 0.46848958333333335 0.5648148148148148 0.0234375 0.04259259259259259
2 0.5872395833333334 0.5680555555555555 0.0296875 0.05462962962962963
2 0.6205729166666667 0.5555555555555556 0.019270833333333334 0.03518518518518519
0 0.09895833333333333 0.6726851851851852 0.08541666666666667 0.38796296296296295
0 0.15989583333333332 0.638425925925926 0.06666666666666667 0.29907407407407405
0 0.71328125 0.600925925925926 0.024479166666666666 0.06666666666666667
