2 0.7966145833333333 0.6546296296296297 0.08072916666666667 0.07407407407407407
2 0.5 0.6421296296296296 0.052083333333333336 0.08055555555555556
3 0.07213541666666666 0.7282407407407407 0.10364583333333334 0.13055555555555556
3 0.41953125 0.7023148148148148 0.044270833333333336 0.09907407407407408
3 0.62265625 0.7069444444444445 0.027604166666666666 0.09351851851851851
2 0.4309895833333333 0.6402777777777777 0.044270833333333336 0.06944444444444445
3 0.5768229166666666 0.6833333333333333 0.025520833333333333 0.07037037037037037
2 0.46197916666666666 0.6259259259259259 0.025 0.044444444444444446
2 0.34296875 0.625 0.030729166666666665 0.03333333333333333
3 0.5572916666666666 0.6347222222222222 0.021875 0.041666666666666664
0 0.07473958333333333 0.6759259259259259 0.050520833333333334 0.17222222222222222
0 0.6197916666666666 0.6731481481481482 0.035416666666666666 0.12407407407407407
0 0.85546875 0.6449074074074074 0.0171875 0.07685185185185185
0 0.5752604166666667 0.675 0.024479166666666666 0.08333333333333333
