2 0.79921875 0.5847222222222223 0.07760416666666667 0.07685185185185185
3 0.17526041666666667 0.649074074074074 0.12760416666666666 0.17222222222222222
3 0.5361979166666667 0.6444444444444445 0.0546875 0.12037037037037036
2 0.4328125 0.5569444444444445 0.053125 0.08055555555555556
3 0.4515625 0.6138888888888889 0.041666666666666664 0.09074074074074075
3 0.65078125 0.6222222222222222 0.027604166666666666 0.07222222222222222
2 0.48489583333333336 0.5666666666666667 0.046875 0.09259259259259259
2 0.3177083333333333 0.5351851851851852 0.030208333333333334 0.03148148148148148
2 0.35 0.5430555555555555 0.030208333333333334 0.032407407407407406
0 0.45390625 0.5842592592592593 0.03697916666666667 0.12962962962962962
0 0.17447916666666666 0.6018518518518519 0.04479166666666667 0.2037037037037037
0 0.5333333333333333 0.5976851851851852 0.04375 0.13425925925925927
0 0.64765625 0.5837962962962963 0.0234375 0.10462962962962963
0 0.9421875 0.5828703703703704 0.01875 0.09166666666666666
0 0.9627604166666667 0.5958333333333333 0.0171875 0.10092592592592593
0 0.16536458333333334 0.6046296296296296 0.0640625 0.21296296296296297
0 0.98984375 0.5902777777777778 0.018229166666666668 0.08796296296296297
0 0.9372395833333333 0.5833333333333334 0.022395833333333334 0.09444444444444444
0 0.5924479166666666 0.5648148148148148 0.013020833333333334 0.03888888888888889
0 0.6489583333333333 0.6046296296296296 0.025 0.07962962962962963
