2 0.815625 0.6064814814814815 0.07395833333333333 0.07777777777777778
3 0.30494791666666665 0.6370370370370371 0.0609375 0.1111111111111111
2 0.027864583333333335 0.637962962962963 0.05572916666666667 0.29444444444444445
2 0.44635416666666666 0.5814814814814815 0.0375 0.053703703703703705
2 0.19921875 0.5972222222222222 0.17135416666666667 0.17592592592592593
2 0.521875 0.5722222222222222 0.035416666666666666 0.05925925925925926
3 0.5028645833333333 0.6143518518518518 0.0296875 0.07314814814814814
2 0.47369791666666666 0.5671296296296297 0.024479166666666666 0.04537037037037037
7 0.19895833333333332 0.5972222222222222 0.171875 0.17407407407407408
0 0.3078125 0.6 0.03854166666666667 0.13148148148148148
0 0.9924479166666667 0.6087962962962963 0.0140625 0.08981481481481482
