2 0.79453125 0.6439814814814815 0.0765625 0.0712962962962963
3 0.17291666666666666 0.6875 0.058333333333333334 0.09907407407407408
3 0.490625 0.6680555555555555 0.030208333333333334 0.075
2 0.4283854166666667 0.6263888888888889 0.044270833333333336 0.06388888888888888
2 0.5567708333333333 0.6199074074074075 0.030208333333333334 0.04351851851851852
2 0.50703125 0.6296296296296297 0.03697916666666667 0.07037037037037037
3 0.03463541666666667 0.7388888888888889 0.06927083333333334 0.1111111111111111
3 0.26640625 0.6842592592592592 0.0515625 0.09444444444444444
2 0.46197916666666666 0.6208333333333333 0.027083333333333334 0.03981481481481482
3 0.6010416666666667 0.6541666666666667 0.017708333333333333 0.06574074074074074
3 0.6403645833333333 0.6796296296296296 0.022395833333333334 0.07037037037037037
3 0.03411458333333333 0.6990740740740741 0.06822916666666666 0.19074074074074074
2 0.34348958333333335 0.6138888888888889 0.033854166666666664 0.03518518518518519
0 0.6393229166666666 0.6555555555555556 0.027604166666666666 0.1111111111111111
0 0.17838541666666666 0.6513888888888889 0.033854166666666664 0.11944444444444445
0 0.8684895833333334 0.6324074074074074 0.011979166666666667 0.06111111111111111
0 0.2682291666666667 0.6546296296296297 0.053125 0.13333333333333333
0 0.84921875 0.6333333333333333 0.015104166666666667 0.07222222222222222
0 0.0171875 0.674074074074074 0.034375 0.17407407407407408
0 0.17604166666666668 0.6574074074074074 0.04791666666666667 0.13148148148148148
