3 0.15026041666666667 0.7902777777777777 0.2109375 0.33055555555555555
2 0.31276041666666665 0.6694444444444444 0.2046875 0.26851851851851855
2 0.7815104166666667 0.6217592592592592 0.07552083333333333 0.07314814814814814
3 0.6419270833333334 0.6888888888888889 0.0578125 0.1574074074074074
2 0.54609375 0.5842592592592593 0.021354166666666667 0.03518518518518519
2 0.42682291666666666 0.5777777777777777 0.03177083333333333 0.03518518518518519
2 0.47708333333333336 0.5953703703703703 0.046875 0.08333333333333333
3 0.64609375 0.7064814814814815 0.049479166666666664 0.1259259259259259
0 0.17161458333333332 0.6805555555555556 0.09322916666666667 0.34444444444444444
0 0.640625 0.6472222222222223 0.05520833333333333 0.17777777777777778
0 0.8427083333333333 0.6078703703703704 0.015625 0.06944444444444445
