2 0.8653645833333333 0.5939814814814814 0.07552083333333333 0.09537037037037037
2 0.2825520833333333 0.6055555555555555 0.2328125 0.22037037037037038
3 0.46640625 0.7518518518518519 0.11927083333333334 0.26851851851851855
3 0.15182291666666667 0.6226851851851852 0.06822916666666666 0.1398148148148148
2 0.6205729166666667 0.5537037037037037 0.03177083333333333 0.046296296296296294
3 0.5533854166666666 0.6083333333333333 0.033854166666666664 0.07962962962962963
3 0.6731770833333334 0.6365740740740741 0.04114583333333333 0.09537037037037037
3 0.55 0.6023148148148149 0.027083333333333334 0.08611111111111111
0 0.48828125 0.6328703703703704 0.09114583333333333 0.2675925925925926
0 0.15911458333333334 0.5990740740740741 0.0484375 0.14814814814814814
0 0.54921875 0.5842592592592593 0.028645833333333332 0.11666666666666667
0 0.44505208333333335 0.5726851851851852 0.0328125 0.09537037037037037
