3 0.2989583333333333 0.6995370370370371 0.12916666666666668 0.2101851851851852
2 0.09114583333333333 0.600925925925926 0.18229166666666666 0.19814814814814816
2 0.8018229166666667 0.5768518518518518 0.0765625 0.07407407407407407
3 0.5520833333333334 0.6162037037037037 0.04791666666666667 0.11018518518518519
2 0.6080729166666666 0.5652777777777778 0.0484375 0.06759259259259259
2 0.18958333333333333 0.6078703703703704 0.203125 0.21944444444444444
2 0.4908854166666667 0.5546296296296296 0.025520833333333333 0.05185185185185185
3 0.40182291666666664 0.600925925925926 0.034895833333333334 0.07962962962962963
3 0.5114583333333333 0.5773148148148148 0.023958333333333335 0.06018518518518518
3 0.6723958333333333 0.5833333333333334 0.022916666666666665 0.06481481481481481
3 0.43776041666666665 0.5675925925925925 0.033854166666666664 0.07592592592592592
2 0.35520833333333335 0.5393518518518519 0.0375 0.03796296296296296
0 0.29609375 0.6203703703703703 0.0828125 0.26296296296296295
0 0.6708333333333333 0.5777777777777777 0.022916666666666665 0.07037037037037037
0 0.5510416666666667 0.5694444444444444 0.046875 0.12407407407407407
0 0.8783854166666667 0.5680555555555555 0.0171875 0.0824074074074074
0 0.88125 0.5675925925925925 0.015625 0.08333333333333333
