2 0.7869791666666667 0.6481481481481481 0.07708333333333334 0.07592592592592592
3 0.5268229166666667 0.762962962962963 0.08072916666666667 0.19444444444444445
3 0.35703125 0.7087962962962963 0.09739583333333333 0.1712962962962963
7 0.17317708333333334 0.6592592592592592 0.24114583333333334 0.23333333333333334
2 0.48333333333333334 0.6199074074074075 0.040625 0.062037037037037036
2 0.42161458333333335 0.6180555555555556 0.03177083333333333 0.058333333333333334
3 0.3606770833333333 0.7268518518518519 0.08385416666666666 0.13518518518518519
2 0.45755208333333336 0.6087962962962963 0.030729166666666665 0.04351851851851852
0 0.5236979166666667 0.6800925925925926 0.08697916666666666 0.2101851851851852
0 0.6447916666666667 0.6430555555555556 0.01875 0.0787037037037037
0 0.3614583333333333 0.6564814814814814 0.04791666666666667 0.17592592592592593
0 0.2994791666666667 0.6680555555555555 0.028125 0.10462962962962963
0 0.6104166666666667 0.6388888888888888 0.017708333333333333 0.05555555555555555
