3 0.11302083333333333 0.7097222222222223 0.09791666666666667 0.1398148148148148
3 0.3151041666666667 0.6773148148148148 0.04375 0.08425925925925926
2 0.7947916666666667 0.6439814814814815 0.07604166666666666 0.06944444444444445
2 0.4283854166666667 0.624537037037037 0.044270833333333336 0.06018518518518518
2 0.5565104166666667 0.6185185185185185 0.0328125 0.044444444444444446
3 0.23489583333333333 0.674074074074074 0.04583333333333333 0.09074074074074075
3 0.50859375 0.6592592592592592 0.025520833333333333 0.07222222222222222
2 0.46171875 0.6189814814814815 0.0265625 0.03796296296296296
3 0.60703125 0.6504629629629629 0.016145833333333335 0.05648148148148148
2 0.49505208333333334 0.6333333333333333 0.04010416666666667 0.05555555555555555
3 0.040625 0.6990740740740741 0.08125 0.15185185185185185
2 0.4869791666666667 0.6370370370370371 0.023958333333333335 0.046296296296296294
0 0.11197916666666667 0.6680555555555555 0.046875 0.14722222222222223
0 0.64140625 0.649537037037037 0.025520833333333333 0.09722222222222222
0 0.24036458333333333 0.6458333333333334 0.025520833333333333 0.11018518518518519
0 0.8671875 0.6314814814814815 0.011458333333333333 0.06296296296296296
0 0.23333333333333334 0.6550925925925926 0.041666666666666664 0.11944444444444445
0 0.8473958333333333 0.6328703703703704 0.013541666666666667 0.0712962962962963
0 0.31588541666666664 0.6513888888888889 0.03697916666666667 0.11018518518518519
0 0.86953125 0.6324074074074074 0.0140625 0.06296296296296296
0 0.8515625 0.6314814814814815 0.014583333333333334 0.06851851851851852
