3 0.10625 0.8527777777777777 0.21145833333333333 0.2814814814814815
2 0.86015625 0.5967592592592592 0.0828125 0.11018518518518519
2 0.43984375 0.5685185185185185 0.06197916666666667 0.07962962962962963
2 0.16875 0.6092592592592593 0.19270833333333334 0.25925925925925924
2 0.13307291666666668 0.6078703703703704 0.26614583333333336 0.262037037037037
3 0.39140625 0.6023148148148149 0.04010416666666667 0.0824074074074074
3 0.6130208333333333 0.6685185185185185 0.057291666666666664 0.13703703703703704
3 0.5018229166666667 0.6180555555555556 0.0453125 0.10277777777777777
2 0.63515625 0.5555555555555556 0.033854166666666664 0.05
2 0.3546875 0.5356481481481481 0.027083333333333334 0.032407407407407406
2 0.35104166666666664 0.5333333333333333 0.03333333333333333 0.02962962962962963
3 0.5291666666666667 0.5986111111111111 0.021875 0.06759259259259259
0 0.075 0.7208333333333333 0.15 0.5361111111111111
0 0.6119791666666666 0.611574074074074 0.058333333333333334 0.17685185185185184
0 0.5033854166666667 0.5814814814814815 0.0484375 0.11851851851851852
