3 0.26484375 0.8287037037037037 0.21614583333333334 0.3388888888888889
3 0.07942708333333333 0.6898148148148148 0.13802083333333334 0.17407407407407408
2 0.8078125 0.6041666666666666 0.07916666666666666 0.075
3 0.44505208333333335 0.6111111111111112 0.03177083333333333 0.08333333333333333
2 0.259375 0.6157407407407407 0.24270833333333333 0.20925925925925926
2 0.5125 0.5722222222222222 0.040625 0.05925925925925926
2 0.35260416666666666 0.5828703703703704 0.11145833333333334 0.1287037037037037
2 0.3299479166666667 0.5986111111111111 0.07135416666666666 0.15462962962962962
2 0.4744791666666667 0.5708333333333333 0.03125 0.03796296296296296
2 0.47421875 0.5638888888888889 0.033854166666666664 0.05
0 0.2677083333333333 0.7097222222222223 0.14166666666666666 0.42314814814814816
0 0.08489583333333334 0.6356481481481482 0.06979166666666667 0.2175925925925926
0 0.9817708333333334 0.6078703703703704 0.016666666666666666 0.08796296296296297
0 0.9559895833333333 0.6060185185185185 0.018229166666666668 0.09351851851851851
0 0.44296875 0.5986111111111111 0.033854166666666664 0.09722222222222222
