2 0.7940104166666667 0.6444444444444445 0.0765625 0.07037037037037037
3 0.05390625 0.7314814814814815 0.10677083333333333 0.13333333333333333
3 0.19791666666666666 0.6828703703703703 0.05416666666666667 0.09537037037037037
2 0.428125 0.625462962962963 0.042708333333333334 0.06388888888888888
3 0.49765625 0.6662037037037037 0.0296875 0.06759259259259259
3 0.2859375 0.6787037037037037 0.04895833333333333 0.0962962962962963
2 0.55703125 0.6185185185185185 0.03177083333333333 0.044444444444444446
2 0.46145833333333336 0.6203703703703703 0.028125 0.037037037037037035
2 0.50859375 0.624537037037037 0.0390625 0.06574074074074074
0 0.6403645833333333 0.6527777777777778 0.0265625 0.10555555555555556
0 0.20364583333333333 0.6537037037037037 0.035416666666666666 0.11851851851851852
0 0.05078125 0.6717592592592593 0.04739583333333333 0.16203703703703703
0 0.8489583333333334 0.6328703703703704 0.014583333333333334 0.07314814814814814
0 0.03984375 0.6773148148148148 0.0703125 0.175
0 0.86796875 0.6324074074074074 0.011979166666666667 0.06111111111111111
0 0.8703125 0.6328703703703704 0.013541666666666667 0.062037037037037036
0 0.0109375 0.6513888888888889 0.021875 0.13425925925925927
0 0.29244791666666664 0.6513888888888889 0.030729166666666665 0.11574074074074074
0 0.603125 0.6472222222222223 0.019791666666666666 0.06851851851851852
