3 0.1390625 0.7027777777777777 0.13333333333333333 0.19074074074074074
2 0.05416666666666667 0.6189814814814815 0.10833333333333334 0.19907407407407407
3 0.9252604166666667 0.7541666666666667 0.08697916666666666 0.15462962962962962
3 0.5421875 0.6337962962962963 0.029166666666666667 0.09166666666666666
2 0.42109375 0.5930555555555556 0.08489583333333334 0.12685185185185185
2 0.7830729166666667 0.5986111111111111 0.06302083333333333 0.06759259259259259
2 0.7541666666666667 0.5958333333333333 0.034375 0.058333333333333334
7 0.4328125 0.5916666666666667 0.10833333333333334 0.12962962962962962
2 0.35130208333333335 0.5615740740740741 0.03177083333333333 0.03611111111111111
2 0.3223958333333333 0.5574074074074075 0.026041666666666668 0.025925925925925925
2 0.4361979166666667 0.587037037037037 0.10260416666666666 0.12037037037037036
0 0.9221354166666667 0.6703703703703704 0.09114583333333333 0.26481481481481484
0 0.14088541666666668 0.6277777777777778 0.05260416666666667 0.22777777777777777
0 0.5596354166666667 0.5879629629629629 0.022395833333333334 0.08703703703703704
0 0.5395833333333333 0.5902777777777778 0.028125 0.09351851851851851
0 0.8677083333333333 0.6 0.01875 0.07407407407407407
0 0.82734375 0.5907407407407408 0.015104166666666667 0.07222222222222222
0 0.540625 0.6069444444444444 0.03229166666666667 0.11388888888888889
