2 0.1421875 0.6875 0.284375 0.3490740740740741
2 0.28880208333333335 0.5879629629629629 0.1578125 0.16296296296296298
2 0.7997395833333333 0.575 0.07864583333333333 0.07037037037037037
2 0.43854166666666666 0.5393518518518519 0.035416666666666666 0.05092592592592592
3 0.5984375 0.625 0.041666666666666664 0.1111111111111111
2 0.04765625 0.49398148148148147 0.0578125 0.030555555555555555
3 0.48385416666666664 0.6060185185185185 0.030208333333333334 0.06944444444444445
0 0.5984375 0.5726851851851852 0.04583333333333333 0.13240740740740742
0 0.9419270833333333 0.5736111111111111 0.015104166666666667 0.08055555555555556
0 0.9705729166666667 0.575 0.019270833333333334 0.08148148148148149
0 0.48203125 0.5819444444444445 0.0296875 0.11203703703703703
