2 0.8 0.625462962962963 0.07604166666666666 0.075
2 0.40286458333333336 0.6171296296296296 0.0640625 0.08981481481481482
3 0.48515625 0.7481481481481481 0.0828125 0.16296296296296298
2 0.5768229166666666 0.6060185185185185 0.0359375 0.04537037037037037
2 0.35182291666666665 0.5930555555555556 0.03802083333333333 0.03425925925925926
3 0.6390625 0.6407407407407407 0.019791666666666666 0.06111111111111111
2 0.31640625 0.5837962962962963 0.0296875 0.026851851851851852
3 0.055989583333333336 0.7407407407407407 0.11197916666666667 0.15
0 0.47734375 0.6791666666666667 0.058854166666666666 0.18796296296296297
0 0.5440104166666667 0.6180555555555556 0.016145833333333335 0.058333333333333334
0 0.6127604166666667 0.6148148148148148 0.013020833333333334 0.044444444444444446
0 0.8567708333333334 0.611574074074074 0.013541666666666667 0.07685185185185185
0 0.6393229166666666 0.638425925925926 0.019270833333333334 0.06574074074074074
