3 0.09635416666666667 0.7023148148148148 0.075 0.10833333333333334
3 0.21145833333333333 0.6995370370370371 0.06354166666666666 0.10462962962962963
2 0.7953125 0.6472222222222223 0.07604166666666666 0.07222222222222222
2 0.5026041666666666 0.6324074074074074 0.04583333333333333 0.07037037037037037
2 0.43020833333333336 0.6319444444444444 0.04583333333333333 0.06759259259259259
3 0.4705729166666667 0.6763888888888889 0.033854166666666664 0.08425925925925926
3 0.63515625 0.687962962962963 0.0234375 0.07407407407407407
2 0.5546875 0.6263888888888889 0.03125 0.03796296296296296
3 0.5942708333333333 0.6657407407407407 0.01875 0.06481481481481481
2 0.34348958333333335 0.6203703703703703 0.03177083333333333 0.03333333333333333
0 0.6338541666666667 0.6597222222222222 0.03125 0.11944444444444445
0 0.10416666666666667 0.6643518518518519 0.03958333333333333 0.1361111111111111
0 0.85234375 0.6393518518518518 0.018229166666666668 0.0787037037037037
0 0.209375 0.6587962962962963 0.051041666666666666 0.1287037037037037
0 0.21666666666666667 0.6638888888888889 0.035416666666666666 0.1388888888888889
0 0.5940104166666667 0.6583333333333333 0.0203125 0.07407407407407407
0 0.2171875 0.6560185185185186 0.046875 0.12314814814814815
