3 0.14114583333333333 0.8282407407407407 0.28229166666666666 0.32685185185185184
2 0.7919270833333333 0.6435185185185185 0.07864583333333333 0.07222222222222222
2 0.42552083333333335 0.624537037037037 0.040625 0.058333333333333334
2 0.5546875 0.6171296296296296 0.03125 0.041666666666666664
2 0.4940104166666667 0.6259259259259259 0.04114583333333333 0.06296296296296296
3 0.3463541666666667 0.6717592592592593 0.0375 0.06944444444444445
2 0.46145833333333336 0.6180555555555556 0.026041666666666668 0.03611111111111111
2 0.30520833333333336 0.6078703703703704 0.0375 0.04351851851851852
3 0.27734375 0.6666666666666666 0.03802083333333333 0.07777777777777778
1 0.278125 0.6671296296296296 0.03854166666666667 0.075
0 0.1515625 0.7578703703703704 0.13645833333333332 0.44907407407407407
0 0.6442708333333333 0.649537037037037 0.019791666666666666 0.08981481481481482
0 0.51796875 0.6518518518518519 0.021354166666666667 0.06666666666666667
0 0.278125 0.6481481481481481 0.0375 0.10740740740740741
0 0.08333333333333333 0.5976851851851852 0.040625 0.0712962962962963
0 0.35494791666666664 0.6462962962962963 0.025520833333333333 0.1
0 0.05130208333333333 0.5986111111111111 0.04010416666666667 0.06944444444444445
0 0.8424479166666666 0.6365740740740741 0.016145833333333335 0.06574074074074074
0 0.8658854166666666 0.6324074074074074 0.0140625 0.06111111111111111
0 0.3484375 0.65 0.03854166666666667 0.10185185185185185
