2 0.14583333333333334 0.6314814814814815 0.28958333333333336 0.25
2 0.8106770833333333 0.6060185185185185 0.07552083333333333 0.075
3 0.4140625 0.6217592592592592 0.03854166666666667 0.08611111111111111
2 0.32890625 0.5912037037037037 0.10885416666666667 0.13796296296296295
2 0.44557291666666665 0.5777777777777777 0.033854166666666664 0.04814814814814815
2 0.5106770833333333 0.575 0.0359375 0.05925925925925926
2 0.4739583333333333 0.5699074074074074 0.029166666666666667 0.041666666666666664
5 0.6447916666666667 0.6013888888888889 0.053125 0.1527777777777778
0 0.95625 0.611574074074074 0.017708333333333333 0.09351851851851851
0 0.9833333333333333 0.6097222222222223 0.017708333333333333 0.08981481481481482
0 0.415625 0.5898148148148148 0.028125 0.0962962962962963
0 0.41484375 0.6129629629629629 0.03697916666666667 0.09259259259259259
