2 0.5997395833333333 0.5726851851851852 0.0640625 0.09166666666666666
3 0.1625 0.7134259259259259 0.17708333333333334 0.26944444444444443
2 0.80234375 0.575 0.07760416666666667 0.07037037037037037
2 0.3546875 0.5731481481481482 0.09166666666666666 0.09814814814814815
3 0.27005208333333336 0.6069444444444444 0.0578125 0.09537037037037037
2 0.49895833333333334 0.5546296296296296 0.041666666666666664 0.07037037037037037
3 0.42135416666666664 0.6333333333333333 0.05520833333333333 0.12407407407407407
3 0.08385416666666666 0.6203703703703703 0.08958333333333333 0.13518518518518519
3 0.6515625 0.6134259259259259 0.030208333333333334 0.08611111111111111
3 0.47578125 0.5828703703703704 0.025520833333333333 0.0712962962962963
3 0.07135416666666666 0.6138888888888889 0.065625 0.14814814814814814
0 0.17447916666666666 0.6291666666666667 0.078125 0.30092592592592593
0 0.6494791666666667 0.5912037037037037 0.034375 0.1175925925925926
0 0.26927083333333335 0.5763888888888888 0.04895833333333333 0.1287037037037037
0 0.08776041666666666 0.5828703703703704 0.033854166666666664 0.15833333333333333
0 0.42916666666666664 0.5907407407407408 0.035416666666666666 0.14074074074074075
0 0.8932291666666666 0.5675925925925925 0.015625 0.07962962962962963
0 0.41901041666666666 0.5875 0.04739583333333333 0.14351851851851852
0 0.6916666666666667 0.575462962962963 0.023958333333333335 0.08425925925925926
0 0.8817708333333333 0.5652777777777778 0.013541666666666667 0.0787037037037037
