2 0.26875 0.5819444444444445 0.12291666666666666 0.1287037037037037
2 0.8018229166666667 0.5740740740740741 0.07760416666666667 0.07037037037037037
2 0.4791666666666667 0.562037037037037 0.058333333333333334 0.09074074074074075
3 0.18046875 0.6435185185185185 0.1015625 0.16666666666666666
2 0.58046875 0.5837962962962963 0.0671875 0.11018518518518519
3 0.6794270833333333 0.6171296296296296 0.03177083333333333 0.08981481481481482
3 0.53671875 0.6814814814814815 0.05677083333333333 0.1388888888888889
2 0.3536458333333333 0.5337962962962963 0.03333333333333333 0.03796296296296296
3 0.0140625 0.6671296296296296 0.028125 0.15462962962962962
2 0.31588541666666664 0.5300925925925926 0.04114583333333333 0.04351851851851852
3 0.013541666666666667 0.6453703703703704 0.027083333333333334 0.10740740740740741
3 0.40963541666666664 0.6027777777777777 0.0390625 0.09074074074074075
0 0.18802083333333333 0.5879629629629629 0.046875 0.19444444444444445
0 0.5338541666666666 0.611574074074074 0.058333333333333334 0.20462962962962963
0 0.40130208333333334 0.5921296296296297 0.0234375 0.09722222222222222
0 0.67734375 0.5861111111111111 0.03177083333333333 0.10185185185185185
0 0.8932291666666666 0.5708333333333333 0.017708333333333333 0.0787037037037037
0 0.634375 0.5671296296296297 0.016666666666666666 0.06574074074074074
0 0.6729166666666667 0.5722222222222222 0.022916666666666665 0.07777777777777778
0 0.9177083333333333 0.5726851851851852 0.0125 0.07685185185185185
0 0.40989583333333335 0.5902777777777778 0.040625 0.09166666666666666
