3 0.4583333333333333 0.6351851851851852 0.03958333333333333 0.09259259259259259
3 0.9239583333333333 0.7384259259259259 0.08645833333333333 0.18055555555555555
2 0.7875 0.6023148148148149 0.07604166666666666 0.0712962962962963
3 0.36666666666666664 0.6805555555555556 0.075 0.16666666666666666
2 0.56171875 0.5768518518518518 0.0390625 0.06296296296296296
2 0.26796875 0.6055555555555555 0.18802083333333333 0.1962962962962963
7 0.2669270833333333 0.6060185185185185 0.18697916666666667 0.19722222222222222
3 0.5002604166666667 0.5962962962962963 0.022395833333333334 0.06111111111111111
2 0.7979166666666667 0.6046296296296296 0.057291666666666664 0.07037037037037037
3 0.9166666666666666 0.749537037037037 0.06875 0.15648148148148147
0 0.9203125 0.6601851851851852 0.09479166666666666 0.2518518518518518
0 0.5302083333333333 0.5875 0.021875 0.10462962962962963
0 0.365625 0.625462962962963 0.06666666666666667 0.20833333333333334
0 0.5005208333333333 0.5893518518518519 0.022916666666666665 0.075
0 0.8541666666666666 0.5939814814814814 0.01875 0.062037037037037036
0 0.4557291666666667 0.6013888888888889 0.040625 0.12314814814814815
0 0.6450520833333333 0.5837962962962963 0.016145833333333335 0.06388888888888888
