2 0.4080729166666667 0.5791666666666667 0.0671875 0.08055555555555556
3 0.0265625 0.7129629629629629 0.053125 0.16296296296296298
2 0.8348958333333333 0.5972222222222222 0.07083333333333333 0.07962962962962963
2 0.51953125 0.5745370370370371 0.05677083333333333 0.09166666666666666
3 0.45807291666666666 0.6773148148148148 0.0734375 0.16018518518518518
3 0.27317708333333335 0.612037037037037 0.04635416666666667 0.08333333333333333
3 0.7033854166666667 0.600462962962963 0.021354166666666667 0.062037037037037036
2 0.3658854166666667 0.549537037037037 0.030729166666666665 0.03425925925925926
0 0.4635416666666667 0.6217592592592592 0.06354166666666666 0.20092592592592592
0 0.703125 0.5958333333333333 0.020833333333333332 0.062037037037037036
0 0.9919270833333333 0.5962962962962963 0.015104166666666667 0.10740740740740741
