2 0.5083333333333333 0.6018518518518519 0.1375 0.15555555555555556
2 0.096875 0.5981481481481481 0.19375 0.18518518518518517
2 0.80078125 0.5745370370370371 0.07760416666666667 0.0712962962962963
2 0.4393229166666667 0.5699074074074074 0.0703125 0.10092592592592593
3 0.6067708333333334 0.6662037037037037 0.053125 0.14351851851851852
3 0.022916666666666665 0.8495370370370371 0.04583333333333333 0.30092592592592593
3 0.26458333333333334 0.6199074074074075 0.075 0.13240740740740742
3 0.3684895833333333 0.575462962962963 0.0296875 0.06574074074074074
2 0.31640625 0.5282407407407408 0.0421875 0.041666666666666664
0 0.6049479166666667 0.5972222222222222 0.05572916666666667 0.1814814814814815
0 0.26848958333333334 0.5726851851851852 0.06197916666666667 0.15833333333333333
