3 0.15286458333333333 0.7449074074074075 0.19427083333333334 0.24351851851851852
2 0.8018229166666667 0.5773148148148148 0.07864583333333333 0.0712962962962963
2 0.6088541666666667 0.5662037037037037 0.051041666666666666 0.0712962962962963
2 0.14583333333333334 0.6101851851851852 0.2916666666666667 0.23703703703703705
2 0.23411458333333332 0.6027777777777777 0.1171875 0.19814814814814816
3 0.51875 0.6282407407407408 0.057291666666666664 0.12129629629629629
2 0.054427083333333334 0.5467592592592593 0.10885416666666667 0.10277777777777777
3 0.67421875 0.5828703703703704 0.025520833333333333 0.062037037037037036
2 0.41953125 0.5583333333333333 0.033854166666666664 0.07037037037037037
3 0.42682291666666666 0.5685185185185185 0.0328125 0.07222222222222222
2 0.055989583333333336 0.5319444444444444 0.11197916666666667 0.06944444444444445
3 0.37083333333333335 0.6046296296296296 0.042708333333333334 0.08888888888888889
2 0.3182291666666667 0.5365740740740741 0.035416666666666666 0.03425925925925926
2 0.0546875 0.5685185185185185 0.109375 0.14814814814814814
2 0.07421875 0.6324074074074074 0.1484375 0.20185185185185187
0 0.1609375 0.6365740740740741 0.078125 0.3194444444444444
0 0.2986979166666667 0.575 0.034895833333333334 0.1111111111111111
0 0.5096354166666667 0.5773148148148148 0.043229166666666666 0.12685185185185185
0 0.6731770833333334 0.5791666666666667 0.024479166666666666 0.06388888888888888
0 0.3809895833333333 0.5722222222222222 0.034895833333333334 0.11666666666666667
0 0.89296875 0.5694444444444444 0.0171875 0.07592592592592592
0 0.5260416666666666 0.5731481481481482 0.057291666666666664 0.13148148148148148
0 0.8783854166666667 0.5694444444444444 0.015104166666666667 0.07777777777777778
