2 0.6083333333333333 0.5657407407407408 0.053125 0.07407407407407407
2 0.8018229166666667 0.5763888888888888 0.07864583333333333 0.0712962962962963
2 0.17083333333333334 0.6037037037037037 0.18854166666666666 0.21851851851851853
3 0.08463541666666667 0.7342592592592593 0.16927083333333334 0.28703703703703703
3 0.49270833333333336 0.6393518518518518 0.06145833333333333 0.12314814814814815
3 0.35390625 0.6055555555555555 0.0453125 0.09259259259259259
2 0.41328125 0.5643518518518519 0.049479166666666664 0.08055555555555556
3 0.27890625 0.5912037037037037 0.043229166666666666 0.09907407407407408
2 0.019270833333333334 0.5328703703703703 0.03854166666666667 0.0712962962962963
0 0.05416666666666667 0.6486111111111111 0.10208333333333333 0.36203703703703705
0 0.4947916666666667 0.5939814814814814 0.040625 0.16203703703703703
0 0.27786458333333336 0.5777777777777777 0.0421875 0.11851851851851852
0 0.66875 0.5791666666666667 0.016666666666666666 0.06759259259259259
0 0.48671875 0.5962962962962963 0.049479166666666664 0.16666666666666666
0 0.89375 0.5689814814814815 0.016666666666666666 0.07685185185185185
0 0.6848958333333334 0.5740740740740741 0.015625 0.06111111111111111
0 0.8791666666666667 0.5675925925925925 0.013541666666666667 0.07592592592592592
0 0.53046875 0.5893518518518519 0.027604166666666666 0.09537037037037037
0 0.27421875 0.5717592592592593 0.03177083333333333 0.11018518518518519
