3 0.37838541666666664 0.8171296296296297 0.1546875 0.30277777777777776
3 0.17369791666666667 0.7393518518518518 0.1640625 0.2824074074074074
2 0.4903645833333333 0.6240740740740741 0.043229166666666666 0.06111111111111111
2 0.7893229166666667 0.6472222222222223 0.07760416666666667 0.07222222222222222
2 0.46041666666666664 0.6180555555555556 0.026041666666666668 0.03611111111111111
2 0.5518229166666667 0.6189814814814815 0.0390625 0.04351851851851852
2 0.42109375 0.6203703703703703 0.04010416666666667 0.05
3 0.3143229166666667 0.6638888888888889 0.0296875 0.08148148148148149
3 0.246875 0.6620370370370371 0.06354166666666666 0.13703703703703704
7 0.052083333333333336 0.6824074074074075 0.10416666666666667 0.2814814814814815
3 0.25494791666666666 0.6763888888888889 0.04739583333333333 0.10648148148148148
2 0.340625 0.6092592592592593 0.03229166666666667 0.037037037037037035
0 0.38359375 0.7125 0.1046875 0.3194444444444444
0 0.178125 0.6796296296296296 0.06666666666666667 0.25925925925925924
0 0.6455729166666667 0.6453703703703704 0.019270833333333334 0.08703703703703704
0 0.5255208333333333 0.6509259259259259 0.020833333333333332 0.06481481481481481
