2 0.5643229166666667 0.5967592592592592 0.05677083333333333 0.08796296296296297
3 0.26536458333333335 0.674074074074074 0.09114583333333333 0.15185185185185185
2 0.7880208333333333 0.6092592592592593 0.078125 0.07222222222222222
3 0.14296875 0.6416666666666667 0.0890625 0.10925925925925926
3 0.9513020833333333 0.7439814814814815 0.0953125 0.1675925925925926
2 0.30546875 0.5587962962962963 0.03802083333333333 0.03796296296296296
3 0.6265625 0.6203703703703703 0.01875 0.04259259259259259
2 0.40572916666666664 0.5680555555555555 0.03229166666666667 0.030555555555555555
2 0.51328125 0.5805555555555556 0.0296875 0.040740740740740744
0 0.265625 0.6171296296296296 0.06354166666666666 0.19907407407407407
0 0.9364583333333333 0.6666666666666666 0.06666666666666667 0.24074074074074073
0 0.14557291666666666 0.6013888888888889 0.03802083333333333 0.1398148148148148
0 0.9736979166666667 0.6717592592592593 0.0390625 0.20092592592592592
0 0.13411458333333334 0.6041666666666666 0.058854166666666666 0.14351851851851852
0 0.6830729166666667 0.5800925925925926 0.0171875 0.03611111111111111
0 0.6864583333333333 0.6129629629629629 0.01875 0.05555555555555555
