3 0.4421875 0.6356481481481482 0.04375 0.10462962962962963
2 0.7880208333333333 0.6032407407407407 0.075 0.07314814814814814
3 0.9231770833333334 0.7388888888888889 0.0921875 0.1814814814814815
2 0.5627604166666667 0.5805555555555556 0.04114583333333333 0.06296296296296296
3 0.32005208333333335 0.6944444444444444 0.09114583333333333 0.1814814814814815
3 0.48880208333333336 0.600925925925926 0.025520833333333333 0.06111111111111111
3 0.5247395833333334 0.6129629629629629 0.0234375 0.07037037037037037
7 0.25026041666666665 0.6097222222222223 0.2390625 0.2101851851851852
2 0.24765625 0.6083333333333333 0.23489583333333333 0.2074074074074074
0 0.9171875 0.6643518518518519 0.09479166666666666 0.2564814814814815
0 0.32083333333333336 0.6277777777777778 0.07604166666666666 0.22037037037037038
0 0.44088541666666664 0.5976851851851852 0.0390625 0.1398148148148148
0 0.5223958333333333 0.5916666666666667 0.023958333333333335 0.1037037037037037
0 0.48880208333333336 0.5856481481481481 0.025520833333333333 0.08425925925925926
0 0.8669270833333333 0.5884259259259259 0.015104166666666667 0.07685185185185185
0 0.8533854166666667 0.6018518518518519 0.0203125 0.06111111111111111
0 0.5244791666666667 0.6087962962962963 0.026041666666666668 0.0787037037037037
