3 0.9291666666666667 0.7430555555555556 0.08958333333333333 0.17314814814814813
2 0.78359375 0.6027777777777777 0.0796875 0.06666666666666667
3 0.5005208333333333 0.649074074074074 0.04479166666666667 0.11296296296296296
2 0.3893229166666667 0.5953703703703703 0.13385416666666666 0.14814814814814814
2 0.31536458333333334 0.5550925925925926 0.030729166666666665 0.030555555555555555
3 0.55625 0.6032407407407407 0.019791666666666666 0.05277777777777778
0 0.9265625 0.6615740740740741 0.08854166666666667 0.25277777777777777
0 0.6325520833333333 0.5800925925925926 0.016145833333333335 0.05462962962962963
0 0.5013020833333334 0.6138888888888889 0.050520833333333334 0.14814814814814814
0 0.8807291666666667 0.5884259259259259 0.014583333333333334 0.0787037037037037
0 0.8643229166666667 0.5981481481481481 0.0171875 0.06666666666666667
0 0.86328125 0.6041666666666666 0.021354166666666667 0.07685185185185185
