2 0.09036458333333333 0.6273148148148148 0.18072916666666666 0.23425925925925925
2 0.7986979166666667 0.5810185185185185 0.07760416666666667 0.075
3 0.37552083333333336 0.6333333333333333 0.05520833333333333 0.12037037037037036
3 0.4627604166666667 0.6814814814814815 0.0890625 0.18703703703703703
3 0.6158854166666666 0.5967592592592592 0.027604166666666666 0.07314814814814814
2 0.5033854166666667 0.5555555555555556 0.0484375 0.07222222222222222
3 0.5653645833333333 0.5805555555555556 0.021354166666666667 0.06111111111111111
3 0.46067708333333335 0.7032407407407407 0.08177083333333333 0.14166666666666666
0 0.46145833333333336 0.6185185185185185 0.075 0.2388888888888889
0 0.9466145833333334 0.5824074074074074 0.018229166666666668 0.08148148148148149
0 0.37552083333333336 0.5819444444444445 0.04895833333333333 0.15092592592592594
0 0.97734375 0.5810185185185185 0.018229166666666668 0.075
0 0.615625 0.5824074074074074 0.030208333333333334 0.09444444444444444
