2 0.821875 0.6023148148148149 0.07083333333333333 0.0787037037037037
7 0.10338541666666666 0.5921296296296297 0.20677083333333332 0.2064814814814815
7 0.5161458333333333 0.6569444444444444 0.19166666666666668 0.35462962962962963
3 0.415625 0.6175925925925926 0.03229166666666667 0.12037037037037036
3 0.05 0.6643518518518519 0.1 0.14351851851851852
3 0.41458333333333336 0.6365740740740741 0.030208333333333334 0.08425925925925926
3 0.38333333333333336 0.5981481481481481 0.027083333333333334 0.05925925925925926
2 0.32916666666666666 0.5513888888888889 0.029166666666666667 0.03425925925925926
0 0.033854166666666664 0.6134259259259259 0.0625 0.18796296296296297
0 0.6783854166666666 0.5898148148148148 0.016145833333333335 0.05185185185185185
0 0.9927083333333333 0.6050925925925926 0.013541666666666667 0.09166666666666666
0 0.9778645833333334 0.6023148148148149 0.0203125 0.10648148148148148
