2 0.26197916666666665 0.6023148148148149 0.16145833333333334 0.14722222222222223
2 0.49192708333333335 0.5824074074074074 0.06510416666666667 0.0962962962962963
3 0.4354166666666667 0.6356481481481482 0.04479166666666667 0.11018518518518519
2 0.023958333333333335 0.6310185185185185 0.04791666666666667 0.1824074074074074
3 0.915625 0.763425925925926 0.06979166666666667 0.16574074074074074
2 0.5450520833333333 0.575 0.03177083333333333 0.04259259259259259
3 0.015104166666666667 0.7564814814814815 0.030208333333333334 0.2037037037037037
3 0.9213541666666667 0.7398148148148148 0.08854166666666667 0.2037037037037037
2 0.7606770833333333 0.5986111111111111 0.06302083333333333 0.062037037037037036
3 0.5833333333333334 0.611574074074074 0.03333333333333333 0.06759259259259259
3 0.5885416666666666 0.6125 0.023958333333333335 0.06574074074074074
2 0.36276041666666664 0.562037037037037 0.034895833333333334 0.03518518518518519
0 0.9268229166666667 0.6833333333333333 0.10885416666666667 0.28888888888888886
0 0.8276041666666667 0.5902777777777778 0.015625 0.0712962962962963
0 0.43307291666666664 0.5981481481481481 0.04010416666666667 0.13333333333333333
0 0.8809895833333333 0.6041666666666666 0.018229166666666668 0.06388888888888888
0 0.5859375 0.5902777777777778 0.029166666666666667 0.08055555555555556
