2 0.5669270833333333 0.5907407407407408 0.0515625 0.08148148148148149
3 0.3684895833333333 0.6518518518518519 0.059895833333333336 0.12222222222222222
3 0.26875 0.6259259259259259 0.0625 0.1
3 0.94375 0.7384259259259259 0.11041666666666666 0.1935185185185185
2 0.7893229166666667 0.6078703703703704 0.07760416666666667 0.0712962962962963
3 0.0265625 0.7236111111111111 0.053125 0.2101851851851852
2 0.5161458333333333 0.575 0.030208333333333334 0.046296296296296294
3 0.9229166666666667 0.7541666666666667 0.06770833333333333 0.14722222222222223
3 0.020052083333333335 0.7333333333333333 0.04010416666666667 0.1925925925925926
2 0.30572916666666666 0.5583333333333333 0.035416666666666666 0.03333333333333333
0 0.36666666666666664 0.6069444444444444 0.052083333333333336 0.16944444444444445
0 0.9255208333333333 0.6666666666666666 0.07604166666666666 0.25
0 0.26927083333333335 0.5907407407407408 0.035416666666666666 0.11851851851851852
0 0.9609375 0.674074074074074 0.075 0.26851851851851855
0 0.9455729166666667 0.6763888888888889 0.10572916666666667 0.275
0 0.6786458333333333 0.5995370370370371 0.01875 0.06944444444444445
0 0.2643229166666667 0.5976851851851852 0.0484375 0.13055555555555556
0 0.82890625 0.6013888888888889 0.018229166666666668 0.07314814814814814
