3 0.92890625 0.7439814814814815 0.09010416666666667 0.1712962962962963
3 0.4908854166666667 0.6486111111111111 0.0421875 0.11388888888888889
2 0.7830729166666667 0.6023148148148149 0.07760416666666667 0.06759259259259259
7 0.38255208333333335 0.5953703703703703 0.14010416666666667 0.15185185185185185
2 0.38229166666666664 0.5944444444444444 0.140625 0.15
3 0.5541666666666667 0.6 0.01875 0.06111111111111111
0 0.9260416666666667 0.6587962962962963 0.08854166666666667 0.25277777777777777
0 0.4895833333333333 0.6152777777777778 0.04479166666666667 0.14166666666666666
0 0.6325520833333333 0.5796296296296296 0.0171875 0.053703703703703705
0 0.8799479166666667 0.5888888888888889 0.015104166666666667 0.07777777777777778
0 0.8638020833333333 0.5976851851851852 0.018229166666666668 0.06388888888888888
