2 0.8276041666666667 0.600462962962963 0.06979166666666667 0.08055555555555556
3 0.5458333333333333 0.6472222222222223 0.04479166666666667 0.12037037037037036
2 0.43203125 0.5782407407407407 0.0578125 0.075
2 0.47265625 0.562037037037037 0.03177083333333333 0.04814814814814815
2 0.5174479166666667 0.5689814814814815 0.044270833333333336 0.07685185185185185
7 0.22265625 0.7273148148148149 0.4453125 0.49166666666666664
2 0.225 0.7013888888888888 0.45 0.5657407407407408
0 0.5458333333333333 0.6046296296296296 0.046875 0.14629629629629629
0 0.6924479166666667 0.5939814814814814 0.018229166666666668 0.058333333333333334
0 0.9877604166666667 0.6 0.022395833333333334 0.10740740740740741
