2 0.7986979166666667 0.5828703703703704 0.07864583333333333 0.07685185185185185
3 0.20833333333333334 0.7615740740740741 0.20833333333333334 0.31203703703703706
2 0.4390625 0.5518518518518518 0.042708333333333334 0.06851851851851852
2 0.49114583333333334 0.5587962962962963 0.05520833333333333 0.08055555555555556
3 0.5979166666666667 0.6162037037037037 0.03125 0.0824074074074074
3 0.39375 0.6106481481481482 0.040625 0.09907407407407408
3 0.5390625 0.5930555555555556 0.023958333333333335 0.06759259259259259
2 0.31666666666666665 0.5375 0.030208333333333334 0.030555555555555555
3 0.6533854166666667 0.5958333333333333 0.019270833333333334 0.049074074074074076
3 0.3619791666666667 0.5925925925925926 0.021875 0.06666666666666667
2 0.34479166666666666 0.538425925925926 0.028125 0.032407407407407406
0 0.22421875 0.6509259259259259 0.09322916666666667 0.36666666666666664
0 0.39505208333333336 0.5800925925925926 0.034895833333333334 0.13425925925925927
0 0.27369791666666665 0.6129629629629629 0.0546875 0.2740740740740741
0 0.59765625 0.5935185185185186 0.0328125 0.10740740740740741
0 0.9799479166666667 0.5875 0.016145833333333335 0.0824074074074074
0 0.6533854166666667 0.5944444444444444 0.019270833333333334 0.05
0 0.9458333333333333 0.5837962962962963 0.015625 0.08055555555555556
0 0.5385416666666667 0.5837962962962963 0.025 0.0824074074074074
