2 0.81953125 0.6018518518518519 0.0734375 0.07777777777777778
3 0.20338541666666668 0.6402777777777777 0.10364583333333334 0.14537037037037037
7 0.140625 0.5962962962962963 0.2625 0.2037037037037037
3 0.4708333333333333 0.6194444444444445 0.03125 0.08518518518518518
2 0.4427083333333333 0.575 0.036458333333333336 0.05740740740740741
2 0.11588541666666667 0.5976851851851852 0.21197916666666666 0.20277777777777778
2 0.5145833333333333 0.5726851851851852 0.034375 0.06388888888888888
2 0.3580729166666667 0.5550925925925926 0.0328125 0.03796296296296296
3 0.4005208333333333 0.5893518518518519 0.022916666666666665 0.06388888888888888
2 0.3645833333333333 0.5550925925925926 0.03333333333333333 0.03796296296296296
0 0.46927083333333336 0.5925925925925926 0.03333333333333333 0.10925925925925926
0 0.9921875 0.6046296296296296 0.014583333333333334 0.09814814814814815
0 0.6700520833333333 0.5888888888888889 0.0140625 0.04814814814814815
0 0.9697916666666667 0.6083333333333333 0.025 0.11851851851851852
0 0.4708333333333333 0.5768518518518518 0.03229166666666667 0.06851851851851852
0 0.9776041666666667 0.6041666666666666 0.019791666666666666 0.10462962962962963
0 0.9807291666666667 0.6046296296296296 0.015625 0.10925925925925926
