3 0.21848958333333332 0.7560185185185185 0.17864583333333334 0.2916666666666667
3 0.07604166666666666 0.6777777777777778 0.140625 0.1814814814814815
2 0.8028645833333333 0.5962962962962963 0.07760416666666667 0.07037037037037037
3 0.57265625 0.6958333333333333 0.05364583333333333 0.15833333333333333
2 0.4158854166666667 0.5935185185185186 0.0953125 0.14814814814814814
3 0.3690104166666667 0.6347222222222222 0.0640625 0.12129629629629629
2 0.5111979166666667 0.5662037037037037 0.033854166666666664 0.05092592592592592
2 0.6591145833333333 0.5958333333333333 0.04010416666666667 0.08981481481481482
3 0.490625 0.5995370370370371 0.020833333333333332 0.05277777777777778
0 0.2390625 0.6606481481481481 0.08020833333333334 0.30833333333333335
0 0.5692708333333333 0.6356481481481482 0.06458333333333334 0.19722222222222222
0 0.09036458333333333 0.6208333333333333 0.049479166666666664 0.20277777777777778
0 0.9768229166666667 0.5990740740740741 0.018229166666666668 0.09259259259259259
0 0.12526041666666668 0.6060185185185185 0.033854166666666664 0.17685185185185184
0 0.37578125 0.6023148148148149 0.04114583333333333 0.1527777777777778
0 0.23854166666666668 0.5722222222222222 0.07916666666666666 0.13518518518518519
0 0.9526041666666667 0.5916666666666667 0.014583333333333334 0.0962962962962963
