2 0.7942708333333334 0.6435185185185185 0.07708333333333334 0.07037037037037037
3 0.3307291666666667 0.6680555555555555 0.03854166666666667 0.08611111111111111
2 0.42630208333333336 0.624537037037037 0.04114583333333333 0.06018518518518518
2 0.5559895833333334 0.6180555555555556 0.030729166666666665 0.04351851851851852
2 0.49140625 0.6356481481481482 0.03177083333333333 0.04722222222222222
3 0.25729166666666664 0.6726851851851852 0.040625 0.08425925925925926
2 0.46197916666666666 0.6189814814814815 0.027083333333333334 0.03796296296296296
3 0.5143229166666666 0.6569444444444444 0.0234375 0.06944444444444445
2 0.49270833333333336 0.6273148148148148 0.03333333333333333 0.05462962962962963
3 0.075 0.837037037037037 0.15 0.31851851851851853
3 0.11901041666666666 0.712037037037037 0.1546875 0.1425925925925926
0 0.25729166666666664 0.6583333333333333 0.040625 0.10740740740740741
0 0.8669270833333333 0.6300925925925925 0.013020833333333334 0.06574074074074074
0 0.8447916666666667 0.6337962962962963 0.015625 0.06944444444444445
0 0.06927083333333334 0.7773148148148148 0.13854166666666667 0.4287037037037037
0 0.6432291666666666 0.6486111111111111 0.021875 0.09166666666666666
0 0.33151041666666664 0.6527777777777778 0.04010416666666667 0.10555555555555556
0 0.1578125 0.6537037037037037 0.03125 0.12777777777777777
0 0.26015625 0.649537037037037 0.0328125 0.09537037037037037
0 0.86953125 0.6305555555555555 0.0140625 0.06666666666666667
0 0.6075520833333333 0.6453703703703704 0.016145833333333335 0.05925925925925926
0 0.13333333333333333 0.6893518518518519 0.04479166666666667 0.1175925925925926
0 0.3390625 0.6462962962962963 0.026041666666666668 0.10185185185185185
0 0.51328125 0.6555555555555556 0.0234375 0.07037037037037037
