2 0.1578125 0.6064814814814815 0.22708333333333333 0.16111111111111112
2 0.86171875 0.5884259259259259 0.07135416666666666 0.09166666666666666
2 0.45703125 0.5828703703703704 0.1203125 0.14537037037037037
3 0.6822916666666666 0.6569444444444444 0.03854166666666667 0.09722222222222222
2 0.6049479166666667 0.5523148148148148 0.022395833333333334 0.04351851851851852
2 0.3841145833333333 0.5416666666666666 0.030729166666666665 0.037037037037037035
2 0.34479166666666666 0.5333333333333333 0.035416666666666666 0.025925925925925925
3 0.5885416666666666 0.5787037037037037 0.022916666666666665 0.06111111111111111
2 0.35208333333333336 0.5365740740740741 0.027083333333333334 0.032407407407407406
2 0.3893229166666667 0.5407407407407407 0.0328125 0.037037037037037035
0 0.6807291666666667 0.6134259259259259 0.040625 0.1361111111111111
0 0.5872395833333334 0.5680555555555555 0.0265625 0.0824074074074074
