2 0.2328125 0.5847222222222223 0.16354166666666667 0.13796296296296295
3 0.11588541666666667 0.6569444444444444 0.12447916666666667 0.18796296296296297
2 0.8010416666666667 0.5740740740740741 0.07708333333333334 0.07037037037037037
2 0.5692708333333333 0.5861111111111111 0.09479166666666666 0.12037037037037036
3 0.6736979166666667 0.6208333333333333 0.033854166666666664 0.09722222222222222
3 0.49661458333333336 0.6833333333333333 0.07760416666666667 0.18888888888888888
2 0.3528645833333333 0.5314814814814814 0.04114583333333333 0.040740740740740744
1 0.49609375 0.6865740740740741 0.0796875 0.18425925925925926
2 0.3151041666666667 0.5324074074074074 0.04479166666666667 0.03888888888888889
3 0.39739583333333334 0.5958333333333333 0.04895833333333333 0.10648148148148148
0 0.12395833333333334 0.5976851851851852 0.05625 0.21388888888888888
0 0.4940104166666667 0.6162037037037037 0.06614583333333333 0.2212962962962963
0 0.6723958333333333 0.5842592592592593 0.035416666666666666 0.1037037037037037
0 0.6359375 0.5680555555555555 0.016666666666666666 0.06759259259259259
0 0.9440104166666666 0.5736111111111111 0.0203125 0.08425925925925926
0 0.8934895833333333 0.5717592592592593 0.016145833333333335 0.07685185185185185
