2 0.24088541666666666 0.5837962962962963 0.15677083333333333 0.13425925925925927
3 0.13125 0.6550925925925926 0.121875 0.18425925925925926
2 0.80078125 0.5740740740740741 0.0765625 0.07037037037037037
2 0.5721354166666667 0.5847222222222223 0.09010416666666667 0.11944444444444445
3 0.6752604166666667 0.6199074074074075 0.034895833333333334 0.09537037037037037
2 0.47291666666666665 0.5583333333333333 0.053125 0.09444444444444444
3 0.50546875 0.6805555555555556 0.07552083333333333 0.18333333333333332
2 0.35260416666666666 0.5324074074074074 0.036458333333333336 0.03888888888888889
2 0.31692708333333336 0.5333333333333333 0.04010416666666667 0.037037037037037035
0 0.13854166666666667 0.5902777777777778 0.052083333333333336 0.20092592592592592
0 0.50390625 0.6226851851851852 0.058854166666666666 0.23425925925925925
0 0.6734375 0.5828703703703704 0.034375 0.10833333333333334
0 0.39010416666666664 0.5944444444444444 0.026041666666666668 0.0962962962962963
0 0.6354166666666666 0.5699074074074074 0.016666666666666666 0.06388888888888888
0 0.94375 0.575462962962963 0.01875 0.0824074074074074
0 0.12838541666666667 0.5939814814814814 0.0734375 0.20092592592592592
0 0.39765625 0.5921296296296297 0.043229166666666666 0.10462962962962963
0 0.8932291666666666 0.5722222222222222 0.015625 0.07592592592592592
