2 0.8567708333333334 0.5875 0.07395833333333333 0.08796296296296297
2 0.25 0.5981481481481481 0.17395833333333333 0.13518518518518519
2 0.48020833333333335 0.5796296296296296 0.1 0.1259259259259259
2 0.34322916666666664 0.5356481481481481 0.036458333333333336 0.032407407407407406
3 0.7020833333333333 0.6361111111111111 0.03333333333333333 0.09444444444444444
2 0.38046875 0.5393518518518519 0.03697916666666667 0.041666666666666664
2 0.37864583333333335 0.5425925925925926 0.03125 0.03518518518518519
3 0.590625 0.5810185185185185 0.021875 0.04537037037037037
0 0.6994791666666667 0.5981481481481481 0.03333333333333333 0.1
0 0.6979166666666666 0.6171296296296296 0.03229166666666667 0.08796296296296297
