2 0.8018229166666667 0.5736111111111111 0.07760416666666667 0.0712962962962963
3 0.128125 0.6305555555555555 0.10208333333333333 0.10740740740740741
2 0.58359375 0.5800925925925926 0.07552083333333333 0.10462962962962963
3 0.21744791666666666 0.6791666666666667 0.1171875 0.1935185185185185
2 0.4890625 0.5578703703703703 0.05520833333333333 0.07685185185185185
3 0.026302083333333334 0.6509259259259259 0.05260416666666667 0.12777777777777777
3 0.31302083333333336 0.6185185185185185 0.06770833333333333 0.12407407407407407
3 0.6072916666666667 0.649537037037037 0.03333333333333333 0.09907407407407408
3 0.6880208333333333 0.6060185185185185 0.028125 0.06574074074074074
3 0.4421875 0.5879629629629629 0.03229166666666667 0.08333333333333333
3 0.6080729166666666 0.6365740740740741 0.03802083333333333 0.12129629629629629
0 0.12604166666666666 0.5842592592592593 0.06145833333333333 0.16296296296296298
0 0.22317708333333333 0.6189814814814815 0.05677083333333333 0.2361111111111111
0 0.6877604166666667 0.5722222222222222 0.030729166666666665 0.1037037037037037
0 0.6143229166666667 0.5939814814814814 0.03177083333333333 0.1361111111111111
0 0.8919270833333334 0.5675925925925925 0.019270833333333334 0.08333333333333333
0 0.6088541666666667 0.5939814814814814 0.035416666666666666 0.13240740740740742
0 0.4440104166666667 0.587037037037037 0.034895833333333334 0.08333333333333333
0 0.32421875 0.5763888888888888 0.0671875 0.14722222222222223
