2 0.78671875 0.6023148148148149 0.07552083333333333 0.06944444444444445
3 0.47578125 0.6314814814814815 0.03697916666666667 0.08518518518518518
3 0.9265625 0.7402777777777778 0.090625 0.17685185185185184
2 0.3078125 0.6018518518518519 0.178125 0.1814814814814815
2 0.5625 0.5768518518518518 0.034375 0.05925925925925926
3 0.4083333333333333 0.6694444444444444 0.065625 0.15185185185185185
3 0.5122395833333333 0.5916666666666667 0.0203125 0.06851851851851852
3 0.9169270833333333 0.75 0.06822916666666666 0.1574074074074074
0 0.92421875 0.6648148148148149 0.09635416666666667 0.26666666666666666
0 0.4109375 0.611574074074074 0.06354166666666666 0.17685185185185184
0 0.5119791666666667 0.5884259259259259 0.021875 0.075
0 0.8575520833333333 0.5958333333333333 0.018229166666666668 0.0712962962962963
