3 0.1515625 0.736574074074074 0.165625 0.25092592592592594
2 0.5653645833333333 0.5833333333333334 0.043229166666666666 0.06666666666666667
2 0.7880208333333333 0.6032407407407407 0.075 0.07314814814814814
3 0.9205729166666666 0.7425925925925926 0.09010416666666667 0.17037037037037037
3 0.3888020833333333 0.6476851851851851 0.05572916666666667 0.12314814814814815
3 0.4596354166666667 0.6078703703703704 0.030729166666666665 0.06574074074074074
2 0.15520833333333334 0.6101851851851852 0.3104166666666667 0.25
7 0.15546875 0.6092592592592593 0.3109375 0.24074074074074073
3 0.5033854166666667 0.6208333333333333 0.0265625 0.0787037037037037
0 0.16276041666666666 0.649537037037037 0.0671875 0.2916666666666667
0 0.9184895833333333 0.6657407407407407 0.09427083333333333 0.2574074074074074
0 0.3890625 0.6069444444444444 0.03854166666666667 0.14722222222222223
0 0.5015625 0.5958333333333333 0.028125 0.11944444444444445
0 0.3859375 0.6157407407407407 0.051041666666666666 0.15185185185185185
0 0.3182291666666667 0.5958333333333333 0.028125 0.10833333333333334
0 0.6557291666666667 0.5921296296296297 0.015625 0.05277777777777778
0 0.4591145833333333 0.5958333333333333 0.03177083333333333 0.0824074074074074
0 0.846875 0.6060185185185185 0.017708333333333333 0.05462962962962963
0 0.5026041666666666 0.6166666666666667 0.029166666666666667 0.08333333333333333
