3 0.26484375 0.6782407407407407 0.09322916666666667 0.16203703703703703
2 0.78984375 0.6083333333333333 0.07760416666666667 0.07037037037037037
3 0.45859375 0.6333333333333333 0.034895833333333334 0.08888888888888889
3 0.39479166666666665 0.6129629629629629 0.041666666666666664 0.07777777777777778
7 0.08515625 0.6171296296296296 0.1703125 0.28055555555555556
2 0.5669270833333333 0.586574074074074 0.04739583333333333 0.0712962962962963
3 0.93125 0.737037037037037 0.10833333333333334 0.18518518518518517
3 0.9171875 0.7490740740740741 0.08333333333333333 0.15925925925925927
2 0.30755208333333334 0.5597222222222222 0.034895833333333334 0.032407407407407406
2 0.51875 0.5777777777777777 0.03125 0.037037037037037035
0 0.2674479166666667 0.6171296296296296 0.0484375 0.20092592592592592
0 0.92890625 0.6722222222222223 0.10364583333333334 0.2759259259259259
0 0.9138020833333333 0.6699074074074074 0.07552083333333333 0.26944444444444443
0 0.45729166666666665 0.5995370370370371 0.034375 0.10277777777777777
0 0.39427083333333335 0.5976851851851852 0.03958333333333333 0.08796296296296297
0 0.2046875 0.6069444444444444 0.04479166666666667 0.13796296296296295
