2 0.12005208333333334 0.6171296296296296 0.24010416666666667 0.27314814814814814
2 0.8596354166666667 0.5976851851851852 0.08385416666666666 0.11203703703703703
2 0.4315104166666667 0.5671296296296297 0.0609375 0.0824074074074074
3 0.4921875 0.6226851851851852 0.04583333333333333 0.10462962962962963
3 0.3809895833333333 0.6046296296296296 0.04010416666666667 0.08703703703703704
3 0.60078125 0.6736111111111112 0.058854166666666666 0.14722222222222223
2 0.6356770833333333 0.5569444444444445 0.034895833333333334 0.05092592592592592
3 0.0640625 0.8731481481481481 0.128125 0.24814814814814815
2 0.3528645833333333 0.5342592592592592 0.0265625 0.02962962962962963
2 0.34869791666666666 0.5324074074074074 0.034895833333333334 0.02962962962962963
0 0.5997395833333333 0.6162037037037037 0.0578125 0.18611111111111112
0 0.022395833333333334 0.7462962962962963 0.04479166666666667 0.3425925925925926
0 0.38333333333333336 0.5717592592592593 0.034375 0.10462962962962963
0 0.49166666666666664 0.5824074074074074 0.05 0.12037037037037036
0 0.54765625 0.5699074074074074 0.0203125 0.07685185185185185
0 0.5026041666666666 0.5810185185185185 0.035416666666666666 0.12129629629629629
0 0.51015625 0.5731481481481482 0.0453125 0.12407407407407407
