2 0.2794270833333333 0.6 0.2046875 0.19074074074074074
2 0.14427083333333332 0.5925925925925926 0.209375 0.17407407407407408
2 0.6080729166666666 0.5643518518518519 0.043229166666666666 0.06574074074074074
3 0.41041666666666665 0.6652777777777777 0.08854166666666667 0.17314814814814813
2 0.8015625 0.5800925925925926 0.07708333333333334 0.0712962962962963
3 0.5763020833333333 0.6143518518518518 0.033854166666666664 0.07685185185185185
2 0.49453125 0.5532407407407407 0.03177083333333333 0.05277777777777778
2 0.4981770833333333 0.5592592592592592 0.0390625 0.06296296296296296
3 0.4125 0.6898148148148148 0.08333333333333333 0.13148148148148148
3 0.5200520833333333 0.5787037037037037 0.027604166666666666 0.053703703703703705
0 0.665625 0.575925925925926 0.016666666666666666 0.05925925925925926
0 0.8799479166666667 0.5694444444444444 0.015104166666666667 0.07962962962962963
0 0.4075520833333333 0.6032407407407407 0.07447916666666667 0.2101851851851852
0 0.5716145833333334 0.5856481481481481 0.0296875 0.11018518518518519
0 0.8927083333333333 0.5768518518518518 0.015625 0.06666666666666667
0 0.8958333333333334 0.5763888888888888 0.014583333333333334 0.06759259259259259
