2 0.7989583333333333 0.5847222222222223 0.078125 0.075
3 0.20572916666666666 0.65 0.11458333333333333 0.15555555555555556
3 0.5432291666666667 0.6398148148148148 0.053125 0.11481481481481481
2 0.4317708333333333 0.5578703703703703 0.04895833333333333 0.0787037037037037
3 0.65078125 0.6175925925925926 0.0265625 0.07037037037037037
3 0.4622395833333333 0.6106481481481482 0.03697916666666667 0.08981481481481482
2 0.3184895833333333 0.537962962962963 0.030729166666666665 0.03518518518518519
2 0.35078125 0.5421296296296296 0.0328125 0.032407407407407406
2 0.490625 0.562962962962963 0.04791666666666667 0.09074074074074075
0 0.4630208333333333 0.5824074074074074 0.03333333333333333 0.12222222222222222
0 0.19713541666666667 0.5962962962962963 0.06197916666666667 0.20925925925925926
0 0.6486979166666667 0.5837962962962963 0.025520833333333333 0.10092592592592593
0 0.5395833333333333 0.5800925925925926 0.0375 0.09907407407407408
0 0.94375 0.5828703703703704 0.016666666666666666 0.08796296296296297
0 0.20625 0.5967592592592592 0.04375 0.20462962962962963
0 0.9619791666666667 0.5949074074074074 0.016666666666666666 0.09907407407407408
0 0.5440104166666667 0.5925925925925926 0.04739583333333333 0.12222222222222222
