2 0.16744791666666667 0.6134259259259259 0.2796875 0.2101851851851852
2 0.7989583333333333 0.5768518518518518 0.078125 0.07222222222222222
3 0.6231770833333333 0.5819444444444445 0.021354166666666667 0.06759259259259259
3 0.5614583333333333 0.65 0.057291666666666664 0.1259259259259259
2 0.35052083333333334 0.5337962962962963 0.03333333333333333 0.03425925925925926
3 0.4484375 0.6162037037037037 0.041666666666666664 0.09722222222222222
2 0.31614583333333335 0.5337962962962963 0.034375 0.032407407407407406
3 0.5520833333333334 0.6481481481481481 0.0375 0.1259259259259259
2 0.43307291666666664 0.5342592592592592 0.022395833333333334 0.03148148148148148
0 0.5559895833333334 0.5995370370370371 0.0484375 0.1787037037037037
0 0.45390625 0.5791666666666667 0.03177083333333333 0.12314814814814815
0 0.4473958333333333 0.5828703703703704 0.040625 0.12314814814814815
0 0.94296875 0.575 0.015104166666666667 0.07962962962962963
0 0.5010416666666667 0.5657407407407408 0.023958333333333335 0.0962962962962963
0 0.5018229166666667 0.5736111111111111 0.019270833333333334 0.08796296296296297
0 0.9734375 0.5722222222222222 0.021875 0.07407407407407407
0 0.6229166666666667 0.5731481481481482 0.023958333333333335 0.07777777777777778
