2 0.8005208333333333 0.5745370370370371 0.08020833333333334 0.0712962962962963
3 0.07942708333333333 0.6472222222222223 0.12760416666666666 0.18333333333333332
3 0.47317708333333336 0.7134259259259259 0.11197916666666667 0.25277777777777777
2 0.43072916666666666 0.6171296296296296 0.20833333333333334 0.19166666666666668
3 0.31614583333333335 0.5745370370370371 0.0375 0.10092592592592593
2 0.39557291666666666 0.6166666666666667 0.13802083333333334 0.18703703703703703
3 0.6401041666666667 0.5935185185185186 0.025 0.07592592592592592
2 0.01640625 0.6148148148148148 0.0328125 0.11851851851851852
2 0.3515625 0.5319444444444444 0.034375 0.03611111111111111
0 0.4700520833333333 0.6263888888888889 0.09114583333333333 0.30833333333333335
0 0.1 0.5800925925925926 0.06354166666666666 0.20277777777777778
0 0.6395833333333333 0.5875 0.028125 0.0824074074074074
