3 0.11744791666666667 0.8328703703703704 0.23489583333333333 0.3194444444444444
2 0.7932291666666667 0.6430555555555556 0.07708333333333334 0.07314814814814814
3 0.34088541666666666 0.6680555555555555 0.03802083333333333 0.08055555555555556
2 0.42578125 0.624537037037037 0.04010416666666667 0.058333333333333334
2 0.5544270833333333 0.6171296296296296 0.0296875 0.041666666666666664
2 0.496875 0.624537037037037 0.04583333333333333 0.06574074074074074
3 0.27005208333333336 0.6685185185185185 0.04010416666666667 0.08148148148148149
2 0.46171875 0.6180555555555556 0.0265625 0.03796296296296296
0 0.08515625 0.7574074074074074 0.16822916666666668 0.45740740740740743
0 0.8440104166666667 0.6328703703703704 0.016145833333333335 0.0712962962962963
0 0.6440104166666667 0.6481481481481481 0.021354166666666667 0.09074074074074075
0 0.8671875 0.6305555555555555 0.013541666666666667 0.06481481481481481
0 0.3416666666666667 0.6476851851851851 0.03958333333333333 0.11018518518518519
0 0.27630208333333334 0.6425925925925926 0.021354166666666667 0.09074074074074075
0 0.34791666666666665 0.6444444444444445 0.029166666666666667 0.10185185185185185
0 0.51640625 0.6504629629629629 0.022395833333333334 0.06759259259259259
0 0.178125 0.6564814814814814 0.03333333333333333 0.12777777777777777
0 0.26953125 0.6527777777777778 0.0390625 0.1037037037037037
0 0.16614583333333333 0.6620370370370371 0.05 0.1388888888888889
