2 0.23385416666666667 0.6037037037037037 0.21145833333333333 0.20185185185185187
2 0.10546875 0.5976851851851852 0.2109375 0.18611111111111112
3 0.35208333333333336 0.6884259259259259 0.10520833333333333 0.18611111111111112
2 0.8013020833333333 0.5782407407407407 0.07760416666666667 0.07314814814814814
2 0.6088541666666667 0.5648148148148148 0.04583333333333333 0.06666666666666667
2 0.49296875 0.5550925925925926 0.0296875 0.05092592592592592
3 0.5630208333333333 0.6129629629629629 0.040625 0.1037037037037037
3 0.4158854166666667 0.5935185185185186 0.0359375 0.08703703703703704
3 0.5171875 0.5787037037037037 0.021875 0.05555555555555555
0 0.34479166666666666 0.6125 0.071875 0.2324074074074074
0 0.6692708333333334 0.5782407407407407 0.021875 0.06574074074074074
0 0.5596354166666667 0.5763888888888888 0.03697916666666667 0.11574074074074074
0 0.8778645833333333 0.5694444444444444 0.016145833333333335 0.07962962962962963
0 0.55546875 0.5740740740740741 0.0296875 0.1
0 0.8921875 0.575 0.0125 0.06666666666666667
