2 0.5166666666666667 0.5736111111111111 0.06145833333333333 0.09537037037037037
3 0.384375 0.6949074074074074 0.10729166666666666 0.19907407407407407
3 0.23203125 0.6111111111111112 0.0578125 0.10185185185185185
2 0.8377604166666667 0.5925925925925926 0.07135416666666666 0.08148148148148149
2 0.47161458333333334 0.5634259259259259 0.033854166666666664 0.04722222222222222
3 0.7072916666666667 0.6041666666666666 0.019791666666666666 0.06018518518518518
0 0.39557291666666666 0.6287037037037037 0.0765625 0.24444444444444444
0 0.99140625 0.5967592592592592 0.016145833333333335 0.10277777777777777
0 0.4197916666666667 0.5708333333333333 0.03958333333333333 0.11944444444444445
0 0.7075520833333333 0.600462962962963 0.022395833333333334 0.06388888888888888
