2 0.4979166666666667 0.6217592592592592 0.11145833333333334 0.14351851851851852
2 0.7848958333333333 0.6074074074074074 0.07604166666666666 0.07222222222222222
3 0.5783854166666667 0.6555555555555556 0.043229166666666666 0.10925925925925926
3 0.6934895833333333 0.6467592592592593 0.0234375 0.062037037037037036
2 0.3997395833333333 0.5680555555555555 0.0296875 0.028703703703703703
2 0.30442708333333335 0.5587962962962963 0.028645833333333332 0.032407407407407406
2 0.44817708333333334 0.5675925925925925 0.028645833333333332 0.03518518518518519
2 0.4015625 0.5671296296296297 0.0375 0.03425925925925926
0 0.8658854166666666 0.5976851851851852 0.0171875 0.06944444444444445
0 0.6916666666666667 0.6199074074074075 0.028125 0.10648148148148148
