2 0.78671875 0.6481481481481481 0.0765625 0.07777777777777778
7 0.18125 0.6574074074074074 0.23854166666666668 0.23333333333333334
3 0.36953125 0.7101851851851851 0.08802083333333334 0.1574074074074074
3 0.5325520833333334 0.7555555555555555 0.07864583333333333 0.1962962962962963
2 0.48385416666666664 0.6194444444444445 0.042708333333333334 0.05925925925925926
2 0.4197916666666667 0.6129629629629629 0.03125 0.05555555555555555
2 0.4231770833333333 0.6199074074074075 0.028645833333333332 0.05277777777777778
3 0.61015625 0.6402777777777777 0.0171875 0.05277777777777778
0 0.5299479166666666 0.6754629629629629 0.08697916666666666 0.20092592592592592
0 0.36484375 0.6560185185185186 0.059895833333333336 0.18425925925925926
0 0.6447916666666667 0.6430555555555556 0.01875 0.0787037037037037
0 0.3020833333333333 0.6671296296296296 0.025 0.09537037037037037
0 0.6098958333333333 0.638425925925926 0.01875 0.05648148148148148
