2 0.09166666666666666 0.7944444444444444 0.18333333333333332 0.3962962962962963
2 0.8322916666666667 0.5972222222222222 0.07083333333333333 0.08148148148148149
2 0.4203125 0.5787037037037037 0.06875 0.07962962962962963
3 0.49661458333333336 0.6587962962962963 0.06302083333333333 0.14907407407407408
3 0.296875 0.6069444444444444 0.040625 0.08055555555555556
3 0.7 0.5990740740740741 0.021875 0.053703703703703705
2 0.46901041666666665 0.5680555555555555 0.03177083333333333 0.04351851851851852
2 0.5302083333333333 0.5731481481481482 0.036458333333333336 0.08888888888888889
2 0.3640625 0.5504629629629629 0.030208333333333334 0.03425925925925926
2 0.578125 0.5652777777777778 0.034375 0.04722222222222222
2 0.33177083333333335 0.5509259259259259 0.036458333333333336 0.03518518518518519
0 0.50078125 0.6143518518518518 0.05677083333333333 0.1712962962962963
0 0.09557291666666666 0.5680555555555555 0.07447916666666667 0.1175925925925926
0 0.10677083333333333 0.5689814814814815 0.052083333333333336 0.11574074074074074
0 0.29635416666666664 0.600462962962963 0.03958333333333333 0.08425925925925926
0 0.6997395833333333 0.5958333333333333 0.021354166666666667 0.05648148148148148
