2 0.79609375 0.6537037037037037 0.07760416666666667 0.07222222222222222
2 0.5002604166666667 0.6402777777777777 0.0515625 0.0787037037037037
3 0.11041666666666666 0.7064814814814815 0.090625 0.15185185185185185
3 0.6268229166666667 0.7032407407407407 0.028645833333333332 0.08981481481481482
3 0.4328125 0.6962962962962963 0.042708333333333334 0.09814814814814815
2 0.46171875 0.6259259259259259 0.0265625 0.04259259259259259
2 0.34401041666666665 0.6240740740740741 0.0328125 0.03333333333333333
2 0.4609375 0.6342592592592593 0.027083333333333334 0.044444444444444446
3 0.58125 0.6828703703703703 0.020833333333333332 0.06574074074074074
2 0.42109375 0.625 0.0359375 0.03888888888888889
3 0.007552083333333333 0.7189814814814814 0.015104166666666667 0.10277777777777777
0 0.11640625 0.6731481481481482 0.043229166666666666 0.15555555555555556
0 0.625 0.674074074074074 0.036458333333333336 0.11296296296296296
0 0.43046875 0.6662037037037037 0.044270833333333336 0.12685185185185185
0 0.8536458333333333 0.6421296296296296 0.017708333333333333 0.0787037037037037
0 0.5817708333333333 0.6606481481481481 0.028125 0.09722222222222222
0 0.4322916666666667 0.6865740740740741 0.04375 0.09537037037037037
0 0.86953125 0.6425925925925926 0.013020833333333334 0.06481481481481481
