2 0.2513020833333333 0.6032407407407407 0.16822916666666668 0.14907407407407408
2 0.4908854166666667 0.5824074074074074 0.0671875 0.09814814814814815
3 0.4265625 0.6393518518518518 0.04479166666666667 0.10648148148148148
3 0.915625 0.762962962962963 0.06875 0.1648148148148148
2 0.5450520833333333 0.575 0.03177083333333333 0.04259259259259259
2 0.012239583333333333 0.6402777777777777 0.024479166666666666 0.17314814814814813
2 0.33203125 0.5574074074074075 0.0265625 0.03518518518518519
2 0.7635416666666667 0.5995370370370371 0.059375 0.06018518518518518
3 0.9203125 0.7402777777777778 0.08645833333333333 0.20092592592592592
3 0.5869791666666667 0.6148148148148148 0.023958333333333335 0.06481481481481481
2 0.7549479166666667 0.5990740740740741 0.06927083333333334 0.05185185185185185
2 0.3640625 0.562037037037037 0.036458333333333336 0.03518518518518519
3 0.5828125 0.6143518518518518 0.03125 0.06759259259259259
0 0.9265625 0.6833333333333333 0.109375 0.29074074074074074
0 0.828125 0.5930555555555556 0.016666666666666666 0.07685185185185185
0 0.5848958333333333 0.5888888888888889 0.028125 0.07592592592592592
0 0.8802083333333334 0.600462962962963 0.017708333333333333 0.058333333333333334
