2 0.5653645833333333 0.5958333333333333 0.05572916666666667 0.08796296296296297
3 0.29973958333333334 0.6680555555555555 0.08177083333333333 0.13796296296296295
2 0.7885416666666667 0.6087962962962963 0.07916666666666666 0.0712962962962963
3 0.9484375 0.7310185185185185 0.10104166666666667 0.1935185185185185
3 0.18385416666666668 0.6351851851851852 0.08229166666666667 0.10740740740740741
2 0.5143229166666666 0.5777777777777777 0.0296875 0.044444444444444446
2 0.40625 0.5675925925925925 0.03125 0.03148148148148148
0 0.2989583333333333 0.6166666666666667 0.059375 0.18703703703703703
0 0.9325520833333333 0.6685185185185185 0.0765625 0.25
0 0.18802083333333333 0.5981481481481481 0.029166666666666667 0.13703703703703704
0 0.6822916666666666 0.5953703703703703 0.019791666666666666 0.07592592592592592
0 0.9635416666666666 0.675 0.035416666666666666 0.2222222222222222
0 0.9708333333333333 0.6819444444444445 0.05 0.21944444444444444
0 0.68515625 0.6064814814814815 0.019270833333333334 0.06481481481481481
