3 0.415625 0.7032407407407407 0.06875 0.12685185185185185
2 0.7864583333333334 0.6527777777777778 0.07604166666666666 0.07407407407407407
2 0.484375 0.6199074074074075 0.04479166666666667 0.06388888888888888
7 0.21979166666666666 0.65 0.20833333333333334 0.2074074074074074
3 0.5708333333333333 0.7435185185185185 0.06145833333333333 0.16666666666666666
3 0.03046875 0.687037037037037 0.0609375 0.10740740740740741
3 0.33645833333333336 0.6615740740740741 0.04583333333333333 0.09537037037037037
0 0.41041666666666665 0.6541666666666667 0.058333333333333334 0.16944444444444445
0 0.015625 0.6398148148148148 0.03125 0.14814814814814814
0 0.6450520833333333 0.6430555555555556 0.018229166666666668 0.0787037037037037
0 0.5690104166666666 0.6777777777777778 0.06927083333333334 0.18518518518518517
0 0.8463541666666666 0.6462962962962963 0.0125 0.05925925925925926
0 0.828125 0.6462962962962963 0.013541666666666667 0.06666666666666667
