3 0.19036458333333334 0.6949074074074074 0.1203125 0.16018518518518518
3 0.05651041666666667 0.6476851851851851 0.11197916666666667 0.12314814814814815
2 0.5604166666666667 0.5958333333333333 0.059375 0.09166666666666666
2 0.7864583333333334 0.6083333333333333 0.07604166666666666 0.07407407407407407
3 0.95546875 0.75 0.08697916666666666 0.15
3 0.6276041666666666 0.6226851851851852 0.019791666666666666 0.04537037037037037
2 0.3059895833333333 0.5564814814814815 0.0296875 0.02962962962962963
2 0.40546875 0.5666666666666667 0.0328125 0.03148148148148148
2 0.5171875 0.5814814814814815 0.021875 0.037037037037037035
0 0.19244791666666666 0.6236111111111111 0.07760416666666667 0.2212962962962963
0 0.9557291666666666 0.6620370370370371 0.08020833333333334 0.2351851851851852
0 0.06171875 0.6074074074074074 0.0453125 0.15925925925925927
0 0.9799479166666667 0.675 0.0390625 0.21666666666666667
0 0.06536458333333334 0.5944444444444444 0.034895833333333334 0.13148148148148148
