2 0.80078125 0.575 0.0796875 0.07037037037037037
2 0.05182291666666667 0.5981481481481481 0.10364583333333334 0.18333333333333332
2 0.44296875 0.6097222222222223 0.1359375 0.17685185185185184
3 0.16432291666666668 0.638425925925926 0.10572916666666667 0.15462962962962962
3 0.53671875 0.6962962962962963 0.07760416666666667 0.19444444444444445
3 0.33958333333333335 0.5824074074074074 0.0375 0.07407407407407407
3 0.6427083333333333 0.5916666666666667 0.021875 0.07037037037037037
0 0.5354166666666667 0.6087962962962963 0.06979166666666667 0.23796296296296296
0 0.17604166666666668 0.5842592592592593 0.06354166666666666 0.18888888888888888
0 0.1875 0.5787037037037037 0.042708333333333334 0.16111111111111112
0 0.6416666666666667 0.5861111111111111 0.026041666666666668 0.07407407407407407
0 0.33932291666666664 0.5634259259259259 0.0359375 0.0787037037037037
