3 0.6276041666666666 0.7222222222222222 0.03958333333333333 0.12777777777777777
2 0.7825520833333334 0.6662037037037037 0.07760416666666667 0.07685185185185185
3 0.490625 0.6787037037037037 0.046875 0.10185185185185185
7 0.3028645833333333 0.6300925925925925 0.1765625 0.18055555555555555
3 0.16536458333333334 0.6574074074074074 0.06614583333333333 0.09074074074074075
3 0.4283854166666667 0.6425925925925926 0.0203125 0.05555555555555555
0 0.62109375 0.6620370370370371 0.0546875 0.14444444444444443
0 0.15859375 0.6236111111111111 0.0453125 0.13240740740740742
0 0.4283854166666667 0.6388888888888888 0.0203125 0.05925925925925926
0 0.8276041666666667 0.6638888888888889 0.017708333333333333 0.06851851851851852
0 0.5380208333333333 0.6365740740740741 0.017708333333333333 0.05648148148148148
