3 0.07213541666666666 0.7138888888888889 0.14427083333333332 0.21851851851851853
2 0.7861979166666667 0.6064814814814815 0.0765625 0.07222222222222222
2 0.5546875 0.6 0.065625 0.1
3 0.6265625 0.6217592592592592 0.022916666666666665 0.05648148148148148
3 0.9630208333333333 0.7453703703703703 0.06770833333333333 0.13703703703703704
2 0.48203125 0.5731481481481482 0.0296875 0.027777777777777776
2 0.5140625 0.5819444444444445 0.026041666666666668 0.032407407407407406
2 0.30494791666666665 0.5569444444444445 0.0296875 0.030555555555555555
0 0.96484375 0.6736111111111112 0.06822916666666666 0.25462962962962965
0 0.06614583333333333 0.6310185185185185 0.09375 0.2712962962962963
0 0.6888020833333334 0.6013888888888889 0.019270833333333334 0.08611111111111111
0 0.6869791666666667 0.5777777777777777 0.019791666666666666 0.04814814814814815
