3 0.40911458333333334 0.6416666666666667 0.0515625 0.12037037037037036
2 0.19010416666666666 0.6101851851851852 0.290625 0.23148148148148148
2 0.7877604166666666 0.6027777777777777 0.07552083333333333 0.07407407407407407
3 0.21796875 0.7222222222222222 0.13489583333333333 0.21296296296296297
2 0.5643229166666667 0.5819444444444445 0.044270833333333336 0.06574074074074074
3 0.9216145833333333 0.7347222222222223 0.09114583333333333 0.18796296296296297
3 0.5106770833333333 0.6148148148148148 0.025520833333333333 0.07962962962962963
3 0.46953125 0.6055555555555555 0.027604166666666666 0.06666666666666667
0 0.21536458333333333 0.6476851851851851 0.08385416666666666 0.27314814814814814
0 0.9158854166666667 0.6666666666666666 0.09114583333333333 0.25925925925925924
0 0.5098958333333333 0.5939814814814814 0.027083333333333334 0.10833333333333334
0 0.40520833333333334 0.6050925925925926 0.046875 0.15648148148148147
0 0.6065104166666667 0.5893518518518519 0.016145833333333335 0.04537037037037037
