2 0.08984375 0.7097222222222223 0.1796875 0.3509259259259259
3 0.5247395833333334 0.7643518518518518 0.10052083333333334 0.2212962962962963
2 0.7817708333333333 0.6370370370370371 0.07916666666666666 0.07222222222222222
2 0.4166666666666667 0.5939814814814814 0.027083333333333334 0.03981481481481482
2 0.45260416666666664 0.6106481481481482 0.05 0.09351851851851851
2 0.39375 0.5912037037037037 0.022916666666666665 0.032407407407407406
2 0.3033854166666667 0.5800925925925926 0.0265625 0.028703703703703703
0 0.5252604166666667 0.675 0.0578125 0.24814814814814815
0 0.6705729166666666 0.6328703703703704 0.0203125 0.07685185185185185
0 0.6283854166666667 0.611574074074074 0.013020833333333334 0.05462962962962963
0 0.5265625 0.6101851851851852 0.05625 0.11296296296296296
0 0.8390625 0.625462962962963 0.014583333333333334 0.06759259259259259
0 0.8291666666666667 0.6282407407407408 0.017708333333333333 0.0712962962962963
