2 0.2716145833333333 0.6013888888888889 0.20885416666666667 0.1935185185185185
2 0.12942708333333333 0.5953703703703703 0.2140625 0.17962962962962964
3 0.39609375 0.6800925925925926 0.09114583333333333 0.16574074074074074
2 0.6091145833333333 0.5643518518518519 0.043229166666666666 0.06574074074074074
2 0.8018229166666667 0.5796296296296296 0.07760416666666667 0.07037037037037037
2 0.4934895833333333 0.5527777777777778 0.030729166666666665 0.053703703703703705
3 0.5729166666666666 0.6171296296296296 0.0375 0.08055555555555556
2 0.49921875 0.5638888888888889 0.04114583333333333 0.07407407407407407
3 0.5182291666666666 0.5768518518518518 0.028125 0.05925925925925926
2 0.50546875 0.5555555555555556 0.05364583333333333 0.06296296296296296
5 0.5393229166666667 0.512962962962963 0.0796875 0.09444444444444444
0 0.5700520833333333 0.5805555555555556 0.033854166666666664 0.11481481481481481
0 0.6677083333333333 0.5745370370370371 0.01875 0.06018518518518518
0 0.39791666666666664 0.6106481481481482 0.078125 0.21388888888888888
0 0.8786458333333333 0.5680555555555555 0.015625 0.08055555555555556
