2 0.29296875 0.6 0.20260416666666667 0.18518518518518517
2 0.15755208333333334 0.5925925925925926 0.19947916666666668 0.17037037037037037
3 0.42630208333333336 0.6712962962962963 0.0796875 0.1537037037037037
2 0.8015625 0.5796296296296296 0.07708333333333334 0.07222222222222222
2 0.60859375 0.5638888888888889 0.04114583333333333 0.06481481481481481
2 0.49505208333333334 0.5513888888888889 0.0328125 0.05462962962962963
3 0.5786458333333333 0.6111111111111112 0.03229166666666667 0.07962962962962963
3 0.5213541666666667 0.5731481481481482 0.029166666666666667 0.06296296296296296
3 0.665625 0.575462962962963 0.016666666666666666 0.058333333333333334
0 0.42682291666666666 0.6041666666666666 0.0703125 0.2101851851851852
0 0.5770833333333333 0.5824074074074074 0.030208333333333334 0.1111111111111111
0 0.6651041666666667 0.5782407407407407 0.015625 0.058333333333333334
0 0.8786458333333333 0.5694444444444444 0.014583333333333334 0.07777777777777778
0 0.8932291666666666 0.575925925925926 0.015625 0.06481481481481481
