3 0.13229166666666667 0.6203703703703703 0.09166666666666666 0.11851851851851852
2 0.8020833333333334 0.5736111111111111 0.078125 0.0712962962962963
3 0.23307291666666666 0.6754629629629629 0.11302083333333333 0.18796296296296297
2 0.48932291666666666 0.5569444444444445 0.0546875 0.07685185185185185
2 0.5872395833333334 0.5805555555555556 0.07864583333333333 0.10925925925925926
3 0.03125 0.6449074074074074 0.0625 0.1361111111111111
3 0.44375 0.5879629629629629 0.03229166666666667 0.08333333333333333
3 0.31979166666666664 0.6166666666666667 0.065625 0.12037037037037036
3 0.6104166666666667 0.6486111111111111 0.030208333333333334 0.09537037037037037
3 0.6885416666666667 0.6050925925925926 0.027083333333333334 0.06574074074074074
3 0.031510416666666666 0.6148148148148148 0.06302083333333333 0.1962962962962963
3 0.6111979166666667 0.637962962962963 0.03802083333333333 0.11666666666666667
2 0.3184895833333333 0.5717592592592593 0.1015625 0.11574074074074074
0 0.13984375 0.5768518518518518 0.04739583333333333 0.14814814814814814
0 0.24088541666666666 0.6129629629629629 0.06197916666666667 0.2351851851851852
0 0.6880208333333333 0.5712962962962963 0.030208333333333334 0.10740740740740741
0 0.6106770833333334 0.5930555555555556 0.04114583333333333 0.1361111111111111
0 0.8921875 0.5671296296296297 0.019791666666666666 0.08425925925925926
0 0.34010416666666665 0.5694444444444444 0.05520833333333333 0.1259259259259259
0 0.0140625 0.6 0.028125 0.19074074074074074
