2 0.78125 0.6601851851851852 0.078125 0.07037037037037037
3 0.5520833333333334 0.6611111111111111 0.03125 0.07962962962962963
7 0.38177083333333334 0.6268518518518519 0.12395833333333334 0.14444444444444443
3 0.6690104166666667 0.687962962962963 0.030729166666666665 0.09814814814814815
3 0.3078125 0.6356481481481482 0.03125 0.08981481481481482
2 0.48203125 0.6097222222222223 0.04635416666666667 0.049074074074074076
2 0.47760416666666666 0.6129629629629629 0.03229166666666667 0.05185185185185185
0 0.8265625 0.6537037037037037 0.026041666666666668 0.07962962962962963
0 0.5513020833333333 0.6537037037037037 0.03177083333333333 0.09259259259259259
0 0.6669270833333333 0.6458333333333334 0.04010416666666667 0.14351851851851852
