2 0.80078125 0.5745370370370371 0.08072916666666667 0.06944444444444445
2 0.4234375 0.612037037037037 0.13541666666666666 0.18518518518518517
2 0.03515625 0.6050925925925926 0.0703125 0.18425925925925926
3 0.50625 0.7069444444444445 0.09166666666666666 0.21388888888888888
3 0.1234375 0.6407407407407407 0.11770833333333333 0.16296296296296298
2 0.45390625 0.6148148148148148 0.1984375 0.18888888888888888
3 0.32708333333333334 0.5731481481481482 0.035416666666666666 0.09444444444444444
2 0.35989583333333336 0.5324074074074074 0.036458333333333336 0.037037037037037035
3 0.64140625 0.5935185185185186 0.022395833333333334 0.07222222222222222
0 0.5072916666666667 0.6171296296296296 0.084375 0.24722222222222223
0 0.14713541666666666 0.5842592592592593 0.059895833333333336 0.18333333333333332
0 0.15729166666666666 0.5847222222222223 0.03854166666666667 0.1712962962962963
0 0.5083333333333333 0.5685185185185185 0.08229166666666667 0.10925925925925926
0 0.6408854166666667 0.5837962962962963 0.025520833333333333 0.08981481481481482
0 0.328125 0.5518518518518518 0.03125 0.07777777777777778
