2 0.37473958333333335 0.5828703703703704 0.0984375 0.09907407407407408
2 0.84375 0.5884259259259259 0.07083333333333333 0.0824074074074074
3 0.22708333333333333 0.7231481481481481 0.18020833333333333 0.29259259259259257
2 0.5130208333333334 0.5736111111111111 0.065625 0.10092592592592593
3 0.7130208333333333 0.6046296296296296 0.025 0.07037037037037037
2 0.47161458333333334 0.562037037037037 0.030729166666666665 0.04259259259259259
3 0.16171875 0.6185185185185185 0.07135416666666666 0.10555555555555556
0 0.24270833333333333 0.6513888888888889 0.09166666666666666 0.3212962962962963
0 0.2875 0.5981481481481481 0.04895833333333333 0.20185185185185187
0 0.7122395833333334 0.5962962962962963 0.0234375 0.06481481481481481
