2 0.8598958333333333 0.5976851851851852 0.08333333333333333 0.11203703703703703
2 0.43723958333333335 0.5685185185185185 0.06197916666666667 0.07962962962962963
3 0.09322916666666667 0.8569444444444444 0.18645833333333334 0.275
2 0.13385416666666666 0.6087962962962963 0.24895833333333334 0.25833333333333336
3 0.6104166666666667 0.6685185185185185 0.06041666666666667 0.14444444444444443
2 0.63515625 0.5560185185185185 0.03697916666666667 0.05092592592592592
3 0.38828125 0.6027777777777777 0.03802083333333333 0.08333333333333333
3 0.4979166666666667 0.6217592592592592 0.04479166666666667 0.10092592592592593
2 0.3541666666666667 0.5356481481481481 0.027083333333333334 0.032407407407407406
2 0.35052083333333334 0.5328703703703703 0.03333333333333333 0.028703703703703703
3 0.50625 0.6157407407407407 0.0625 0.1111111111111111
0 0.05807291666666667 0.7217592592592592 0.11614583333333334 0.5416666666666666
0 0.6075520833333333 0.6125 0.058854166666666666 0.1824074074074074
0 0.5010416666666667 0.586574074074074 0.051041666666666666 0.11388888888888889
