2 0.7986979166666667 0.5842592592592593 0.07864583333333333 0.07592592592592592
3 0.05625 0.7 0.1125 0.18703703703703703
3 0.30885416666666665 0.6333333333333333 0.0625 0.11296296296296296
2 0.4361979166666667 0.5541666666666667 0.044270833333333336 0.07685185185185185
3 0.5747395833333333 0.6282407407407408 0.03802083333333333 0.09722222222222222
2 0.48098958333333336 0.5615740740740741 0.044270833333333336 0.08425925925925926
3 0.5052083333333334 0.6032407407407407 0.03125 0.0787037037037037
3 0.6544270833333333 0.6060185185185185 0.025520833333333333 0.062037037037037036
0 0.03177083333333333 0.6231481481481481 0.06354166666666666 0.26851851851851855
0 0.309375 0.5847222222222223 0.041666666666666664 0.16203703703703703
0 0.5705729166666667 0.575925925925926 0.034895833333333334 0.10185185185185185
0 0.5078125 0.5745370370370371 0.03125 0.10648148148148148
0 0.6526041666666667 0.5800925925925926 0.025 0.09537037037037037
0 0.571875 0.5935185185185186 0.0375 0.13333333333333333
0 0.9825520833333333 0.5884259259259259 0.018229166666666668 0.08425925925925926
0 0.5466145833333333 0.5768518518518518 0.019270833333333334 0.08333333333333333
