2 0.26666666666666666 0.6018518518518519 0.159375 0.14444444444444443
2 0.030208333333333334 0.6314814814814815 0.06041666666666667 0.1814814814814815
2 0.4934895833333333 0.5819444444444445 0.06614583333333333 0.09722222222222222
3 0.9161458333333333 0.762962962962963 0.07083333333333333 0.16666666666666666
3 0.4390625 0.6361111111111111 0.041666666666666664 0.10555555555555556
3 0.027604166666666666 0.7490740740740741 0.05520833333333333 0.20555555555555555
2 0.5450520833333333 0.575462962962963 0.03177083333333333 0.041666666666666664
3 0.9221354166666667 0.7425925925925926 0.09010416666666667 0.19814814814814816
2 0.7666666666666667 0.5976851851851852 0.05 0.06388888888888888
3 0.5890625 0.6111111111111112 0.023958333333333335 0.06481481481481481
2 0.36380208333333336 0.562037037037037 0.0359375 0.03518518518518519
2 0.7533854166666667 0.5967592592592592 0.07447916666666667 0.05648148148148148
3 0.5822916666666667 0.5990740740740741 0.0375 0.07592592592592592
0 0.9265625 0.6837962962962963 0.10833333333333334 0.287962962962963
0 0.828125 0.5888888888888889 0.015625 0.06851851851851852
0 0.8815104166666666 0.6050925925925926 0.0171875 0.06388888888888888
0 0.4388020833333333 0.5976851851851852 0.04010416666666667 0.10462962962962963
