2 0.4635416666666667 0.6273148148148148 0.12291666666666666 0.16203703703703703
2 0.7833333333333333 0.6101851851851852 0.078125 0.07222222222222222
3 0.5450520833333333 0.6685185185185185 0.05572916666666667 0.13518518518518519
3 0.6888020833333334 0.6546296296296297 0.027604166666666666 0.07407407407407407
2 0.3984375 0.5675925925925925 0.029166666666666667 0.02962962962962963
2 0.30390625 0.5583333333333333 0.027604166666666666 0.03148148148148148
3 0.5453125 0.6939814814814815 0.05 0.08981481481481482
0 0.6872395833333333 0.6143518518518518 0.0296875 0.13796296296296295
0 0.5416666666666666 0.6425925925925926 0.053125 0.17407407407407408
0 0.6309895833333333 0.5949074074074074 0.0140625 0.05277777777777778
0 0.6161458333333333 0.5856481481481481 0.010416666666666666 0.04537037037037037
0 0.5536458333333333 0.6180555555555556 0.026041666666666668 0.13796296296296295
0 0.6184895833333334 0.5902777777777778 0.009895833333333333 0.04351851851851852
