2 0.8177083333333334 0.6037037037037037 0.07604166666666666 0.07777777777777778
3 0.49296875 0.611574074074074 0.030729166666666665 0.08796296296296297
2 0.5205729166666667 0.5731481481481482 0.04010416666666667 0.06111111111111111
3 0.27239583333333334 0.6416666666666667 0.06875 0.11296296296296296
2 0.44557291666666665 0.5791666666666667 0.0390625 0.058333333333333334
2 0.17421875 0.5967592592592592 0.18697916666666667 0.18611111111111112
2 0.3255208333333333 0.5583333333333333 0.035416666666666666 0.03333333333333333
2 0.35833333333333334 0.5569444444444445 0.03333333333333333 0.03611111111111111
7 0.615625 0.6212962962962963 0.11041666666666666 0.2388888888888889
2 0.4708333333333333 0.5652777777777778 0.027083333333333334 0.04722222222222222
0 0.9911458333333333 0.6050925925925926 0.016666666666666666 0.10092592592592593
0 0.2755208333333333 0.600925925925926 0.03854166666666667 0.13148148148148148
0 0.2703125 0.6101851851851852 0.06041666666666667 0.14629629629629629
0 0.9669270833333333 0.612037037037037 0.024479166666666666 0.1111111111111111
0 0.9763020833333333 0.6087962962962963 0.019270833333333334 0.10277777777777777
0 0.96328125 0.6101851851851852 0.018229166666666668 0.10740740740740741
