2 0.14557291666666666 0.7212962962962963 0.2911458333333333 0.37592592592592594
2 0.78125 0.6310185185185185 0.078125 0.07314814814814814
2 0.42083333333333334 0.5879629629629629 0.03229166666666667 0.03888888888888889
3 0.5841145833333333 0.7439814814814815 0.07760416666666667 0.1712962962962963
2 0.46770833333333334 0.6083333333333333 0.059375 0.09074074074074075
2 0.53125 0.5930555555555556 0.029166666666666667 0.028703703703703703
2 0.33125 0.5819444444444445 0.03125 0.032407407407407406
3 0.665625 0.6337962962962963 0.021875 0.06018518518518518
0 0.578125 0.6763888888888889 0.0625 0.20833333333333334
0 0.83984375 0.6222222222222222 0.015104166666666667 0.07037037037037037
