3 0.16302083333333334 0.8041666666666667 0.24479166666666666 0.3453703703703704
2 0.5325520833333334 0.5962962962962963 0.1296875 0.14629629629629629
2 0.8015625 0.575925925925926 0.078125 0.07222222222222222
2 0.4546875 0.5657407407407408 0.071875 0.1037037037037037
3 0.31276041666666665 0.6125 0.0609375 0.1175925925925926
3 0.6333333333333333 0.6518518518518519 0.046875 0.12962962962962962
2 0.08541666666666667 0.5888888888888889 0.16145833333333334 0.16111111111111112
2 0.12395833333333334 0.6157407407407407 0.23645833333333333 0.21666666666666667
2 0.4166666666666667 0.5375 0.029166666666666667 0.030555555555555555
3 0.38385416666666666 0.5768518518518518 0.025 0.05740740740740741
3 0.384375 0.5671296296296297 0.028125 0.075
2 0.35234375 0.5328703703703703 0.03802083333333333 0.03981481481481482
0 0.18776041666666668 0.6791666666666667 0.09427083333333333 0.4101851851851852
0 0.6307291666666667 0.5888888888888889 0.04895833333333333 0.1685185185185185
0 0.32109375 0.5763888888888888 0.03697916666666667 0.1398148148148148
0 0.3143229166666667 0.575462962962963 0.0546875 0.13425925925925927
0 0.6296875 0.5615740740740741 0.04583333333333333 0.11018518518518519
