2 0.08802083333333334 0.6949074074074074 0.17604166666666668 0.36018518518518516
2 0.22552083333333334 0.6055555555555555 0.22291666666666668 0.1925925925925926
2 0.7989583333333333 0.5763888888888888 0.078125 0.0712962962962963
2 0.43645833333333334 0.5435185185185185 0.030208333333333334 0.04259259259259259
3 0.5786458333333333 0.6333333333333333 0.042708333333333334 0.12037037037037036
3 0.6270833333333333 0.5814814814814815 0.023958333333333335 0.05925925925925926
1 0.46588541666666666 0.6171296296296296 0.033854166666666664 0.0787037037037037
3 0.4661458333333333 0.6166666666666667 0.034375 0.07592592592592592
2 0.3536458333333333 0.5337962962962963 0.03333333333333333 0.03611111111111111
2 0.4903645833333333 0.5370370370370371 0.028645833333333332 0.05
0 0.5802083333333333 0.587037037037037 0.04895833333333333 0.15
0 0.4661458333333333 0.5810185185185185 0.035416666666666666 0.13055555555555556
0 0.5098958333333333 0.5680555555555555 0.022916666666666665 0.08796296296296297
0 0.97109375 0.575 0.018229166666666668 0.08333333333333333
0 0.9427083333333334 0.5736111111111111 0.013541666666666667 0.07685185185185185
0 0.5143229166666666 0.5606481481481481 0.025520833333333333 0.08425925925925926
