2 0.7841145833333333 0.6069444444444444 0.0765625 0.0712962962962963
2 0.509375 0.6171296296296296 0.10104166666666667 0.13796296296296295
3 0.5919270833333333 0.6569444444444444 0.034895833333333334 0.0824074074074074
2 0.3997395833333333 0.5671296296296297 0.0296875 0.028703703703703703
2 0.30416666666666664 0.5587962962962963 0.029166666666666667 0.032407407407407406
3 0.59140625 0.6421296296296296 0.03697916666666667 0.10462962962962963
3 0.6940104166666666 0.6412037037037037 0.022395833333333334 0.062037037037037036
2 0.40234375 0.5662037037037037 0.03697916666666667 0.03611111111111111
0 0.8669270833333333 0.5962962962962963 0.0171875 0.07037037037037037
0 0.6924479166666667 0.6162037037037037 0.027604166666666666 0.10648148148148148
0 0.69296875 0.5939814814814814 0.027604166666666666 0.075
