2 0.5903645833333333 0.575925925925926 0.06302083333333333 0.0962962962962963
2 0.8020833333333334 0.5736111111111111 0.078125 0.0712962962962963
3 0.10651041666666666 0.6370370370370371 0.10677083333333333 0.1388888888888889
2 0.4940104166666667 0.5555555555555556 0.049479166666666664 0.07407407407407407
3 0.20885416666666667 0.6152777777777778 0.06979166666666667 0.10092592592592593
3 0.35182291666666665 0.6481481481481481 0.08697916666666666 0.15
3 0.025520833333333333 0.736574074074074 0.051041666666666666 0.2935185185185185
3 0.6911458333333333 0.5986111111111111 0.022916666666666665 0.05462962962962963
3 0.4622395833333333 0.5837962962962963 0.028645833333333332 0.07685185185185185
2 0.31145833333333334 0.575462962962963 0.0625 0.11018518518518519
3 0.6356770833333333 0.6273148148148148 0.0296875 0.09166666666666666
3 0.024739583333333332 0.7912037037037037 0.049479166666666664 0.1824074074074074
2 0.41510416666666666 0.5370370370370371 0.026041666666666668 0.03148148148148148
0 0.10572916666666667 0.5962962962962963 0.05520833333333333 0.1685185185185185
0 0.21302083333333333 0.5745370370370371 0.03958333333333333 0.1361111111111111
0 0.3536458333333333 0.5995370370370371 0.042708333333333334 0.18796296296296297
0 0.6348958333333333 0.6134259259259259 0.03229166666666667 0.11203703703703703
0 0.37994791666666666 0.5694444444444444 0.034895833333333334 0.15
0 0.690625 0.5861111111111111 0.025 0.07407407407407407
0 0.88984375 0.5685185185185185 0.0203125 0.07962962962962963
