3 0.06770833333333333 0.6324074074074074 0.10520833333333333 0.12777777777777777
2 0.80078125 0.5879629629629629 0.07864583333333333 0.07407407407407407
2 0.41875 0.5611111111111111 0.04479166666666667 0.08518518518518518
3 0.3703125 0.6236111111111111 0.06041666666666667 0.11574074074074074
3 0.4765625 0.6689814814814815 0.07395833333333333 0.15462962962962962
3 0.63984375 0.6388888888888888 0.034895833333333334 0.08703703703703704
2 0.44765625 0.5791666666666667 0.0578125 0.11203703703703703
0 0.9424479166666667 0.5856481481481481 0.0203125 0.09351851851851851
0 0.061197916666666664 0.5833333333333334 0.06302083333333333 0.1574074074074074
0 0.9677083333333333 0.5986111111111111 0.01875 0.10277777777777777
0 0.3763020833333333 0.5833333333333334 0.04114583333333333 0.13518518518518519
0 0.4752604166666667 0.6236111111111111 0.0671875 0.19722222222222222
0 0.6359375 0.5898148148148148 0.03229166666666667 0.11666666666666667
0 0.4791666666666667 0.6037037037037037 0.05625 0.15925925925925927
