2 0.8010416666666667 0.575 0.07916666666666666 0.07037037037037037
2 0.4661458333333333 0.6083333333333333 0.140625 0.17037037037037037
2 0.06354166666666666 0.5986111111111111 0.12708333333333333 0.17685185185185184
3 0.19166666666666668 0.6305555555555555 0.096875 0.1537037037037037
3 0.55625 0.687037037037037 0.06979166666666667 0.17962962962962964
2 0.41458333333333336 0.575925925925926 0.06770833333333333 0.10185185185185185
3 0.34661458333333334 0.5782407407407407 0.0359375 0.07685185185185185
3 0.6416666666666667 0.586574074074074 0.028125 0.07314814814814814
0 0.5549479166666667 0.6050925925925926 0.06614583333333333 0.225
0 0.20651041666666667 0.5828703703703704 0.04739583333333333 0.16944444444444445
0 0.346875 0.5606481481481481 0.03333333333333333 0.10648148148148148
0 0.6427083333333333 0.5824074074074074 0.027083333333333334 0.07962962962962963
