3 0.26979166666666665 0.6671296296296296 0.09791666666666667 0.17314814814814813
2 0.8026041666666667 0.5736111111111111 0.07916666666666666 0.0712962962962963
3 0.15625 0.6180555555555556 0.08645833333333333 0.11203703703703703
3 0.04609375 0.6425925925925926 0.0921875 0.14444444444444443
2 0.58125 0.5768518518518518 0.059375 0.10185185185185185
2 0.48984375 0.5569444444444445 0.0546875 0.07685185185185185
3 0.4510416666666667 0.5884259259259259 0.030208333333333334 0.0787037037037037
3 0.34791666666666665 0.6083333333333333 0.051041666666666666 0.10740740740740741
3 0.61875 0.6412037037037037 0.03229166666666667 0.09537037037037037
3 0.6893229166666667 0.6041666666666666 0.027604166666666666 0.06388888888888888
3 0.34817708333333336 0.586574074074074 0.0546875 0.1398148148148148
2 0.4140625 0.537962962962963 0.022916666666666665 0.02962962962962963
0 0.16197916666666667 0.5763888888888888 0.04895833333333333 0.14722222222222223
0 0.275 0.6013888888888889 0.06354166666666666 0.21388888888888888
0 0.6169270833333333 0.5972222222222222 0.03802083333333333 0.14814814814814814
0 0.89296875 0.5675925925925925 0.019270833333333334 0.08333333333333333
0 0.039322916666666666 0.5925925925925926 0.0421875 0.1685185185185185
0 0.6893229166666667 0.5768518518518518 0.027604166666666666 0.0962962962962963
0 0.03125 0.6013888888888889 0.06145833333333333 0.18981481481481483
0 0.44973958333333336 0.587037037037037 0.028645833333333332 0.07777777777777778
0 0.3484375 0.5791666666666667 0.053125 0.14537037037037037
