2 0.35546875 0.5921296296296297 0.09947916666666666 0.11203703703703703
3 0.2234375 0.7050925925925926 0.13020833333333334 0.19537037037037036
3 0.0453125 0.8652777777777778 0.090625 0.2657407407407407
2 0.44375 0.5958333333333333 0.10208333333333333 0.12314814814814815
2 0.8026041666666667 0.5967592592592592 0.078125 0.06944444444444445
3 0.6096354166666667 0.6356481481481482 0.030729166666666665 0.08055555555555556
2 0.5809895833333333 0.5740740740740741 0.033854166666666664 0.05555555555555555
5 0.5369791666666667 0.5342592592592592 0.078125 0.0962962962962963
2 0.3109375 0.5569444444444445 0.028125 0.032407407407407406
0 0.5197916666666667 0.5930555555555556 0.01875 0.06759259259259259
0 0.23072916666666668 0.6592592592592592 0.051041666666666666 0.18518518518518517
0 0.8653645833333333 0.5888888888888889 0.015104166666666667 0.07592592592592592
0 0.8815104166666666 0.5898148148148148 0.0140625 0.06481481481481481
0 0.6065104166666667 0.5935185185185186 0.03177083333333333 0.10740740740740741
0 0.6083333333333333 0.6138888888888889 0.03333333333333333 0.10740740740740741
0 0.890625 0.5888888888888889 0.014583333333333334 0.07037037037037037
