2 0.79921875 0.5847222222222223 0.0796875 0.075
3 0.55859375 0.6347222222222222 0.0453125 0.10462962962962963
2 0.43359375 0.5560185185185185 0.04635416666666667 0.08055555555555556
3 0.2513020833333333 0.6421296296296296 0.08177083333333333 0.13240740740740742
3 0.4778645833333333 0.6087962962962963 0.034895833333333334 0.0824074074074074
3 0.6526041666666667 0.6129629629629629 0.026041666666666668 0.06481481481481481
2 0.3182291666666667 0.5370370370370371 0.030208333333333334 0.03148148148148148
2 0.3533854166666667 0.5430555555555555 0.0296875 0.030555555555555555
3 0.4830729166666667 0.6037037037037037 0.028645833333333332 0.08333333333333333
2 0.3450520833333333 0.5421296296296296 0.024479166666666666 0.030555555555555555
0 0.25703125 0.5925925925925926 0.04010416666666667 0.1814814814814815
0 0.5559895833333334 0.5990740740740741 0.0421875 0.14074074074074075
0 0.6520833333333333 0.5828703703703704 0.026041666666666668 0.10092592592592593
0 0.9606770833333333 0.5972222222222222 0.0171875 0.09814814814814815
0 0.4822916666666667 0.5787037037037037 0.035416666666666666 0.11296296296296296
0 0.5541666666666667 0.5796296296296296 0.035416666666666666 0.1
