2 0.30703125 0.5967592592592592 0.19322916666666667 0.18425925925925926
2 0.17630208333333333 0.5921296296296297 0.18802083333333333 0.16203703703703703
2 0.8020833333333334 0.5787037037037037 0.07708333333333334 0.07407407407407407
3 0.4484375 0.6657407407407407 0.075 0.1425925925925926
2 0.6096354166666667 0.5643518518518519 0.0390625 0.06388888888888888
2 0.49661458333333336 0.5546296296296296 0.034895833333333334 0.053703703703703705
3 0.58359375 0.6097222222222223 0.0328125 0.075
3 0.5239583333333333 0.5699074074074074 0.029166666666666667 0.06944444444444445
0 0.58203125 0.5842592592592593 0.0359375 0.11296296296296296
0 0.4432291666666667 0.5990740740740741 0.06041666666666667 0.20185185185185187
0 0.6643229166666667 0.5768518518518518 0.016145833333333335 0.05740740740740741
0 0.8783854166666667 0.5712962962962963 0.013020833333333334 0.07407407407407407
0 0.89375 0.575925925925926 0.015625 0.06481481481481481
0 0.44166666666666665 0.5597222222222222 0.057291666666666664 0.12314814814814815
