2 0.12604166666666666 0.6097222222222223 0.2520833333333333 0.25092592592592594
2 0.7895833333333333 0.6074074074074074 0.075 0.07222222222222222
2 0.5669270833333333 0.5847222222222223 0.0453125 0.06944444444444445
3 0.33489583333333334 0.6550925925925926 0.07395833333333333 0.14722222222222223
3 0.4825520833333333 0.6236111111111111 0.03177083333333333 0.08425925925925926
3 0.9221354166666667 0.7416666666666667 0.09635416666666667 0.17407407407407408
3 0.4296875 0.6106481481481482 0.035416666666666666 0.06944444444444445
3 0.03229166666666667 0.7703703703703704 0.06458333333333334 0.25
3 0.2703125 0.611574074074074 0.04583333333333333 0.10462962962962963
2 0.5234375 0.5745370370370371 0.026041666666666668 0.03981481481481482
2 0.5223958333333333 0.5662037037037037 0.026041666666666668 0.05462962962962963
0 0.48125 0.5939814814814814 0.030208333333333334 0.10462962962962963
0 0.91796875 0.6685185185185185 0.0890625 0.2611111111111111
0 0.33151041666666664 0.6138888888888889 0.0515625 0.17777777777777778
0 0.42864583333333334 0.5921296296296297 0.03125 0.09537037037037037
0 0.84375 0.6092592592592593 0.017708333333333333 0.05740740740740741
