2 0.3533854166666667 0.6041666666666666 0.14739583333333334 0.17314814814814813
3 0.2604166666666667 0.6578703703703703 0.090625 0.13425925925925927
2 0.8052083333333333 0.6023148148148149 0.08020833333333334 0.07314814814814814
2 0.51015625 0.5685185185185185 0.0359375 0.053703703703703705
3 0.48098958333333336 0.7486111111111111 0.09114583333333333 0.22870370370370371
3 0.026302083333333334 0.8287037037037037 0.05260416666666667 0.28703703703703703
1 0.48046875 0.75 0.0890625 0.2222222222222222
3 0.019010416666666665 0.8708333333333333 0.03802083333333333 0.19722222222222222
0 0.4703125 0.6527777777777778 0.078125 0.25925925925925924
0 0.26119791666666664 0.6148148148148148 0.0421875 0.17407407407407408
0 0.9783854166666667 0.6064814814814815 0.0203125 0.09074074074074075
0 0.9526041666666667 0.6041666666666666 0.019791666666666666 0.09722222222222222
