2 0.603125 0.5703703703703704 0.06041666666666667 0.08518518518518518
3 0.15729166666666666 0.6175925925925926 0.07604166666666666 0.1111111111111111
3 0.309375 0.6791666666666667 0.121875 0.2101851851851852
2 0.378125 0.5708333333333333 0.08229166666666667 0.09351851851851851
2 0.04244791666666667 0.6263888888888889 0.08489583333333334 0.2824074074074074
2 0.8015625 0.5740740740740741 0.07708333333333334 0.07037037037037037
2 0.5067708333333333 0.5564814814814815 0.028125 0.06296296296296296
3 0.23619791666666667 0.6157407407407407 0.04114583333333333 0.11666666666666667
3 0.6606770833333333 0.6013888888888889 0.0234375 0.08055555555555556
3 0.46067708333333335 0.6152777777777778 0.0515625 0.11203703703703703
3 0.6927083333333334 0.5907407407407408 0.01875 0.05555555555555555
0 0.3109375 0.6050925925925926 0.0625 0.2361111111111111
0 0.15729166666666666 0.5740740740740741 0.034375 0.13703703703703704
0 0.48515625 0.5745370370370371 0.027604166666666666 0.12314814814814815
0 0.6588541666666666 0.5939814814814814 0.022916666666666665 0.0824074074074074
0 0.4622395833333333 0.5777777777777777 0.03802083333333333 0.12962962962962962
0 0.8817708333333333 0.5652777777777778 0.014583333333333334 0.0824074074074074
0 0.1515625 0.5736111111111111 0.046875 0.1287037037037037
0 0.8932291666666666 0.5675925925925925 0.016666666666666666 0.08148148148148149
0 0.69140625 0.5708333333333333 0.0234375 0.0824074074074074
