2 0.78203125 0.6171296296296296 0.0796875 0.0712962962962963
2 0.3966145833333333 0.6430555555555556 0.18489583333333334 0.18611111111111112
3 0.43255208333333334 0.7074074074074074 0.09947916666666666 0.2
3 0.6763020833333333 0.6731481481481482 0.0359375 0.1
2 0.3033854166666667 0.5601851851851852 0.028645833333333332 0.03333333333333333
2 0.4908854166666667 0.5879629629629629 0.04010416666666667 0.06851851851851852
2 0.33255208333333336 0.562962962962963 0.033854166666666664 0.03518518518518519
2 0.3692708333333333 0.6407407407407407 0.13020833333333334 0.19444444444444445
0 0.4278645833333333 0.6476851851851851 0.07760416666666667 0.22870370370370371
0 0.6729166666666667 0.6300925925925925 0.03958333333333333 0.14166666666666666
