2 0.2296875 0.586574074074074 0.165625 0.13796296296296295
3 0.1 0.6620370370370371 0.13229166666666667 0.18888888888888888
2 0.5666666666666667 0.586574074074074 0.09583333333333334 0.12129629629629629
2 0.8010416666666667 0.5740740740740741 0.07708333333333334 0.07037037037037037
3 0.6731770833333334 0.624537037037037 0.0328125 0.09537037037037037
3 0.48854166666666665 0.687962962962963 0.08541666666666667 0.1925925925925926
3 0.3927083333333333 0.600462962962963 0.042708333333333334 0.09722222222222222
2 0.353125 0.5328703703703703 0.03958333333333333 0.03796296296296296
2 0.3151041666666667 0.5337962962962963 0.04479166666666667 0.03611111111111111
0 0.48880208333333336 0.6180555555555556 0.06510416666666667 0.22314814814814815
0 0.10729166666666666 0.5935185185185186 0.06041666666666667 0.21296296296296297
0 0.6713541666666667 0.5847222222222223 0.034375 0.10092592592592593
0 0.38229166666666664 0.5962962962962963 0.023958333333333335 0.0962962962962963
0 0.6359375 0.5694444444444444 0.016666666666666666 0.06296296296296296
0 0.94453125 0.5726851851851852 0.019270833333333334 0.08425925925925926
0 0.8934895833333333 0.5708333333333333 0.0171875 0.07685185185185185
0 0.3893229166666667 0.5925925925925926 0.03802083333333333 0.1037037037037037
