2 0.7989583333333333 0.5814814814814815 0.078125 0.07407407407407407
3 0.43203125 0.6953703703703704 0.09739583333333333 0.1925925925925926
2 0.0734375 0.6268518518518519 0.146875 0.25
3 0.3575520833333333 0.6388888888888888 0.0671875 0.12777777777777777
2 0.4984375 0.5569444444444445 0.04895833333333333 0.0787037037037037
3 0.6138020833333333 0.6013888888888889 0.027604166666666666 0.0712962962962963
3 0.5622395833333333 0.5851851851851851 0.0234375 0.06111111111111111
3 0.646875 0.5819444444444445 0.017708333333333333 0.058333333333333334
0 0.4434895833333333 0.6217592592592592 0.0796875 0.25092592592592594
0 0.35651041666666666 0.6055555555555555 0.049479166666666664 0.1574074074074074
0 0.946875 0.5824074074074074 0.01875 0.08148148148148149
0 0.6135416666666667 0.5824074074074074 0.028125 0.1037037037037037
0 0.9786458333333333 0.5833333333333334 0.017708333333333333 0.08333333333333333
