2 0.09296875 0.600462962962963 0.1859375 0.19722222222222222
3 0.31015625 0.6990740740740741 0.12239583333333333 0.19814814814814816
3 0.5533854166666666 0.6162037037037037 0.044270833333333336 0.10648148148148148
2 0.20052083333333334 0.6078703703703704 0.20625 0.21203703703703702
2 0.6080729166666666 0.5652777777777778 0.04739583333333333 0.06759259259259259
2 0.8015625 0.5777777777777777 0.07708333333333334 0.07407407407407407
2 0.49114583333333334 0.5555555555555556 0.027083333333333334 0.05
3 0.5119791666666667 0.5768518518518518 0.025 0.06296296296296296
3 0.4036458333333333 0.600925925925926 0.03333333333333333 0.08148148148148149
3 0.671875 0.5800925925925926 0.020833333333333332 0.062037037037037036
0 0.30442708333333335 0.6203703703703703 0.08072916666666667 0.2611111111111111
0 0.5466145833333333 0.5787037037037037 0.03177083333333333 0.11481481481481481
0 0.6705729166666666 0.5763888888888888 0.021354166666666667 0.06574074074074074
0 0.54765625 0.5648148148148148 0.03802083333333333 0.1
0 0.8794270833333333 0.5680555555555555 0.0171875 0.0824074074074074
0 0.5536458333333333 0.5722222222222222 0.04791666666666667 0.11296296296296296
