2 0.8026041666666667 0.5740740740740741 0.07916666666666666 0.07037037037037037
3 0.07161458333333333 0.7199074074074074 0.14322916666666666 0.25462962962962965
3 0.68359375 0.6111111111111112 0.0296875 0.08148148148148149
3 0.56953125 0.6601851851851852 0.05260416666666667 0.13518518518518519
2 0.275 0.575 0.14375 0.11851851851851852
2 0.48463541666666665 0.5592592592592592 0.058854166666666666 0.07962962962962963
3 0.24583333333333332 0.6324074074074074 0.0875 0.15185185185185185
2 0.5981770833333333 0.5787037037037037 0.049479166666666664 0.10185185185185185
3 0.42161458333333335 0.5939814814814814 0.028645833333333332 0.09351851851851851
2 0.35442708333333334 0.5347222222222222 0.0265625 0.03425925925925926
0 0.04739583333333333 0.6421296296296296 0.09479166666666666 0.30648148148148147
0 0.56640625 0.6041666666666666 0.05677083333333333 0.18611111111111112
0 0.8916666666666667 0.5689814814814815 0.016666666666666666 0.07685185185185185
0 0.42578125 0.5740740740740741 0.03697916666666667 0.11481481481481481
0 0.6315104166666666 0.5662037037037037 0.016145833333333335 0.05648148148148148
0 0.6815104166666667 0.5643518518518519 0.0359375 0.14537037037037037
0 0.91875 0.5703703703703704 0.0125 0.08148148148148149
