3 0.4622395833333333 0.6328703703703704 0.03802083333333333 0.09166666666666666
2 0.7875 0.6027777777777777 0.07604166666666666 0.07037037037037037
3 0.92421875 0.7384259259259259 0.0859375 0.18055555555555555
2 0.5622395833333333 0.5777777777777777 0.0390625 0.06111111111111111
3 0.37552083333333336 0.6805555555555556 0.07604166666666666 0.15925925925925927
2 0.2734375 0.6046296296296296 0.18333333333333332 0.19444444444444445
7 0.27317708333333335 0.6050925925925926 0.18489583333333334 0.1935185185185185
3 0.503125 0.5912037037037037 0.020833333333333332 0.06944444444444445
3 0.46171875 0.6194444444444445 0.043229166666666666 0.1111111111111111
0 0.92109375 0.6592592592592592 0.09322916666666667 0.25
0 0.3736979166666667 0.6152777777777778 0.059895833333333336 0.19166666666666668
0 0.5315104166666667 0.5884259259259259 0.0234375 0.10462962962962963
0 0.50234375 0.5888888888888889 0.022395833333333334 0.07592592592592592
