2 0.79453125 0.6435185185185185 0.0765625 0.07222222222222222
2 0.42864583333333334 0.6282407407407408 0.04479166666666667 0.06388888888888888
3 0.48880208333333336 0.6685185185185185 0.0296875 0.07592592592592592
3 0.16588541666666667 0.6893518518518519 0.0609375 0.09537037037037037
3 0.26067708333333334 0.6828703703703703 0.0515625 0.10092592592592593
3 0.0296875 0.7430555555555556 0.059375 0.10833333333333334
2 0.55703125 0.6226851851851852 0.0296875 0.041666666666666664
2 0.50546875 0.6273148148148148 0.044270833333333336 0.0712962962962963
2 0.46171875 0.6199074074074075 0.0265625 0.041666666666666664
3 0.6013020833333333 0.6541666666666667 0.0171875 0.06759259259259259
3 0.63984375 0.6810185185185185 0.022395833333333334 0.06944444444444445
2 0.34296875 0.6148148148148148 0.0328125 0.03333333333333333
3 0.59921875 0.6486111111111111 0.022395833333333334 0.07685185185185185
0 0.6388020833333333 0.6555555555555556 0.027604166666666666 0.1111111111111111
0 0.16901041666666666 0.6555555555555556 0.0390625 0.12407407407407407
0 0.16640625 0.6606481481481481 0.0578125 0.13240740740740742
0 0.259375 0.6583333333333333 0.05 0.1259259259259259
0 0.011458333333333333 0.6601851851851852 0.022916666666666665 0.12407407407407407
0 0.86796875 0.6333333333333333 0.0109375 0.06111111111111111
0 0.60078125 0.65 0.019270833333333334 0.07407407407407407
0 0.84921875 0.6337962962962963 0.015104166666666667 0.0712962962962963
