3 0.24713541666666666 0.7171296296296297 0.1484375 0.2175925925925926
2 0.8018229166666667 0.5773148148148148 0.07760416666666667 0.07314814814814814
2 0.6096354166666667 0.5657407407407408 0.0484375 0.07037037037037037
2 0.075 0.600925925925926 0.15 0.2074074074074074
2 0.18723958333333332 0.6078703703703704 0.2713541666666667 0.22314814814814815
2 0.4901041666666667 0.5574074074074075 0.023958333333333335 0.05
3 0.5380208333333333 0.6171296296296296 0.05 0.1175925925925926
2 0.14583333333333334 0.6101851851851852 0.184375 0.21666666666666667
3 0.6739583333333333 0.5837962962962963 0.026041666666666668 0.062037037037037036
3 0.38958333333333334 0.6069444444444444 0.036458333333333336 0.07314814814814814
2 0.35390625 0.5412037037037037 0.034895833333333334 0.03611111111111111
0 0.23854166666666668 0.6300925925925925 0.09166666666666666 0.2935185185185185
0 0.53203125 0.5777777777777777 0.03697916666666667 0.12037037037037036
0 0.52890625 0.5726851851851852 0.0296875 0.10277777777777777
0 0.8770833333333333 0.5675925925925925 0.015625 0.08148148148148149
0 0.3848958333333333 0.5916666666666667 0.026041666666666668 0.08518518518518518
0 0.6723958333333333 0.5800925925925926 0.026041666666666668 0.06388888888888888
0 0.38984375 0.5907407407407408 0.034895833333333334 0.08148148148148149
