3 0.9286458333333333 0.7416666666666667 0.08958333333333333 0.17407407407407408
2 0.784375 0.600925925925926 0.075 0.06666666666666667
3 0.4708333333333333 0.6569444444444444 0.04375 0.12129629629629629
2 0.3614583333333333 0.5967592592592592 0.15208333333333332 0.16203703703703703
2 0.5651041666666666 0.5800925925925926 0.023958333333333335 0.05277777777777778
2 0.5611979166666666 0.575 0.030729166666666665 0.06111111111111111
3 0.5052083333333334 0.6277777777777778 0.025 0.07037037037037037
0 0.92578125 0.6583333333333333 0.0890625 0.2537037037037037
0 0.4703125 0.6097222222222223 0.04791666666666667 0.14166666666666666
0 0.5286458333333334 0.5893518518518519 0.016666666666666666 0.06574074074074074
0 0.54765625 0.5875 0.0203125 0.0824074074074074
0 0.9455729166666667 0.6578703703703703 0.05260416666666667 0.25092592592592594
0 0.59140625 0.5879629629629629 0.016145833333333335 0.044444444444444446
