2 0.109375 0.638425925925926 0.21875 0.2564814814814815
2 0.7986979166666667 0.5805555555555556 0.07760416666666667 0.07592592592592592
3 0.39791666666666664 0.625 0.053125 0.12037037037037036
3 0.4947916666666667 0.6708333333333333 0.07604166666666666 0.1638888888888889
3 0.6184895833333334 0.5925925925925926 0.025520833333333333 0.07592592592592592
3 0.48098958333333336 0.674074074074074 0.049479166666666664 0.15925925925925927
2 0.34713541666666664 0.5375 0.033854166666666664 0.03425925925925926
2 0.31744791666666666 0.5337962962962963 0.028645833333333332 0.028703703703703703
0 0.49505208333333334 0.611574074074074 0.07135416666666666 0.21388888888888888
0 0.9450520833333333 0.5810185185185185 0.015104166666666667 0.0824074074074074
0 0.9755208333333333 0.5814814814814815 0.017708333333333333 0.08148148148148149
0 0.41510416666666666 0.5902777777777778 0.023958333333333335 0.1175925925925926
0 0.3921875 0.5939814814814814 0.0375 0.13425925925925927
0 0.6182291666666667 0.5814814814814815 0.029166666666666667 0.08888888888888889
