2 0.8 0.6240740740740741 0.07604166666666666 0.07592592592592592
2 0.40234375 0.6157407407407407 0.06614583333333333 0.09074074074074075
3 0.4791666666666667 0.7481481481481481 0.08541666666666667 0.1648148148148148
2 0.5776041666666667 0.6046296296296296 0.03333333333333333 0.046296296296296294
2 0.04895833333333333 0.7462962962962963 0.09791666666666667 0.14444444444444443
2 0.48671875 0.6129629629629629 0.05260416666666667 0.09259259259259259
3 0.6388020833333333 0.6416666666666667 0.019270833333333334 0.05740740740740741
2 0.5796875 0.6083333333333333 0.040625 0.05555555555555555
0 0.4708333333333333 0.6796296296296296 0.06041666666666667 0.19444444444444445
0 0.5440104166666667 0.6166666666666667 0.016145833333333335 0.05740740740740741
0 0.8627604166666667 0.6171296296296296 0.0171875 0.08611111111111111
0 0.8578125 0.611574074074074 0.014583333333333334 0.0787037037037037
