3 0.07291666666666667 0.7162037037037037 0.14583333333333334 0.23055555555555557
3 0.39869791666666665 0.6458333333333334 0.050520833333333334 0.11203703703703703
3 0.3098958333333333 0.6203703703703703 0.05520833333333333 0.09074074074074075
2 0.5682291666666667 0.5902777777777778 0.05 0.0787037037037037
3 0.9421875 0.7379629629629629 0.11354166666666667 0.18703703703703703
2 0.79140625 0.6078703703703704 0.07864583333333333 0.07314814814814814
2 0.51796875 0.5740740740740741 0.0296875 0.044444444444444446
0 0.0734375 0.6287037037037037 0.059375 0.2740740740740741
0 0.9236979166666667 0.6625 0.0828125 0.2490740740740741
0 0.3984375 0.6013888888888889 0.04479166666666667 0.14351851851851852
0 0.3138020833333333 0.5828703703703704 0.0234375 0.09537037037037037
0 0.3098958333333333 0.5856481481481481 0.03333333333333333 0.10462962962962963
0 0.8299479166666667 0.6055555555555555 0.016145833333333335 0.07037037037037037
0 0.6752604166666667 0.5944444444444444 0.018229166666666668 0.06851851851851852
0 0.9591145833333333 0.6759259259259259 0.06927083333333334 0.2759259259259259
0 0.9450520833333333 0.6754629629629629 0.0796875 0.275
