2 0.78203125 0.611574074074074 0.08072916666666667 0.07314814814814814
3 0.6856770833333333 0.662962962962963 0.028645833333333332 0.08333333333333333
3 0.5098958333333333 0.6939814814814815 0.065625 0.1287037037037037
2 0.43515625 0.6319444444444444 0.1296875 0.1712962962962963
2 0.30364583333333334 0.5592592592592592 0.029166666666666667 0.03148148148148148
2 0.39739583333333334 0.5689814814814815 0.023958333333333335 0.030555555555555555
0 0.6817708333333333 0.6203703703703703 0.035416666666666666 0.1425925925925926
0 0.8557291666666667 0.5972222222222222 0.014583333333333334 0.06666666666666667
0 0.5075520833333333 0.6708333333333333 0.06302083333333333 0.15648148148148147
0 0.6197916666666666 0.5875 0.013541666666666667 0.04722222222222222
0 0.8208333333333333 0.5972222222222222 0.016666666666666666 0.07037037037037037
0 0.5002604166666667 0.6592592592592592 0.0484375 0.1537037037037037
