2 0.6015625 0.5726851851851852 0.0625 0.08981481481481482
3 0.23697916666666666 0.6925925925925925 0.14791666666666667 0.2462962962962963
3 0.12135416666666667 0.6199074074074075 0.0875 0.12129629629629629
2 0.8018229166666667 0.5736111111111111 0.07760416666666667 0.0712962962962963
2 0.36223958333333334 0.5717592592592593 0.09635416666666667 0.09722222222222222
3 0.4388020833333333 0.6199074074074075 0.049479166666666664 0.12129629629629629
2 0.5018229166666667 0.5555555555555556 0.03802083333333333 0.06666666666666667
2 0.50234375 0.5657407407407408 0.034895833333333334 0.04814814814814815
3 0.65703125 0.6111111111111112 0.0234375 0.07592592592592592
3 0.0140625 0.6342592592592593 0.028125 0.17592592592592593
3 0.69296875 0.5921296296296297 0.0203125 0.05277777777777778
0 0.24244791666666668 0.6129629629629629 0.0828125 0.2574074074074074
0 0.2955729166666667 0.5703703703703704 0.03802083333333333 0.1259259259259259
0 0.12239583333333333 0.5745370370370371 0.034375 0.13425925925925927
0 0.6544270833333333 0.5967592592592592 0.0265625 0.09351851851851851
0 0.43802083333333336 0.5814814814814815 0.04583333333333333 0.14444444444444443
0 0.8932291666666666 0.5662037037037037 0.015625 0.0787037037037037
0 0.8807291666666667 0.5634259259259259 0.013541666666666667 0.0824074074074074
0 0.6921875 0.5791666666666667 0.022916666666666665 0.06944444444444445
0 0.11041666666666666 0.5777777777777777 0.058333333333333334 0.1425925925925926
0 0.45755208333333336 0.5773148148148148 0.0328125 0.11574074074074074
