2 0.08125 0.6166666666666667 0.1625 0.26481481481481484
3 0.2078125 0.6111111111111112 0.06145833333333333 0.1
2 0.6057291666666667 0.5680555555555555 0.057291666666666664 0.08055555555555556
2 0.8020833333333334 0.5745370370370371 0.078125 0.06944444444444445
3 0.39557291666666666 0.6597222222222222 0.0890625 0.1675925925925926
3 0.29661458333333335 0.6101851851851852 0.06302083333333333 0.10740740740740741
3 0.66640625 0.5944444444444444 0.0234375 0.07777777777777778
3 0.6911458333333333 0.5888888888888889 0.017708333333333333 0.04814814814814815
3 0.4934895833333333 0.6097222222222223 0.03802083333333333 0.09537037037037037
0 0.20729166666666668 0.575 0.03854166666666667 0.13148148148148148
0 0.3958333333333333 0.5925925925925926 0.06875 0.1925925925925926
0 0.49375 0.5745370370370371 0.04479166666666667 0.12685185185185185
0 0.4869791666666667 0.5717592592592593 0.040625 0.11944444444444445
0 0.8802083333333334 0.5652777777777778 0.015625 0.08055555555555556
0 0.89375 0.5699074074074074 0.017708333333333333 0.075
