2 0.8041666666666667 0.600462962962963 0.08020833333333334 0.07314814814814814
2 0.37005208333333334 0.6 0.12864583333333332 0.1648148148148148
3 0.06796875 0.799537037037037 0.1359375 0.28055555555555556
1 0.50859375 0.737037037037037 0.07239583333333334 0.19074074074074074
1 0.2947916666666667 0.6560185185185186 0.08020833333333334 0.11944444444444445
0 0.0359375 0.6953703703703704 0.071875 0.412962962962963
0 0.50703125 0.649074074074074 0.07864583333333333 0.25
0 0.29609375 0.612037037037037 0.0421875 0.16296296296296298
0 0.978125 0.6032407407407407 0.019791666666666666 0.09166666666666666
0 0.9505208333333334 0.600462962962963 0.01875 0.10092592592592593
