2 0.7833333333333333 0.6643518518518519 0.07604166666666666 0.07314814814814814
3 0.6591145833333333 0.700462962962963 0.034895833333333334 0.10277777777777777
2 0.4765625 0.6143518518518518 0.040625 0.05462962962962963
7 0.35833333333333334 0.6263888888888889 0.13541666666666666 0.15462962962962962
3 0.5364583333333334 0.6694444444444444 0.034375 0.08148148148148149
3 0.27109375 0.6402777777777777 0.044270833333333336 0.09166666666666666
3 0.2794270833333333 0.637962962962963 0.0609375 0.10185185185185185
0 0.8265625 0.6550925925925926 0.020833333333333332 0.0824074074074074
0 0.26875 0.6203703703703703 0.034375 0.12407407407407407
0 0.6559895833333333 0.6611111111111111 0.0421875 0.1259259259259259
0 0.5401041666666667 0.6587962962962963 0.027083333333333334 0.09722222222222222
