3 0.27239583333333334 0.7351851851851852 0.15416666666666667 0.26481481481481484
2 0.803125 0.5958333333333333 0.078125 0.06944444444444445
3 0.1328125 0.6689814814814815 0.12604166666666666 0.16574074074074074
3 0.5856770833333333 0.6851851851851852 0.049479166666666664 0.14814814814814814
2 0.503125 0.5662037037037037 0.046875 0.058333333333333334
2 0.5104166666666666 0.5652777777777778 0.034375 0.05277777777777778
1 0.5848958333333333 0.6888888888888889 0.046875 0.14074074074074075
2 0.4119791666666667 0.5925925925925926 0.121875 0.15
2 0.3190104166666667 0.5532407407407407 0.04010416666666667 0.03796296296296296
2 0.4276041666666667 0.5879629629629629 0.090625 0.13703703703703704
3 0.65703125 0.6055555555555555 0.0390625 0.06666666666666667
0 0.5809895833333333 0.6324074074074074 0.05572916666666667 0.19074074074074074
0 0.14296875 0.6199074074074075 0.0421875 0.19537037037037036
0 0.2872395833333333 0.6523148148148148 0.07239583333333334 0.28425925925925927
0 0.17578125 0.6018518518518519 0.0296875 0.15925925925925927
0 0.9755208333333333 0.600462962962963 0.017708333333333333 0.09166666666666666
0 0.3958333333333333 0.6037037037037037 0.0375 0.14629629629629629
0 0.13671875 0.625 0.0578125 0.20185185185185187
0 0.38229166666666664 0.6023148148148149 0.065625 0.14722222222222223
0 0.9559895833333333 0.5930555555555556 0.0140625 0.09722222222222222
