3 0.178125 0.7 0.12395833333333334 0.16111111111111112
3 0.05026041666666667 0.6462962962962963 0.10052083333333334 0.13148148148148148
2 0.5583333333333333 0.5967592592592592 0.06145833333333333 0.09166666666666666
2 0.7864583333333334 0.6083333333333333 0.07708333333333334 0.07222222222222222
3 0.62734375 0.6226851851851852 0.0203125 0.04537037037037037
3 0.9567708333333333 0.7481481481481481 0.08541666666666667 0.14629629629629629
2 0.3065104166666667 0.5574074074074075 0.0296875 0.02962962962962963
2 0.40546875 0.5666666666666667 0.03177083333333333 0.03148148148148148
0 0.17838541666666666 0.6263888888888889 0.08385416666666666 0.23796296296296296
0 0.9546875 0.663425925925926 0.07604166666666666 0.23796296296296296
0 0.053125 0.5990740740740741 0.034375 0.15
0 0.98203125 0.674537037037037 0.034895833333333334 0.2175925925925926
0 0.03958333333333333 0.6050925925925926 0.06041666666666667 0.1638888888888889
