2 0.13020833333333334 0.687037037037037 0.2604166666666667 0.35
2 0.27395833333333336 0.5981481481481481 0.17395833333333333 0.17962962962962964
2 0.7994791666666666 0.5745370370370371 0.078125 0.0712962962962963
2 0.43802083333333336 0.5388888888888889 0.034375 0.05
3 0.59453125 0.6231481481481481 0.043229166666666666 0.12037037037037036
3 0.47890625 0.6111111111111112 0.028645833333333332 0.06666666666666667
0 0.5958333333333333 0.5800925925925926 0.04791666666666667 0.14907407407407408
0 0.47682291666666665 0.575462962962963 0.0296875 0.12314814814814815
0 0.6018229166666667 0.5703703703703704 0.0421875 0.12962962962962962
0 0.9713541666666666 0.5745370370370371 0.01875 0.08425925925925926
0 0.9416666666666667 0.5740740740740741 0.014583333333333334 0.07777777777777778
0 0.51640625 0.5601851851851852 0.022395833333333334 0.08518518518518518
0 0.4765625 0.5439814814814815 0.025 0.06018518518518518
0 0.546875 0.5430555555555555 0.017708333333333333 0.06759259259259259
