3 0.04869791666666667 0.7398148148148148 0.09739583333333333 0.1962962962962963
2 0.8018229166666667 0.5888888888888889 0.07760416666666667 0.07222222222222222
3 0.58359375 0.6365740740740741 0.0359375 0.09537037037037037
2 0.31953125 0.5916666666666667 0.1203125 0.12407407407407407
2 0.4153645833333333 0.5949074074074074 0.11822916666666666 0.13240740740740742
5 0.5393229166666667 0.5375 0.0796875 0.11574074074074074
7 0.5385416666666667 0.5388888888888889 0.07708333333333334 0.11481481481481481
3 0.5049479166666667 0.5949074074074074 0.018229166666666668 0.06018518518518518
0 0.019791666666666666 0.6550925925925926 0.03958333333333333 0.2861111111111111
0 0.8658854166666666 0.5791666666666667 0.0171875 0.07685185185185185
0 0.5786458333333333 0.587037037037037 0.027083333333333334 0.0962962962962963
0 0.8919270833333334 0.5814814814814815 0.0140625 0.07222222222222222
