2 0.7856770833333333 0.6532407407407408 0.07552083333333333 0.07314814814814814
3 0.42239583333333336 0.7027777777777777 0.06666666666666667 0.12222222222222222
3 0.5755208333333334 0.7393518518518518 0.06041666666666667 0.1675925925925926
2 0.48385416666666664 0.6194444444444445 0.04479166666666667 0.06296296296296296
7 0.22682291666666668 0.6481481481481481 0.20260416666666667 0.2037037037037037
3 0.036458333333333336 0.6837962962962963 0.07291666666666667 0.11574074074074074
3 0.33880208333333334 0.6583333333333333 0.04114583333333333 0.0962962962962963
0 0.6450520833333333 0.6425925925925926 0.018229166666666668 0.07962962962962963
0 0.4265625 0.6504629629629629 0.04791666666666667 0.16203703703703703
0 0.02265625 0.6402777777777777 0.044270833333333336 0.15462962962962962
0 0.5700520833333333 0.6768518518518518 0.07135416666666666 0.18518518518518517
0 0.84609375 0.6458333333333334 0.013020833333333334 0.06018518518518518
0 0.8283854166666667 0.6462962962962963 0.015104166666666667 0.06481481481481481
