3 0.16666666666666666 0.6944444444444444 0.12395833333333334 0.19074074074074074
2 0.06432291666666666 0.6180555555555556 0.12864583333333332 0.20092592592592592
2 0.42526041666666664 0.5935185185185186 0.0828125 0.12222222222222222
3 0.9234375 0.749537037037037 0.0875 0.1675925925925926
3 0.5463541666666667 0.6314814814814815 0.029166666666666667 0.09074074074074075
2 0.7533854166666667 0.5953703703703703 0.033854166666666664 0.05740740740740741
3 0.91640625 0.7560185185185185 0.06197916666666667 0.15462962962962962
2 0.775 0.5972222222222222 0.07395833333333333 0.06481481481481481
2 0.3533854166666667 0.5606481481481481 0.034895833333333334 0.03611111111111111
2 0.36796875 0.5611111111111111 0.028645833333333332 0.03518518518518519
2 0.32369791666666664 0.5574074074074075 0.024479166666666666 0.025925925925925925
2 0.34921875 0.5606481481481481 0.0265625 0.032407407407407406
0 0.9221354166666667 0.6773148148148148 0.0921875 0.27870370370370373
0 0.16927083333333334 0.6314814814814815 0.04791666666666667 0.22777777777777777
0 0.5427083333333333 0.5925925925925926 0.028125 0.0962962962962963
0 0.8671875 0.5981481481481481 0.017708333333333333 0.07037037037037037
0 0.5424479166666667 0.5805555555555556 0.024479166666666666 0.08148148148148149
0 0.5614583333333333 0.5875 0.021875 0.08425925925925926
0 0.5440104166666667 0.612037037037037 0.030729166666666665 0.11481481481481481
0 0.15625 0.6314814814814815 0.07395833333333333 0.22777777777777777
