2 0.21067708333333332 0.6074074074074074 0.2359375 0.2
2 0.7997395833333333 0.5763888888888888 0.0796875 0.0712962962962963
2 0.071875 0.7037037037037037 0.14375 0.37222222222222223
3 0.5763020833333333 0.638425925925926 0.049479166666666664 0.1175925925925926
3 0.4622395833333333 0.6189814814814815 0.033854166666666664 0.0824074074074074
3 0.62890625 0.5828703703703704 0.027604166666666666 0.06388888888888888
2 0.49140625 0.5430555555555555 0.033854166666666664 0.06388888888888888
2 0.4361979166666667 0.5449074074074074 0.028645833333333332 0.03981481481481482
2 0.3533854166666667 0.5333333333333333 0.03177083333333333 0.03518518518518519
0 0.459375 0.5814814814814815 0.034375 0.1259259259259259
0 0.5763020833333333 0.5898148148148148 0.05260416666666667 0.16296296296296298
0 0.5072916666666667 0.5773148148148148 0.019791666666666666 0.075
0 0.46197916666666666 0.5958333333333333 0.035416666666666666 0.1175925925925926
0 0.9721354166666667 0.5745370370370371 0.019270833333333334 0.07685185185185185
0 0.94296875 0.5740740740740741 0.0140625 0.07777777777777778
