2 0.8135416666666667 0.6055555555555555 0.07291666666666667 0.07777777777777778
2 0.075 0.6296296296296297 0.15 0.2722222222222222
3 0.34713541666666664 0.6319444444444444 0.0546875 0.10092592592592593
2 0.24479166666666666 0.5972222222222222 0.16875 0.1648148148148148
2 0.44557291666666665 0.5810185185185185 0.03802083333333333 0.05462962962962963
3 0.5158854166666667 0.6143518518518518 0.0296875 0.06944444444444445
2 0.44036458333333334 0.5837962962962963 0.0484375 0.06018518518518518
2 0.47317708333333336 0.5712962962962963 0.0265625 0.04259259259259259
3 0.6169270833333333 0.6620370370370371 0.04114583333333333 0.12222222222222222
3 0.61875 0.6773148148148148 0.028125 0.08981481481481482
0 0.34609375 0.6101851851851852 0.0515625 0.12962962962962962
0 0.98359375 0.6129629629629629 0.0140625 0.08888888888888889
0 0.9578125 0.6101851851851852 0.017708333333333333 0.08703703703703704
0 0.9794270833333333 0.612037037037037 0.015104166666666667 0.08703703703703704
