3 0.15911458333333334 0.7226851851851852 0.12239583333333333 0.18796296296296297
2 0.80078125 0.6370370370370371 0.0765625 0.07222222222222222
2 0.41119791666666666 0.624537037037037 0.06197916666666667 0.08611111111111111
2 0.47994791666666664 0.6287037037037037 0.05260416666666667 0.09444444444444444
3 0.53359375 0.7388888888888889 0.06510416666666667 0.14444444444444443
2 0.5747395833333333 0.6157407407407407 0.0359375 0.05
2 0.3458333333333333 0.6027777777777777 0.03125 0.03518518518518519
2 0.35182291666666665 0.6037037037037037 0.0390625 0.03518518518518519
3 0.5276041666666667 0.7152777777777778 0.07604166666666666 0.14907407407407408
2 0.3658854166666667 0.6032407407407407 0.022395833333333334 0.032407407407407406
2 0.45729166666666665 0.6055555555555555 0.028125 0.05
0 0.525 0.6824074074074075 0.058333333333333334 0.18888888888888888
0 0.159375 0.675 0.041666666666666664 0.2
0 0.8786458333333333 0.6268518518518519 0.0125 0.07037037037037037
0 0.15234375 0.6754629629629629 0.058854166666666666 0.1935185185185185
0 0.6411458333333333 0.6476851851851851 0.019791666666666666 0.05648148148148148
