2 0.5963541666666666 0.575 0.06666666666666667 0.09259259259259259
2 0.80234375 0.5736111111111111 0.07760416666666667 0.0712962962962963
3 0.07265625 0.7157407407407408 0.1453125 0.2740740740740741
2 0.3328125 0.5740740740740741 0.08333333333333333 0.10555555555555556
2 0.49505208333333334 0.5555555555555556 0.04739583333333333 0.07222222222222222
3 0.23515625 0.611574074074074 0.06510416666666667 0.10092592592592593
3 0.14817708333333332 0.6300925925925925 0.08489583333333334 0.11203703703703703
3 0.38619791666666664 0.6412037037037037 0.08072916666666667 0.13425925925925927
3 0.46901041666666665 0.5810185185185185 0.028645833333333332 0.0787037037037037
3 0.64296875 0.6240740740740741 0.027604166666666666 0.08333333333333333
0 0.04895833333333333 0.6162037037037037 0.09791666666666667 0.30277777777777776
0 0.23515625 0.5736111111111111 0.0484375 0.14166666666666666
0 0.37734375 0.5935185185185186 0.050520833333333334 0.18333333333333332
0 0.140625 0.5875 0.052083333333333336 0.15648148148148147
0 0.69140625 0.587037037037037 0.024479166666666666 0.06666666666666667
0 0.8916666666666667 0.5675925925925925 0.017708333333333333 0.07962962962962963
0 0.04895833333333333 0.5601851851851852 0.09791666666666667 0.19074074074074074
0 0.690625 0.575925925925926 0.025 0.08148148148148149
0 0.63984375 0.6018518518518519 0.0328125 0.10925925925925926
